"R0000100","R0173600","R0190310","R0214700","R0214800","R0217900","R0406010","R0618200","R0618300","R0618301","R0618410","R0898600","R1144500","R1519700","R1890400","R2257500","R2444700","R2870200","R3074000","R3400700","R3656100","R4006600","R4417700","R5080700","R5166000","R6478700","R7006500","R7703700","R8496100","T0987800","T2210000","T3107800","T4112300","T5022600","T5770800","T8218700"
1,5,30000,3,2,30000,-5,-4,-4,-4,-3,-5,-5,-5,-5,-5,-5,-5,-5,-5,-5,-5,-5,-5,-5,-5,-5,-5,-5,-5,-5,-5,-5,-5,-5,-5
2,5,20000,3,2,20000,15000,12,9,6841,20000,25000,35000,31500,35000,40000,16000,20000,19000,20100,20000,-2,65000,-2,-2,51000,45000,50450,55000,17500,7000,16800,43000,35400,-2,43000
3,5,22390,3,2,22390,7000,51,46,49444,-5,17000,9789,9750,19300,30000,21500,31000,16443,28656,24200,12000,-2,23000,85000,43700,64000,-2,-5,40000,-2,-5,93000,90000,79000,130000
4,5,22390,3,2,22390,-5,62,48,55761,14000,12119,2068,6064,5448,10290,-2,21320,22110,6992,-5,30575,33000,-5,-1,53000,-5,-5,-5,-5,-5,-5,-5,-5,144600,118300
5,1,36000,3,1,36000,45000,90,99,96772,40000,50000,50000,-2,-5,76050,-5,78300,52200,-5,-5,-5,-5,-5,-5,-5,-5,-5,-5,-5,-5,-5,-5,-5,-5,-5
6,1,35000,3,1,35000,42500,99,99,99393,35200,46600,48353,51010,12825,16100,18000,20000,22050,48000,61000,59100,58000,53805,64000,-5,82000,92525,82500,78000,141050,116495,157000,182000,169010,132450
7,1,8502,3,1,8502,35420,33,35,47412,19200,-2,9525,7500,9000,9100,12060,13200,14000,25090,24750,19000,-2,-2,43650,26840,25400,27750,-2,19000,32600,29352,-5,-5,-5,-5
8,6,-4,3,2,7227,11876,43,42,44022,23706,25700,27761,22005,-2,-2,29000,-2,29276,24200,26480,22500,18000,22747,27500,-2,-2,36700,39200,36000,-2,45319,41200,47000,47000,51313
9,1,17000,3,1,17000,20000,55,51,59683,28240,25000,31800,35000,37000,32000,40100,37000,43000,58000,50000,-3,25980,36760,67000,55000,57000,75000,70000,89000,80000,102000,150000,160000,200000,-5
10,6,3548,3,2,3548,-3,27,21,30039,12000,25000,21300,13000,18000,-5,-5,30000,-5,-2,47600,81000,25650,53000,-5,-5,-5,-5,-5,-5,-5,-5,-5,-5,-5,-5
11,1,12000,3,1,12000,-5,71,81,85347,15000,17500,24000,-2,30000,-5,-5,-5,47000,71000,62000,55000,61500,81000,61000,25000,55000,27306,-2,-5,-5,-5,-5,-5,-5,-5
12,5,25000,3,2,25000,49000,94,89,89641,75000,75000,42140,43682,50590,-5,-5,-5,-5,-5,-5,-5,85800,90350,-5,-5,-5,-5,-5,-5,-5,-5,-5,-5,-5,-5
13,1,20000,3,1,20000,-3,78,85,72313,13000,38500,-2,17000,21069,41400,2224,23940,50625,65000,56500,43000,47400,57000,64160,56100,-2,-2,-2,48000,-5,-5,-5,-5,-5,-5
14,5,-2,3,2,-2,-3,88,92,98798,13000,28000,22000,36000,40000,35000,17588,-2,-2,67560,61300,69000,78000,63556,49100,30200,60000,76600,104000,220000,109750,106000,103000,77440,72500,-5
15,1,22000,3,1,22000,28000,83,69,82260,31000,22500,49000,52000,52000,52000,64000,15600,21300,87075,68051,839078,58100,70200,91500,92300,75000,181000,200100,230550,241000,440692,497763,595986,922631,766958
16,5,48000,3,2,48000,11000,63,57,50283,45000,65000,75001,75000,75000,23500,30700,-2,47676,72750,70580,75500,72200,69000,83500,90350,81200,86400,134636,132000,66000,119000,90000,94000,107300,90000
17,1,15000,3,1,15000,18000,84,88,89669,20000,21000,21500,25000,27000,16000,25000,29000,27050,-1,27512,20400,12000,23573,24505,25900,-2,105000,105210,83000,94600,89000,60000,68000,73000,69000
18,1,-4,3,1,4510,14000,99,98,95977,13170,26010,-2,33030,39050,39560,28000,65000,73100,146942,159805,839078,160097,189918,82400,81000,120100,160000,80200,120000,101000,60000,150000,151000,120050,150000
19,5,-4,3,2,9000,19000,-4,-4,-4,25000,-2,-5,-2,40000,-2,6000,17000,2382,7236,8676,426,1560,6766,-5,0,-5,-5,-5,-1,-5,-1,-5,-5,-5,-5
20,5,50000,3,2,50000,30000,54,63,67021,38000,55000,75001,23360,20275,24400,27450,62500,68000,68600,58500,70600,77410,82020,80400,84400,96400,91000,124600,126000,144600,-5,190500,195000,213000,-5
21,5,40000,3,2,40000,50000,94,94,88416,65000,70000,18505,67910,70000,100001,18505,21750,28010,30000,32000,-2,59650,72500,83026,95500,-2,175460,170025,250000,-2,440692,497763,595986,230000,244200
22,5,18000,3,2,18000,2100,84,84,89167,25300,26000,20000,24000,30000,27340,10200,32000,81750,54600,33600,33660,36020,39700,-2,59400,58800,85000,47971,80600,96000,133250,40250,35700,45200,-5
23,1,44000,3,1,44000,50000,94,91,83214,75000,75001,75001,-5,-5,-5,-5,-5,-5,-5,-2,-2,-5,-5,-5,-5,-5,-5,-5,-5,-5,-5,-5,-5,-5,-5
24,1,44000,3,1,44000,50000,66,61,66029,60000,67000,75000,-5,100000,21115,32000,40000,70000,49200,-5,53735,63200,35000,-1,34000,-5,-5,-5,-5,-5,-5,-5,-5,-5,-5
25,5,-2,3,2,-2,4052,60,57,51390,9500,11000,11000,11000,13015,16900,19500,61000,62550,65100,62000,48400,83000,94000,98000,145000,332808,390662,408473,479983,213000,440692,185000,146000,172000,198000
26,1,30000,3,1,30000,30000,96,96,97075,24000,28000,45000,11952,10505,9300,4800,22042,27000,22000,24000,26000,35820,-5,-5,-5,-5,-5,-5,-5,-5,95000,105000,-5,-5,-5
27,5,20000,3,2,20000,3684,85,97,96674,7300,-2,44000,45000,44480,36200,36213,39902,46708,58214,57507,63023,72931,69971,84252,146829,146126,390662,408473,479983,265874,87000,497763,143502,922631,766958
28,5,20000,3,2,20000,19000,93,93,92784,22000,-2,44000,8610,12504,32147,36550,50865,21534,26057,23000,13000,25000,20000,16000,14000,24000,-5,-5,-5,-5,17721,-5,-5,-5,-5
29,5,24200,3,2,24200,-3,18,13,25905,32000,33000,35350,37999,30500,34250,41210,-2,29620,53500,50400,-3,-2,-2,-2,50000,74000,175000,110500,130000,144500,113000,53410,-2,36604,-3
30,5,24200,3,2,24200,27000,14,9,8528,32000,11500,-5,-2,10207,-2,16300,-3,1800,17006,21000,40000,23192,24800,24800,30680,35000,35000,36000,113797,48000,-2,34084,21882,0,24000
31,4,5088,1,1,5088,2880,-4,-4,-4,-3,-2,8160,10200,-2,24600,29000,13065,-2,24000,24000,31000,38000,37000,-5,37000,26000,36000,36000,40000,76000,37641,74000,51000,68000,40000
32,8,22500,1,2,22500,-5,-4,-4,-4,-3,11000,30000,30000,32000,8200,8000,23000,-2,-5,-5,-3,63010,30000,31000,-5,-5,-5,-1,89000,-5,440692,-5,-5,-5,-5
33,4,23500,1,1,23500,-5,-4,-4,-5,-5,-5,-5,-5,-5,-5,-5,-5,-5,-5,34000,-1,-2,-2,-2,-5,-5,-5,-5,12244,6684,84816,0,9972,4176,10160
34,1,21000,3,1,21000,15000,15,13,6069,17000,14400,40000,-2,-2,20000,46000,45000,54478,22000,62200,63050,43000,-2,73000,54000,83000,66000,96150,479983,45600,30000,53000,-2,24000,25400
35,5,18000,3,2,18000,15000,45,44,53046,17000,-2,-2,-2,-2,-2,-2,40200,-1,48150,48400,48000,-2,55030,-2,56050,-5,-5,-5,-5,-5,-5,-5,-5,-5,-5
36,1,21000,3,1,21000,27000,-4,-4,-4,-3,6496,13185,16557,22623,-5,43040,42100,82640,-2,43693,44000,44705,52550,42011,66000,38592,130000,149000,26200,30000,-2,66510,28000,65000,87000
37,5,37000,3,2,37000,-3,60,59,56290,50000,34100,41596,46300,43950,65700,79200,74400,96800,98200,99500,88000,160097,81500,75100,77600,98200,115500,124400,46000,128400,168000,124100,165300,180000,139762
38,5,37000,3,2,37000,-3,17,13,12788,50000,-2,-2,11936,-2,-2,13000,44000,46180,50300,55000,55442,66000,69490,67000,79000,67000,63500,92758,110000,127000,112500,128000,126000,165040,160000
39,1,22000,3,1,22000,-5,35,29,26851,4000,10000,12403,17000,7000,15000,27150,34040,38450,49000,48000,70000,58000,-1,54000,-2,69000,87000,-2,72000,-1,75000,94000,100000,88000,69000
40,2,5500,3,1,5500,-3,38,38,38419,-3,45000,-2,16200,18000,-2,47000,47200,24400,52750,57700,60400,-2,-2,80500,45000,86600,63850,108712,142500,153000,147693,158110,193220,194600,181000
41,2,5500,3,1,5500,13000,45,54,57095,12188,16000,39980,23000,26000,57000,20953,48300,30200,43000,75000,97000,-2,90000,101000,-5,143000,105000,73500,125000,103000,134000,136500,149000,177000,187000
42,1,21000,3,1,21000,25000,20,16,22326,32000,32000,35600,47500,66500,67000,69000,69500,5000,146942,36600,17000,32500,54619,91000,77000,85000,80200,93000,80000,101000,103000,159000,120000,121250,-5
43,6,-2,3,2,-2,601,9,13,15325,-3,16300,-2,-2,-2,-2,4000,-2,2714,8064,10232,-2,13284,8844,16080,17459,17448,2680,4239,0,5676,4800,8016,9252,26120,0
44,5,30000,3,2,30000,-3,42,37,37061,-3,30815,22000,25200,27000,28000,40000,60200,50250,48100,50200,48000,50500,-5,-1,-2,115000,120000,-2,-2,-2,179120,-2,245000,223680,317080
45,1,15000,3,1,15000,18000,43,49,50629,45000,11000,25200,-2,28000,22000,45000,66400,-2,80000,50128,93350,72400,-2,-5,-5,-5,-5,-5,-5,-5,-5,-5,-5,-5,-5
46,5,28000,3,2,28000,35000,58,63,78095,41000,-2,-2,-2,50000,-2,18030,27075,28200,-2,-2,88100,-2,-2,-1,90000,-2,-2,120100,132000,-2,-5,-5,-5,-5,-5
47,1,32388,3,1,32388,38000,78,77,75473,19300,-2,-2,42040,52000,67000,73000,33600,34500,40450,45000,35500,47250,43000,55000,76400,65000,58795,42000,66513,68000,68000,165000,185000,200660,218000
48,2,9000,3,1,9000,12080,36,32,24806,-5,19500,28000,-5,-5,-5,-5,-5,-2,-5,18792,34192,12911,26500,-5,-5,-5,-5,-5,-5,-5,-5,-5,-5,-5,-5
49,5,-4,3,2,23900,-3,81,66,71226,33100,36650,42100,37589,35200,40908,51500,49500,50900,52518,57200,55334,59868,57823,72443,84731,88924,95500,98500,98480,107100,115000,133115,84500,100506,157888
50,5,28000,3,2,28000,31000,87,79,78742,34000,-2,-2,28500,17022,19940,22100,59150,51900,41054,42160,64080,60700,47760,49000,54040,65520,56500,70000,0,100440,104500,119800,135000,140000,141150
51,1,28000,3,1,28000,-5,-4,-4,-5,-5,-5,-5,-5,-5,-5,-5,-5,-5,-5,-5,-5,-5,-5,-5,-5,-5,-5,-5,-5,-5,-5,-5,-5,-5,-5
52,1,-4,3,1,8000,20550,89,86,69080,27700,26850,22205,25125,28200,-5,-5,-5,-5,-5,-5,-5,-5,-5,-5,-5,-5,-5,-5,-5,-5,-5,497763,-2,255000,-5
53,4,15646,1,1,15646,16600,38,41,43641,15000,-2,-2,-2,10000,8250,930,-2,-2,7500,-1,-2,5796,1606,1526,5468,6456,6360,7008,6553,9749,13269,9960,9528,8730,9948
54,1,15000,3,1,15000,15000,-4,-4,-4,10000,25000,18000,18000,-2,38000,34000,25000,60000,40000,52000,-2,31000,-5,55000,20000,40000,42000,-5,-5,-5,40000,-5,44000,42000,52000
55,1,12000,3,1,12000,-5,-4,-4,-5,-5,-5,-5,-5,-5,-5,-5,-5,-5,-5,-5,-5,-5,-5,-5,-5,-5,-5,-5,-5,-5,-5,-5,-5,-5,-5
56,5,12000,3,2,12000,-3,44,56,76020,-3,-1,-5,-5,-5,-5,-5,-5,-5,-5,-5,-5,-5,-5,-5,-5,-5,-5,-5,-5,-5,-5,-5,-5,-5,-5
57,5,-4,3,2,23289,33125,38,38,30830,-3,-2,-2,-2,12450,15525,18080,27000,30000,31000,34600,32400,48000,-2,-2,-2,42520,1200,75560,67000,102000,61712,46833,39544,52000,36920
58,5,50000,3,2,50000,13389,96,87,91625,25700,-3,35700,40400,41700,41800,48800,59750,65750,62500,66600,71850,74902,79650,87300,100000,120000,-5,77000,101300,-2,154000,56312,163160,177532,195300
59,1,50000,3,1,50000,75001,96,97,98841,-3,-2,75001,-2,16176,33000,33880,24280,26000,-2,74200,-2,-2,-2,-2,-2,-2,-2,-2,-2,-2,-2,-2,-2,-2,-3
60,1,50000,3,1,50000,60000,68,75,82980,-3,-5,25000,75001,24020,27400,53000,78500,62200,60000,-1,85000,93000,189918,-2,115000,104000,-5,-5,-5,-5,-5,191000,-5,-5,-5
61,5,32000,3,2,32000,-3,99,99,99150,52300,-2,66050,44000,20427,37824,40620,40260,34238,38274,59500,61852,74400,79349,81862,94574,116000,151100,165500,153100,165000,122750,121515,140000,130000,160000
62,5,32000,3,2,32000,38000,30,31,36384,52300,-2,-2,44000,50000,40000,59000,66000,73000,20000,46000,47000,50000,51850,52500,57810,34060,51000,81009,55950,37400,46034,59000,58000,65000,65000
63,1,37000,3,1,37000,37000,95,91,87934,-3,40000,61802,47050,17050,22050,35100,-5,-5,-5,-5,-5,160097,-2,974100,244343,332808,390662,408473,208000,235000,440692,497763,595986,922631,333000
64,1,37000,3,1,37000,32000,79,88,92989,12007,45000,8200,13215,9520,60000,-5,-5,-5,-5,-5,-5,-5,-5,-5,-5,-5,-5,-5,-5,-5,-5,-5,-5,-5,-5
65,5,37000,3,2,37000,37000,72,71,75171,45000,-2,36300,45000,35000,50000,-5,-5,-5,-5,-5,-5,-5,-5,-5,-5,-5,-5,-5,-5,-5,-5,-5,-5,-5,-5
66,1,-1,3,1,-1,-3,14,18,22649,-3,40000,35000,-1,-2,50000,-2,-2,-1,-2,-5,-1,-1,-1,-1,-1,-5,-2,-1,25000,-1,-1,0,0,-1,-3
67,1,35000,3,1,35000,40000,99,99,93246,14825,26100,20200,13400,-5,-5,100001,100001,1057448,146942,89000,839078,160097,-1,-2,-5,-5,390662,-5,-2,454737,-2,-2,595986,922631,-3
68,5,40000,3,2,40000,45000,99,99,100000,52000,60000,7450,70000,12400,22400,28600,43400,50400,50400,50000,839078,160097,189918,974100,244343,332808,390662,408473,479983,-2,440692,497763,270000,-2,156000
69,1,40000,3,1,40000,45000,72,78,86703,40000,50000,60000,70000,75000,90000,-5,-5,-5,-5,-5,-5,62500,70400,72400,83400,70000,94300,139000,160200,165250,186150,205200,185075,163150,185200
70,1,-3,3,1,-3,-3,-4,-4,-4,70000,75000,70000,52300,-2,60000,86238,100001,31000,31200,29200,42000,27300,28000,52000,55000,-5,-2,-2,-5,-1,-2,40000,34000,42580,-3
71,1,-2,3,1,-2,-3,99,99,98077,-3,-2,-2,-2,-2,2200,-2,-2,-2,-2,-1,-2,-1,-5,102000,-2,-1,-5,-5,-5,-5,-1,-5,-1,-1,-5
72,5,-1,3,2,-1,-3,91,84,80538,3750,7800,7700,10800,13900,15600,20600,22100,23100,28600,30100,32200,33640,15000,13050,19800,36000,36000,37250,64000,41000,55720,42025,46050,44500,47725
73,1,25000,3,1,25000,-3,64,71,81527,75001,75001,-2,-2,60000,60000,-5,10550,28100,-5,-5,-5,40000,28000,11000,-5,140000,225000,121000,162000,150000,210500,-5,595986,922631,766958
74,5,-4,3,2,-2,3916,88,93,95536,45000,-1,15000,-2,6000,100001,15000,15000,-1,-1,-1,-1,-1,-1,-5,-5,-5,-5,-5,-5,-5,-5,-5,-5,-5,-5
75,5,-1,3,2,-1,-3,65,68,83379,45000,-2,44200,2650,2000,13500,21000,14000,27000,26000,29000,80110,75000,91500,78150,87250,80500,-1,105250,120000,130000,195000,185000,192000,220000,295500
76,1,-2,3,1,-2,-3,27,31,42780,45000,-1,-2,75001,3500,3700,14000,13500,16000,46000,26000,26000,24000,24000,24000,26000,70000,68000,70090,94000,130000,143000,160000,110000,200000,157000
77,5,-1,3,2,-1,75001,60,84,96835,-3,-1,-2,-2,-2,-2,100001,27000,54000,-2,45900,50000,-2,44400,49000,85000,96000,93000,88977,120000,170000,110000,155000,159000,160000,172000
78,5,32000,3,2,32000,40000,78,88,85347,-3,60000,75001,-2,-2,100001,100001,63718,60500,41800,58409,62050,52178,61073,61030,-2,80150,-5,83550,114615,-5,-5,-5,-5,-5,-5
79,1,35000,3,1,35000,40000,97,96,96084,60000,60000,75001,75001,70000,100001,100001,100001,1057448,91889,159805,839078,160097,189918,974100,142800,332808,390662,408473,-5,-5,-5,-5,-5,-5,-5
80,1,-1,3,1,-1,50000,60,70,78759,50000,-2,-2,-5,-2,-5,-5,-1,-1,7500,7500,8140,8580,16282,12194,14000,-2,10500,13000,14000,16000,32000,32500,23783,24000,29000
81,1,-1,3,1,-1,50000,21,21,29497,5000,-2,-2,-5,-2,0,1110,3400,7025,13000,15000,12000,7000,28000,16000,-2,-2,-5,40000,40200,-5,-5,-5,54025,123545,162000
82,3,-1,2,1,-1,-3,1,2,2168,-3,-5,-5,-5,-2,-2,-5,-2,0,0,0,-2,-1,-2,2300,-1,0,-5,-5,-5,0,-5,-5,-5,-5,-5
83,3,22426,2,1,22426,26000,4,4,2366,-3,-2,-2,-2,-2,-2,5000,-2,-2,6000,-2,-2,-2,-2,-2,-2,-2,7656,-2,-2,-1,-2,-2,-2,8796,35124
84,3,22426,2,1,22426,26000,13,12,21008,-3,-2,-2,-2,-2,-2,-2,0,-2,0,-2,-2,-2,-2,-2,0,0,12000,0,6500,0,2400,18000,2328,52328,17640
85,3,12475,2,1,12475,-3,1,1,2427,400,700,-2,1000,2000,-2,-5,-2,-2,1050,0,-3,-2,100,-5,0,-2,-2,-2,-2,5280,5600,4800,600,8484,15240
86,7,-4,2,2,1688,5020,1,3,7198,4308,4870,4956,4944,5208,5316,5544,5748,5976,6252,4578,2236,3160,-2,-2,10000,-2,-2,10500,14000,13000,-2,22000,24000,24000,-3
87,3,12475,2,1,12475,-3,2,3,12463,-3,380,0,-5,-2,-2,44000,-2,15000,18000,7000,12500,-2,-2,-2,18000,14000,14000,-2,17000,28000,26009,24000,0,15000,18480
88,3,-2,2,1,-2,-3,88,92,80798,-3,-2,-2,33380,18400,11000,28147,29440,23700,31000,25100,37000,-2,41500,50600,47400,52000,39000,35000,59000,70000,74095,62296,70000,35000,36000
89,7,29000,2,2,29000,28000,84,80,84980,39000,2500,9000,12500,16200,17500,22000,24500,27500,31000,62000,64050,67500,-2,-2,76000,88000,-2,98000,124000,116000,-5,-5,-5,147000,157000
90,1,-2,3,1,-2,-3,74,89,80298,9550,-3,71400,17600,19812,93000,29650,64000,69200,75200,86000,95300,96400,82000,66000,76000,100000,106500,142000,58000,168000,178000,173000,184400,227000,220000
91,5,-2,3,2,-2,-3,19,15,22823,-3,-2,-2,-2,-2,21900,24000,-2,44000,49000,57200,57000,43160,42000,56000,63000,-5,88000,83000,71000,75000,65000,67000,90000,95000,83000
92,5,-1,3,2,-1,-3,33,37,44375,-3,35000,1240,1623,4299,21499,24166,27570,24900,31500,30562,25790,63200,18605,25060,27000,20880,25240,27200,37000,30050,30500,36384,41000,42500,57000
93,1,8000,3,1,8000,13000,15,18,28438,22000,16300,22700,5829,10000,8200,25000,26000,26002,34000,33900,33900,35000,34050,42000,47000,50000,73000,79000,80365,96000,85000,87000,53515,62000,135000
94,1,24000,3,1,24000,-3,-4,-4,-4,31000,-2,-2,67000,100001,40400,29500,-5,-2,34025,37000,36000,-1,39600,42200,-5,63500,70000,-1,-1,-1,-2,45320,-1,-2,-3
95,5,24000,3,2,24000,-3,27,26,34573,-3,-2,8800,-2,-2,42300,32000,36400,-2,-2,46000,47000,66050,-2,-2,-2,74000,34100,36000,38000,44000,46000,50000,52000,32000,40000
96,6,-4,3,2,3000,7000,36,32,36772,6550,250,2360,5300,9600,14000,15000,17310,20040,18050,22000,23106,23000,23000,23026,35050,38000,28000,38000,22500,46500,-2,52000,-2,102200,112000
97,5,-4,3,2,8000,5810,60,65,59411,10000,3484,17691,-2,18003,41184,39143,45350,50450,62400,59500,60400,67340,69500,74600,79300,76400,84000,96952,103200,111000,111600,65008,97000,105000,222605
98,6,-4,3,2,6618,5099,72,71,69552,-3,5180,9130,10540,15500,17935,14680,12300,11384,8536,11000,8357,8420,9072,16488,14804,15912,74796,17400,5640,7560,18240,16440,14160,16860,-3
99,5,22500,3,2,22500,-3,-4,-4,-5,-5,29000,-5,-5,-2,46900,-2,31000,42000,36200,37500,37000,43500,45500,1100,38396,42100,5000,10400,12000,11000,36548,41000,38000,44500,36000
100,5,5904,3,2,5904,-3,35,29,40421,-3,20000,11000,-5,0,8259,6204,7148,14760,18500,61600,23480,50000,36000,37765,15120,49240,55240,60260,67672,67772,89936,81000,96000,104000,106010
101,1,15000,3,1,15000,-3,74,93,87368,24000,-2,36600,27800,32500,-2,43500,44580,46500,46152,49000,52000,55500,57000,57000,69500,-5,-5,108000,-5,-5,121000,-5,-5,-5,-5
102,5,15000,3,2,15000,-3,40,50,56649,24000,-2,-2,-2,20000,-2,25200,37000,-2,37000,20000,45000,57000,-1,-1,-1,-5,-2,-1,-1,-1,-1,-1,-1,-1,-3
103,1,16400,3,1,16400,30000,65,84,76421,20000,46000,-2,28320,34000,35000,58000,29300,30300,32300,61000,74200,46152,47300,99000,113080,332808,160000,64000,83000,88000,71000,125800,90800,123747,94857
104,5,-1,3,2,-1,20050,41,50,48175,36000,50000,46169,16560,-5,-5,-5,-5,-5,-5,-5,-5,38500,-2,45200,53000,51000,-5,-5,-5,-5,-5,-5,-5,-5,-5
105,6,28000,3,2,28000,30000,93,85,81787,15200,15000,14503,17315,-2,66115,59561,19800,20855,21408,26300,54230,49220,52200,-2,14104,26800,-5,32997,49500,46600,57500,70000,-5,-5,-5
106,1,11000,3,1,11000,11000,98,94,87651,30000,12000,24427,21800,35000,60000,38600,28500,32000,35700,38000,40000,37000,53000,86500,101000,121000,131000,101400,115000,-2,112000,136000,130000,140600,141600
107,1,25000,3,1,25000,-3,67,58,65347,50000,25000,38000,37000,41000,42000,42050,25200,26020,22930,49500,50910,49010,54030,77030,87000,96540,101200,44020,45400,73200,82200,89200,103000,126000,130000
108,1,25000,3,1,25000,-3,99,93,96818,50000,25000,38000,37000,41000,50000,55000,47500,40000,51000,49437,50000,56000,42200,38700,57930,90000,150500,125000,125000,130000,115000,120100,133500,195000,135000
109,5,18000,3,2,18000,18000,46,50,57445,25000,37000,41000,16345,30000,43000,38840,60545,45050,-2,29575,32150,35945,36130,40420,-5,-5,-5,-5,-5,-5,-5,-5,-5,-5,-5
110,1,-2,3,1,-2,-3,75,75,64697,16600,20582,25000,44157,39040,-2,25500,40200,40000,42500,47500,48700,51100,52200,56500,-2,70100,81740,81720,141000,103000,104992,130000,131000,146000,143000
111,5,-2,3,2,-2,-3,33,42,46195,31000,30160,25990,20300,-2,43200,24700,33400,42300,42600,52000,58625,-2,-2,66300,71000,92200,100109,102000,101000,115000,58000,140000,-2,220000,57000
112,5,-2,3,2,-2,-3,28,32,39529,16100,-2,18352,-2,29000,46001,34500,46213,59470,50500,21100,35358,63005,79600,76000,78000,-5,26000,-2,59901,-2,29200,75200,65200,-2,72408
113,1,-2,3,1,-2,30000,63,59,64537,28000,3474,32010,-2,9010,-2,-5,-5,-5,-5,-5,-5,-5,-5,-5,-5,-5,-5,-5,-5,-5,-5,-5,-5,-5,-5
114,1,-2,3,1,-2,15700,76,73,75984,22500,22200,15260,15750,25625,-5,22404,-5,-2,-2,-5,-5,-5,-5,-5,-5,-5,-5,-5,-5,-5,-5,-5,-5,-5,-5
115,5,52300,3,2,52300,50000,59,80,85492,48000,4578,830,4000,40000,-5,-5,-5,-5,-5,-5,-5,-5,-5,-5,-5,-5,-5,-5,-5,-5,-5,-5,20000,93000,-3
116,5,52300,3,2,52300,45000,50,55,62654,52200,-2,50000,65000,-5,-5,-5,-5,-5,-5,24000,-5,-5,-5,-5,-5,-5,-5,-5,-5,-5,-5,-5,-5,-5,-5
117,1,52300,3,1,52300,45000,92,97,98349,65000,70000,30331,36650,38700,46200,41000,41600,44750,43640,51300,56620,-2,62250,80900,-1,-2,76000,108100,142500,108500,-2,-2,120000,139200,157800
118,5,14000,3,2,14000,-3,31,30,29212,3500,8722,14217,7400,9666,45000,-5,-5,17000,39540,43072,38000,52900,56000,63500,73900,-5,-5,-5,-5,-5,-5,-5,-5,-5,-5
119,1,7400,3,1,7400,-3,27,35,27671,2900,5300,3800,8054,10520,-2,28000,26000,21200,20000,20000,9928,5000,5000,4500,20000,34000,40000,25000,12000,0,20000,22000,15000,20000,20000
120,1,60000,3,1,60000,15000,98,97,97847,4000,50000,45000,75001,80000,85000,40000,58200,60000,80000,62500,75200,160097,98000,110000,120000,-2,140100,250000,150000,200400,110000,153000,120000,100000,120000
121,5,60000,3,2,60000,15000,81,84,92618,4000,50000,45000,-2,-2,65000,7050,76050,1057448,146942,-2,30300,-2,1750,110180,28200,-2,-2,-2,-2,50035,-2,-2,92200,80000,-3
122,1,12000,3,1,12000,18000,63,56,52132,-3,25000,30100,42100,33600,28100,34500,70000,48680,59000,90000,839078,88000,-2,-2,71000,-5,135000,408473,130000,126500,105000,215000,225000,175000,400000
123,1,-2,3,1,-2,25000,90,89,92204,29000,-2,45000,41444,37800,-5,-2,42400,46400,49630,-5,-5,66400,71200,-5,-5,-5,-5,-5,-5,-5,-5,-5,-5,-5,-5
124,5,-2,3,2,-2,-3,29,36,40114,-3,-2,50000,-2,100000,9000,40000,5200,280,200,13302,46060,50100,54600,73000,80000,-2,120000,95050,1775,32000,35100,12250,0,0,256800
125,1,30000,3,1,30000,36000,25,33,32107,9000,10000,10000,7070,-1,15000,-5,-5,0,6000,12000,12000,15000,37500,-2,12000,15428,8724,-5,-5,-5,-5,-5,-5,-5,-5
126,1,30000,3,1,30000,-3,72,71,67259,20030,25000,28560,21300,38770,60700,45592,92000,92200,74000,75000,58400,77000,80500,42600,45225,75000,104850,-2,139900,126530,-2,-2,-2,119000,-3
127,1,15000,3,1,15000,15000,34,39,36287,20000,24440,-2,29449,24000,50000,-5,-5,-5,-5,-2,-2,-1,-2,-5,-5,-5,-5,-5,-5,-5,-5,-5,-5,-5,-5
128,5,-2,3,2,-2,35000,89,71,59846,21650,-2,32639,34600,38640,42100,47500,52000,54600,-2,62350,68642,74000,79000,-5,80747,100000,-2,-5,121000,128000,119364,-2,193000,198000,194800
129,1,45000,3,1,45000,38000,73,92,92817,35000,42000,40000,59000,66000,81000,31300,40200,40200,43500,44400,50200,53400,55500,58100,60100,68300,72300,75300,80000,95100,115100,94050,120100,135050,105100
130,6,-4,3,2,0,1219,-4,-4,-5,-5,-5,-5,-5,-5,-5,-5,-5,-5,-5,-5,-5,-5,-5,-5,-5,-5,-5,-5,-5,-5,-5,-5,-5,-5,-5
131,6,-4,3,2,0,-3,-4,-4,-5,-5,-5,-5,-5,-5,-5,-5,-5,-5,-5,-5,-5,-5,-5,-5,-5,-5,-5,-5,-5,-5,-5,-5,-5,-5,-5
132,6,-4,3,2,-3,-5,-4,-4,-5,-5,-5,-5,-5,-5,-5,-5,-5,-5,-5,-5,-5,-5,-5,-5,-5,-5,-5,-5,-5,-5,-5,-5,-5,-5,-5
133,5,25000,3,2,25000,18000,49,44,57983,35500,40000,30000,28000,49000,14000,26000,31000,40000,38000,40000,49000,55000,43950,42000,45000,-2,86000,82000,89500,82000,-5,45000,57000,60000,-3
134,1,-3,3,1,-3,-3,46,50,47098,-3,35000,-2,-2,50000,35000,-5,48500,59550,67500,66156,79350,63196,81140,75000,71000,-5,-5,-5,-5,-5,-2,-5,-5,-5,-5
135,1,-3,3,1,-3,-3,32,29,38315,-3,35000,-2,-2,50000,60000,-2,-2,48300,44700,44100,52910,61200,65230,57200,71000,-1,40070,123000,-5,145010,175300,160300,165000,201000,93400
136,5,-2,3,2,-2,-3,13,10,5875,-5,-2,-2,-2,-2,-2,-2,-2,40500,22000,-2,-2,13572,-2,-2,26520,6972,-2,-2,350,-2,-2,-2,9504,-2,0
137,5,40000,3,2,40000,40000,89,87,87283,50000,65000,13010,75001,41300,49488,92200,68000,64500,75760,96000,76000,74000,88000,133250,244343,332808,164000,222000,231000,248000,440692,264030,260000,289000,301000
138,5,40000,3,2,40000,50000,79,80,88326,50000,65000,55000,75001,-2,95000,100001,51000,54500,59200,54500,-3,50000,56000,63000,60500,58800,89000,93000,108000,152800,124500,186000,265000,280000,287000
139,1,40000,3,1,40000,50000,69,64,79832,50000,65000,3171,75001,9050,10050,2000,57200,1057448,47000,46000,68900,160097,-5,-5,35000,65000,140000,115000,160000,-2,170000,81000,-5,-5,-5
140,5,36000,3,2,36000,40000,65,74,72878,-3,29600,-2,-2,100001,100001,100001,-2,1057448,-2,159805,-2,160097,-2,-2,-2,-2,390662,163000,190000,-2,175900,225000,151300,220400,-3
141,5,29000,3,2,29000,34900,71,81,85861,38000,43000,45000,38000,2042,2800,32250,5420,6000,7020,5010,17005,-2,-2,12200,28000,32520,53000,58010,44798,-5,57730,125200,132000,144050,101024
142,1,17000,3,1,17000,15000,-4,-4,-4,21000,-2,-2,25000,23071,-5,-5,28000,30700,31800,33800,32420,32300,48200,-5,46300,58200,-5,-5,-5,-5,115905,-2,-5,-5,-5
143,5,17000,3,2,17000,18050,66,63,59838,20536,33005,23225,28520,31000,37000,-5,-5,-5,-5,50000,71550,71030,77050,88300,107200,-5,-5,113000,154500,131000,113000,-5,-5,-5,-5
144,5,17000,3,2,17000,15000,28,29,37874,21128,-2,-2,25000,20000,25000,-2,-3,-2,10515,15600,46500,-2,28978,-2,27440,34645,33720,41676,35000,-5,440692,44025,37400,38640,-3
145,1,12000,3,1,12000,25000,51,52,62607,20000,23000,5269,31000,30000,40000,-2,63000,-2,-2,-2,-2,83960,-2,14000,13000,11000,14000,17000,10000,72000,31000,-2,-5,-5,49000
146,1,12000,3,1,12000,25000,74,84,86932,20000,23000,20916,6720,-2,15240,-5,20150,18200,21200,28660,24583,24656,24543,44011,-2,-2,58000,56700,50100,63100,90000,94000,114000,110050,115000
147,5,22000,3,2,22000,-3,32,25,22466,-3,30000,40000,40000,30000,38500,39500,40200,46500,51500,35200,38000,45050,43200,70000,66500,57600,58840,84000,72000,77200,82000,100600,212000,190600,-3
148,1,22000,3,1,22000,25000,64,65,74997,30000,47000,58000,40000,45000,70000,-1,21450,25400,25400,27400,30450,36400,36600,32675,-2,-2,-2,-1,-2,35350,-2,-2,-2,48000,100050
149,5,22000,3,2,22000,25000,30,29,39973,30000,47000,58000,57000,85000,70000,70030,-3,89100,56172,34000,46700,50000,74000,88800,97500,111200,87500,125800,160700,181800,169200,184100,190602,223500,-3
150,1,35000,3,1,35000,45000,42,41,38129,30000,9630,-2,34100,40000,30000,31900,18000,39005,36720,35025,28500,51000,50000,25000,34600,44550,19820,12494,12444,32200,15300,39016,-5,-5,-5
151,5,35000,3,2,35000,37000,34,33,28478,9590,7200,14000,10000,4500,28000,34000,44500,60000,146942,40000,-1,-1,-1,-1,-5,-5,-5,-5,-5,-5,-5,-5,-5,-5,-3
152,5,35000,3,2,35000,37000,94,92,93332,24000,60000,68731,63000,31400,28300,21440,23075,52000,52100,53700,38000,37530,45500,48200,119400,159200,-3,235000,195000,454737,167610,177936,42415,89594,140000
153,5,25000,3,2,25000,-5,-4,-4,-5,-5,-5,-5,-5,14300,15657,18428,-3,33200,54524,48000,50000,43000,43000,66585,-2,22100,19500,32000,21000,26400,14076,16560,74352,75036,-3
154,5,25000,3,2,25000,-5,-4,-4,-5,-5,-5,-5,-5,-5,-5,-5,-5,-5,-5,-5,-5,-5,-5,-5,-5,-5,-5,-5,-5,-5,-5,-5,-5,-5,-5
155,1,18000,3,1,18000,24000,34,35,47003,11250,17300,13365,-2,17000,50700,-2,63400,18000,61020,71000,28500,-2,-2,35888,36000,41000,43000,60000,-5,-5,68000,11100,-5,24000,-5
156,1,0,3,1,0,-5,7,6,4975,-3,-1,-1,-1,-2,-2,-5,-5,-5,-2,-2,-1,25000,38000,-5,-5,-1,0,35000,14000,-1,10000,0,-2,-5,-5
157,5,35000,3,2,35000,60000,47,47,43873,40000,75001,27263,31200,42043,39535,42100,49200,35500,42100,-2,-2,-2,141600,-5,-1,-5,136000,-5,-5,-2,220000,240000,250000,305000,-5
158,5,35000,3,2,35000,60000,86,85,85206,40000,75001,28800,27000,30200,31240,30000,32000,36000,32000,35000,42000,48000,48000,60100,76000,90100,80000,85000,93100,41000,-5,110000,118000,130000,135000
159,5,35000,3,2,35000,60000,95,93,89686,40000,75001,65000,33600,33650,43500,44800,54050,63200,64500,68000,72300,78000,85400,96000,107100,165500,-5,-5,-5,-5,-5,-5,-5,-5,-5
160,5,17000,3,2,17000,-3,85,80,77440,20000,35000,50250,29504,33281,38590,44615,51600,55600,70000,71450,59300,28000,34700,81800,80660,89200,59160,102700,114460,116460,116800,125050,135200,285300,130200
161,5,17000,3,2,17000,-3,29,31,47296,20000,35000,50250,42000,41200,30000,2100,20767,22008,23800,25950,71548,80450,80687,95360,93000,102868,96400,103000,90500,105000,139500,152000,76500,65400,131047
162,1,24000,3,1,24000,30000,92,98,98253,-3,8100,8552,6765,14075,23000,30100,-2,63050,93200,76200,55050,72050,73010,72000,73000,73000,83050,77000,83500,-5,-5,-5,-5,-5,-5
163,1,24000,3,1,24000,30000,63,77,86427,34000,7415,10900,15988,23700,20040,25100,65000,80000,86000,85300,80075,-5,-5,-5,-5,-5,-5,-5,-5,-5,-5,-5,-5,-5,-5
164,5,-2,3,2,-2,6000,20,21,22240,18010,-2,-5,-5,6000,-2,-1,18000,20000,58500,-1,60000,20000,-2,25100,-5,41000,-5,-5,-5,-5,-5,47000,49000,-5,-5
165,5,20000,3,2,20000,30000,50,43,46506,28000,48000,55848,-2,44025,55100,59050,72600,55050,63500,73600,86200,71000,83600,87200,92000,86100,17200,85300,100200,109000,122000,168000,145000,136000,72800
166,1,20000,3,1,20000,30000,64,57,58432,28000,48000,55373,47000,43000,35500,39335,47100,49700,56600,57000,66550,68000,72010,87100,112700,115200,119200,148500,165100,191200,-5,163500,-5,-5,-5
167,5,-2,3,2,-2,4000,30,28,33598,2000,2400,1500,3424,2500,324,50000,-2,41512,48852,32264,34960,60270,20764,23400,24500,36728,-1,-5,-5,-5,-5,-5,-5,-5,-5
168,3,3874,2,1,3874,-3,16,21,19981,0,-5,-2,0,-5,-5,-5,-5,-5,-5,-5,-5,-5,-5,-5,-5,-5,-5,-5,-5,-5,968,2160,14000,28000,-5
169,7,3874,2,2,3874,-3,17,17,18862,-5,-5,-2,5700,-2,-5,0,-5,-5,-5,-5,-5,-5,-5,-5,-5,-5,-5,-5,-5,-5,8580,0,0,-5,-5
170,5,-2,3,2,-2,20800,-4,-4,-5,-5,12000,-2,22900,-2,19700,23227,-3,-3,11666,10374,49440,-2,9180,16680,19097,10000,-5,-5,-5,-5,-5,-5,-5,-5,-5
171,1,-1,3,1,-1,-3,85,80,82207,25000,8000,15000,14310,12100,38540,8660,32000,46100,56694,-2,72500,72200,83350,104500,114500,115000,136200,140500,149000,171000,183080,-2,196000,232700,277000
172,6,-4,3,2,3162,2916,1,1,1230,4134,1726,-2,-2,10559,8580,10836,9504,1416,3000,1330,6540,6800,7000,2616,12549,3907,9624,9624,0,10404,11220,11220,12000,12000,0
173,1,5000,3,1,5000,-3,60,56,71044,-5,-5,8000,6400,10000,7080,-5,100001,7500,-2,-5,-5,-5,-5,-5,-5,-5,-5,-5,-5,-5,-5,-5,-5,-5,-5
174,8,30000,1,2,30000,50000,48,57,47279,4837,16173,75001,14033,32100,31010,49500,63050,74000,60050,64000,73383,78500,78000,83040,90912,100000,112000,122050,147827,-2,90000,-2,76700,59400,-3
175,5,-4,3,2,6600,-5,-4,-4,-4,-3,-2,70494,-2,21865,-2,-5,-5,-2,-2,37360,88320,66200,48465,48612,-5,-5,-5,-5,-5,-2,20000,24400,-2,-1,-3
176,5,-2,3,2,-2,8000,89,85,82495,2700,18000,30000,12002,13001,12384,24500,29000,32000,18690,34000,57000,29444,-5,-5,-5,-5,-5,-5,-5,-5,-5,-5,-5,-5,-5
177,1,8813,3,1,8813,-3,49,48,51881,10000,18000,10000,35000,-2,30000,35680,-2,-2,32000,51200,42000,50000,-5,-5,60000,-5,-5,-5,-5,-5,85440,-5,-5,-5,-5
178,1,-2,3,1,-2,-3,91,82,77068,29000,6000,-2,-2,100000,-2,29000,30500,39600,-2,43200,29600,40000,31000,39000,96000,-2,63900,67000,105000,112000,440692,112000,-5,-5,-5
179,5,10000,3,2,10000,8550,43,42,30455,23680,24558,23950,24640,25500,-2,28200,42100,36960,43200,45200,60100,60900,71400,72600,-2,105400,95000,-2,103000,109000,110000,85200,43000,59136,121700
180,5,-4,3,2,18698,22808,90,84,88334,31250,75001,-2,34800,36486,-2,45000,58700,55800,49100,69400,77500,70780,84400,974100,120000,89000,90000,179000,-5,-5,-5,-5,243400,321000,152640
181,1,12000,3,1,12000,-5,-4,-4,-5,-5,-5,-5,-5,-5,-5,-5,-5,-5,-5,-5,-5,-5,-5,-5,-2,-2,390662,75600,100000,66000,77000,98000,81000,60000,56000
182,1,12000,3,1,12000,-5,-4,-4,-5,-5,-5,-5,-5,-5,-5,-5,-5,-5,-5,-5,-5,-5,-5,-5,-5,-5,-5,-5,-5,-5,2696,9144,9060,8796,10752
183,5,23000,3,2,23000,40651,48,57,49623,55588,63050,-2,50000,45100,43964,68200,55500,55000,48000,50000,60000,60400,60300,-2,-2,105000,100000,110000,110000,30500,34000,-5,-5,-5,-5
184,5,23000,3,2,23000,40651,60,62,59078,55588,63050,60000,-2,55000,11661,14750,51000,37200,28440,54019,24760,18820,32000,80400,77000,78400,200000,95000,95000,96700,135666,61000,-2,28600,69806
185,1,23000,3,1,23000,40651,35,48,77155,55588,63050,60000,50000,55000,9000,28400,-2,16000,12200,-2,-2,-2,-2,-2,26000,-2,15000,-2,55500,59000,-2,-2,73000,-2,-3
186,5,30000,3,2,30000,27000,87,78,81515,3000,5400,10000,65200,75000,92000,30000,80637,87600,-3,91000,100000,160097,189918,128850,142000,178000,215000,-2,175000,56000,92000,110000,110000,922631,185000
187,1,30000,3,1,30000,35620,37,42,58788,42583,42407,43000,49000,75000,92000,34820,-3,-2,-2,-2,-2,62020,82200,-5,-5,-5,-5,-5,-5,-5,-5,-5,-5,-5,-5
188,5,22000,3,2,22000,37000,18,18,11983,30000,36000,40000,20000,-5,25000,-2,30000,28000,25260,15500,20573,44980,20112,23908,42732,67054,-2,47000,15000,-2,-2,12000,19715,18000,180
189,1,-4,3,1,-2,30000,55,65,59286,27000,27065,29000,-2,32000,-2,15012,17050,21000,20025,26500,27772,30150,33500,38500,40500,56000,73000,90000,108000,130000,180000,150000,595986,130300,766958
190,5,26000,3,2,26000,35000,59,73,73636,33000,35000,40000,54000,57000,17200,23850,-2,62950,-2,63400,73800,58000,57000,75000,9800,60000,108000,109000,135000,101500,-2,157000,165000,188000,226600
191,1,26000,3,1,26000,35000,74,73,89270,33000,35000,40000,54000,57000,65000,77500,100001,-2,84000,22200,76500,86000,89400,102800,127355,175000,158300,165000,160500,199000,183000,212000,595986,922631,766958
192,5,20000,3,2,20000,22000,65,72,80480,27500,36009,-2,39000,-2,60000,66000,58500,73000,78900,89300,89100,89000,87000,102500,98000,-2,105000,136000,-2,454737,-2,497763,-2,922631,-3
193,1,28000,3,1,28000,29000,54,65,45527,-3,35000,61000,-2,44300,51600,51797,52000,54030,45300,47500,49400,54300,58000,61300,74000,79200,93900,108000,105050,116500,125345,130690,136071,152991,159618
194,1,28000,3,1,28000,29000,49,53,68738,-3,35000,61000,61000,-2,44000,-2,-2,48650,47650,55600,54300,-5,-5,-5,-2,-1,-1,-1,-5,-5,-5,-5,-5,-5,-5
195,1,31000,3,1,31000,30000,94,90,87917,6726,5050,13550,28627,40200,56500,60300,66500,75500,75400,76000,96000,160097,189918,131000,160100,140500,210000,165000,185000,201700,68280,175100,1000,922631,766958
196,1,70000,3,1,70000,26000,93,91,95117,-3,35000,35000,50350,45000,40000,77715,83200,24200,82200,39150,45400,47600,50000,70500,93000,94200,140300,140200,-5,-5,-5,-5,-5,-5,243440
197,5,25000,3,2,25000,15000,18,15,17107,18000,20000,25000,34080,32000,28000,51000,33750,38300,69300,49000,52200,33050,29000,80000,31000,42000,25272,31500,26500,33000,-5,29379,24366,16500,17000
198,1,30000,3,1,30000,38000,63,63,64239,35000,-1,-1,72001,60000,70000,94000,93070,25000,30000,32000,-5,47000,72800,99000,110000,120000,127400,130500,151000,183000,158000,243500,-5,-1,-3
199,1,65000,3,1,65000,30000,25,24,19225,75001,75001,75001,75001,75000,45000,-2,37000,-2,-5,24000,36000,25000,-3,53200,-2,50000,-2,-2,56600,55520,55204,15174,57024,-5,-5
200,5,-4,3,2,25200,24900,25,24,27551,27050,15400,-2,-2,60000,-2,47000,41000,55100,50000,2050,2500,5000,8175,26200,-2,74000,62300,73000,86140,92790,99600,106114,194308,106659,90144
201,1,49000,3,1,49000,50000,98,95,86603,40000,40000,48000,56150,-2,60800,70000,90200,96500,146942,159805,839078,160097,189918,974100,150000,-5,178000,-2,-2,201600,245000,241000,238250,337000,355000
202,1,-4,3,1,4300,10900,73,75,73184,10000,11798,8570,20800,-5,-5,5403,12400,10060,15062,33700,35000,19980,10000,12300,17920,18000,52000,33000,55000,57000,56520,19500,32000,0,12000
203,8,6159,1,2,6159,12000,29,18,13970,8000,18000,24274,28900,-5,-5,-5,-5,-5,29071,-2,32050,33200,42600,-5,-5,-5,-5,-5,-5,-5,-5,-5,-5,-5,-5
204,8,-4,1,2,-3,4812,22,22,17136,-5,-5,5236,-5,-5,-5,20496,10056,2965,6600,17000,9000,25000,22536,29000,3384,47600,-5,-5,-5,-5,40000,4400,392,6974,-3
205,8,-4,1,2,11960,16900,6,4,5082,-3,18000,-2,-2,-1,-2,-2,-1,-1,-1,-2,-2,-1,-2,-2,-1,-1,-1,-2,114030,110000,-1,-1,-2,-1,-3
206,1,13000,3,1,13000,18000,23,18,26440,-5,-2,18504,-5,-5,24500,-5,-5,-5,-5,-5,-5,-5,-5,-5,-5,-1,-5,-5,-5,-5,-5,-5,-5,-2,-5
207,1,13000,3,1,13000,17000,15,14,25802,15000,-2,24000,-2,34000,35000,28000,-2,42000,46000,43000,30000,31200,48000,53000,23000,55000,0,33000,32000,30000,36178,-5,-5,-5,-5
208,6,-4,3,2,7800,4500,22,18,10352,4740,5160,7408,12500,19828,14964,-5,11444,0,-2,5776,6600,17240,-2,-2,28480,-5,-5,-5,-5,-5,-5,-5,-5,25224,26620
209,1,48000,3,1,48000,22000,69,66,49080,20000,25000,-2,-2,25000,25000,26000,30000,30000,30000,4000,0,26000,20000,-2,27000,12000,-5,-5,-5,-5,-5,-5,-5,-5,-5
210,1,20000,3,1,20000,27000,50,53,59040,-5,-2,45000,35000,50000,52000,100001,33000,43500,38000,38500,31500,31050,37000,-2,-5,95000,103000,134400,124400,130400,149250,157250,164300,171000,192000
211,5,20000,3,2,20000,27000,59,64,74988,40000,30000,60000,35000,50000,52000,100001,100001,99900,83500,159805,839078,160097,189918,99000,62000,49000,90000,86000,90250,101000,102000,47900,65150,93000,110000
212,1,-3,3,1,-3,40000,54,64,57814,51000,60000,20000,75001,100000,-2,48325,-2,79200,146942,159805,839078,160097,189918,-2,92000,-2,-2,220000,143500,173968,159600,265000,125000,125000,310000
213,1,-1,3,1,-1,40000,99,99,99460,-3,75001,75001,75001,100001,17300,100001,-2,26500,32400,39500,42500,47000,66500,113000,140000,25476,-2,-1,-2,-2,-5,-5,-5,-5,-5
214,1,-1,3,1,-1,40000,52,54,79883,-3,60000,70000,75001,100000,-2,100001,-2,1057448,146942,159805,839078,160097,189918,53000,70000,77000,78000,84000,96000,155000,178264,146600,149500,164200,174800
215,1,30000,3,1,30000,35000,50,56,66226,40000,40000,40000,50000,29780,33240,48000,56500,-5,-5,-5,-5,-5,-5,-5,-5,-5,-5,-5,-5,-5,-5,-5,-5,-5,-5
216,5,21100,3,2,21100,-3,-4,-4,-5,-5,-5,-5,-5,-5,-5,-5,-5,-5,-5,-5,-5,-1,-1,-5,-5,-5,-5,-5,-5,5900,2000,-5,-5,-5,-5
217,1,-3,3,1,-3,30000,-4,-4,-5,-5,-5,-5,-5,-5,-5,-5,-5,-5,-5,-5,-5,-5,-5,-5,-5,-5,-5,-5,-5,-5,-5,-5,-5,-5,-5
218,1,15000,3,1,15000,-3,84,93,81447,18100,24200,50000,54100,61500,74500,93000,100001,1057448,146942,159805,839078,160097,-2,160500,244343,332808,390662,408473,479983,454737,440692,497763,-2,330000,345000
219,5,55000,3,2,55000,50000,65,63,60012,55000,-1,70000,75001,100000,100000,33500,77000,1057448,146942,-2,839078,59180,-2,71000,76500,159000,146000,176313,160000,16747,213290,197500,196000,92000,142000
220,5,55000,3,2,55000,50000,89,89,89381,55000,50000,1000,75001,17000,23000,200,34100,34000,33300,54500,35200,66230,73000,80600,98040,123000,145800,97300,105000,105000,110200,122200,130400,145000,145000
221,7,8400,2,2,8400,7828,1,2,5315,13197,-2,-2,7326,13056,-2,24304,-2,14708,-3,-2,10920,-2,15898,-2,15000,13940,14135,25854,7200,28000,10100,18920,11832,30000,-3
222,3,8600,2,1,8600,672,1,1,787,4052,8500,-2,9000,-2,-2,21400,16000,17096,-2,5000,15000,6000,-2,6636,0,0,0,0,6600,7200,6000,8148,8460,-2,8180
223,3,8900,2,1,8900,7828,3,3,9190,13197,7000,7800,12700,-2,15637,21400,18000,12000,22000,-2,33800,32000,31000,43000,45000,-2,83600,71000,48000,74000,96680,96700,75000,190000,61000
224,7,8400,2,2,8400,7828,14,15,13326,4052,6000,-2,-2,-5,-2,26948,-2,17096,-2,-2,5880,11768,8858,7500,9000,12000,10000,11440,11000,11057,11000,14040,14000,15000,15100
225,4,9156,1,1,9156,-3,1,2,2604,-3,-2,-2,-2,9000,-2,-2,14500,14300,14300,14500,14300,14800,16064,-5,-5,-5,-5,-5,-5,-5,-5,-5,-5,-5,-5
226,4,9156,1,1,9156,-5,12,16,25781,-3,3168,2235,6732,8700,-2,-2,8200,-1,4000,13800,13632,23100,-5,-5,-5,-5,-5,-5,-5,-5,-5,-5,-5,-5,-5
227,7,-4,2,2,5184,5724,7,7,6599,4416,5663,13920,-2,-2,-3,9312,7384,-2,13236,8460,7920,10092,8700,12336,0,-2,2588,25600,600,10300,30405,32772,34671,35843,41160
228,8,8450,1,2,8450,9640,4,2,2739,-5,3000,2100,1000,708,75,3640,11184,11672,11120,23008,24160,23339,14904,8832,8148,4500,2472,12208,11440,5968,10400,5720,5640,5020,7871
229,5,-1,3,2,-1,-3,40,38,52042,980,12101,851,5020,18005,16015,34100,35020,18000,-2,21500,-2,-2,6240,24100,17000,11000,33820,2700,14968,21448,41120,45000,1200,7296,8064
230,1,19000,3,1,19000,3500,28,29,34084,33000,69000,20000,23000,20000,20000,29000,32800,17000,21000,53000,18500,40000,34000,40200,42500,45000,60000,50500,58000,71500,78200,81200,81200,81200,80500
231,5,29000,3,2,29000,37300,42,42,36443,34500,39000,38541,62250,31400,56100,47700,47149,-2,94000,88050,839078,81100,-2,90100,93100,80976,55700,63476,108900,115000,128484,76162,78000,75000,91000
232,1,29000,3,1,29000,37300,51,55,55780,35000,39000,10,13625,14138,8505,14500,6500,41525,33010,-2,36700,20000,10000,26500,24300,29575,37000,37000,46100,45050,50720,49254,-5,47010,36337
233,1,29000,3,1,29000,37300,19,19,31472,34500,39000,25300,60400,31869,8342,13000,14000,18000,12000,13000,13000,20200,23000,39000,30200,33000,43000,48000,39000,37000,67000,78000,50000,51800,60000
234,2,5000,3,1,5000,10800,31,27,35461,-3,-2,6700,3480,-2,24000,32100,22197,-5,31000,40000,30000,51000,30030,39000,-5,160000,43000,-5,142900,140000,-2,95500,92000,260000,252000
235,1,16000,3,1,16000,20000,52,62,61313,-3,25400,22928,26000,-2,21800,23000,35000,36284,35793,44800,38800,38700,46000,50050,60000,75500,90500,91000,113000,135000,107000,93000,74000,140000,89500
236,5,30000,3,2,30000,30000,69,63,71673,40000,37400,16000,10000,40000,40000,33800,37500,36200,50300,53000,60800,60200,56500,65600,-3,76500,86000,96000,85440,101840,116000,120830,151000,151000,166000
237,5,-4,3,2,5710,11000,74,67,64751,27768,-2,-2,-2,-2,21000,30000,18720,17500,9700,6580,13420,13010,18940,26400,34800,38400,15120,8880,9360,10440,11160,13392,13440,14055,-3
238,6,12000,3,2,12000,12000,-4,-4,-5,-5,-5,-5,-5,-5,-5,-5,-5,-5,-5,-5,-5,-5,-5,-5,-5,-5,-5,-5,-5,-5,-5,-5,-5,-5,-5
239,6,-4,3,2,75,12000,7,10,13294,3170,5160,4452,5160,6984,7728,6072,6336,2280,8472,7812,5280,8862,12840,-2,20398,18344,21843,-2,111000,23900,32400,29188,27600,28488,-5
240,6,10000,3,2,10000,15000,46,46,50483,7000,-2,10698,10910,13999,9145,6820,9920,30100,66000,65745,59340,28501,32515,36000,41000,66000,78000,93000,77100,56200,440692,81600,89700,97500,91271
241,2,10000,3,1,10000,15000,11,17,22027,7000,5640,3500,-2,-2,20000,5400,15000,14836,-5,-5,-5,-5,-5,-5,-5,-5,-5,-5,-5,-5,-5,-5,-5,-5,-5
242,5,-4,3,2,7236,7500,32,35,30481,21211,29000,36628,36020,39500,55000,37700,49250,45000,45100,44092,50200,53375,15000,107000,86400,-2,102900,6122,121000,104000,155000,118720,153000,212000,170700
243,1,-4,3,1,12600,13310,71,74,62957,10845,14060,26103,22960,26553,30655,31225,35600,53250,53800,51200,60700,61000,-2,64575,39000,38000,39000,66000,94600,102000,108000,129050,168000,285000,250000
244,5,-4,3,2,7910,7484,80,79,73828,13172,13057,15286,18486,22640,31873,38638,7800,20500,-2,74700,-2,-2,-2,83899,79700,-2,82700,69100,-2,-2,62700,85500,55020,68400,29800
245,5,15000,3,2,15000,42100,89,85,81929,45000,25000,4000,10297,12520,13908,13250,13250,36000,39500,48300,42500,34270,44540,41000,42000,23140,56030,120040,75050,68400,61050,58500,57500,54000,118800
246,1,15000,3,1,15000,42100,64,80,82913,35000,35000,30000,5000,2750,5300,4500,24300,34100,70000,159805,100000,94000,75000,-1,-5,-5,-5,-5,-5,-5,-5,-5,-5,-5,-5
247,2,6000,3,1,6000,9500,63,69,52544,13000,11300,11132,11700,16100,18200,14120,17000,31100,32229,35614,38360,36200,63100,76000,82000,79800,111000,132500,132000,156000,179000,182000,180000,85000,90000
248,2,7000,3,1,7000,6251,12,13,8261,1865,-2,3200,3100,11432,18792,13028,11720,12040,9600,10000,7000,-2,14300,18000,15000,9000,14542,6000,8000,16000,19300,2400,-2,-2,13920
249,6,7000,3,2,7000,6251,46,39,45311,1490,9216,16344,9212,3858,6240,8640,10360,9808,12316,15200,13500,29400,35900,35600,48600,57400,62600,60800,479983,69500,70800,94300,60000,73000,80800
250,5,10600,3,2,10600,-3,-4,-4,-5,-5,-5,-5,-5,-5,-5,-5,21200,27000,30400,26400,22700,32200,40500,35250,37000,39000,42000,47000,49000,50140,120000,70000,57500,89000,62000
251,2,6000,3,1,6000,-5,-4,-4,-4,8500,7000,10348,6925,6800,8722,18654,-5,-2,13910,13525,18060,22590,23025,18420,-5,52300,36000,50000,70900,71025,74036,57000,64852,102135,71608
252,6,6000,3,2,6000,-5,-4,-4,-4,8500,7000,-2,17580,6732,7516,6172,7516,8441,6082,44680,45820,36000,46200,37200,43200,45800,50200,51280,52000,54250,59000,63250,-2,-3,-3
253,1,14000,3,1,14000,20690,17,22,34745,-3,-2,-2,-2,15000,-2,958,0,7480,7661,11605,10060,-2,0,13300,20500,20100,-2,58000,20000,37000,39000,38000,49000,48000,48000
254,5,-4,3,2,-2,-3,98,94,94821,-3,12766,12199,13285,5810,32000,16180,14878,15000,13300,26500,25000,23000,25160,25000,44000,57050,29050,28361,33700,40500,40000,43000,43100,37040,45000
255,5,22000,3,2,22000,13000,52,42,46148,10000,14000,18015,15532,22315,28065,83000,34250,88000,50660,52200,53000,-2,62000,73800,76950,90400,80000,110000,93000,113000,106387,96677,114259,100000,87000
256,5,18000,3,2,18000,7520,48,51,56308,9190,7710,10633,11300,30300,32000,32000,43000,38600,13500,21000,25030,20200,-2,34300,10000,22500,38992,59096,43000,59796,-2,10500,14762,-2,4000
257,1,18000,3,1,18000,20120,49,40,58214,17600,22000,5000,-5,-5,-5,-5,14000,10400,12000,13000,16000,13000,12000,10980,31190,29400,31800,13000,22600,10000,8900,7000,14924,17897,17684
258,5,-4,3,2,19450,20939,98,81,76189,18420,21300,-2,16744,15171,19746,100001,35510,145,7410,15372,20574,16906,18462,14530,21860,18320,13025,49741,101425,59792,49510,9952,20520,20006,18960
259,1,-4,3,1,19700,-3,66,69,56348,18460,-2,-2,16777,-2,18693,24050,-3,25850,-2,-2,32000,26000,14000,16500,33896,31900,51500,8000,14000,22988,28000,81000,93000,53094,35000
260,1,27000,3,1,27000,37000,89,88,83227,43000,15000,26157,29370,40000,37000,46000,56200,44032,54300,58090,64100,67075,65037,70200,74050,78000,79000,90500,97000,96000,98250,102080,120010,136000,112500
261,1,27000,3,1,27000,37050,75,70,73360,43000,-2,22000,-2,-2,20000,-2,18600,-2,-3,47400,53000,-2,31000,32500,-1,-1,-1,-2,-1,-1,-1,208000,105000,-1,-3
262,5,21000,3,2,21000,29000,47,45,33669,42000,12100,6100,48000,34000,32000,29000,34500,-5,48800,50500,60000,49000,48500,63500,58000,-5,-5,-5,-5,-5,-5,-5,-5,-5,-5
263,1,21000,3,1,21000,29000,29,41,49339,42000,40000,39000,20928,19181,20250,30040,38300,44500,62050,53200,38860,-5,-5,-5,-5,-5,-5,-5,-5,-5,-5,-5,-5,-5,-5
264,5,-4,3,2,8000,10500,91,87,93397,-5,15000,24850,6000,15050,-5,35000,45000,5500,26000,26000,29000,22000,25350,27000,26200,-5,-5,-5,-5,-5,-5,-5,-5,-5,-5
265,5,38000,3,2,38000,35000,93,95,96501,30000,550,2040,5400,80000,60000,66275,45600,45100,63200,76500,76000,57300,65300,71500,100005,105200,124500,126000,128000,-5,155000,101234,78320,-5,90000
266,2,9200,3,1,9200,7631,-4,-4,-5,-5,-5,-5,-5,-5,-5,-5,-5,-5,-5,-5,-5,-5,-5,-5,-5,-5,-5,-5,-5,-5,-5,-5,-5,-5,-5
267,1,18000,3,1,18000,-3,14,25,23365,-3,-2,-2,-5,-5,-5,-5,-5,-5,-5,-5,-5,-5,-5,-5,-5,-5,-5,-5,-5,-5,-2,11040,20376,-2,10980
268,1,11500,3,1,11500,18777,58,54,49643,20000,8225,14011,10900,10704,18050,20000,34000,35500,43441,24190,34500,-2,-2,29900,0,-5,2370,19320,17760,11052,22092,27564,26460,0,-3
269,2,8000,3,1,8000,11000,74,87,83698,10000,18000,28500,45000,31000,31000,90000,75500,1057448,146942,85260,76500,90500,92500,136000,154500,332808,390662,408473,200200,205000,440692,241000,280000,275000,300000
270,1,-1,3,1,-1,20000,63,72,77208,20000,20000,15000,30000,32000,23200,30200,-5,-5,-5,-5,34400,36200,39560,42000,43300,-5,-5,-5,-5,-5,-5,-5,-5,-5,-5
271,5,-1,3,2,-1,20000,39,39,53793,20000,20000,15000,30000,32000,24000,21075,35180,13700,-2,-2,13000,-5,13800,45300,45500,-5,-5,-5,-5,-5,-5,-5,-5,-5,-5
272,5,13870,3,2,13870,26000,95,89,94116,29000,9300,5418,43020,-2,24500,25000,100001,1057448,-2,159805,60200,160097,189918,974100,244343,332808,390662,408473,250000,90010,220000,160000,143500,310000,140000
273,1,13870,3,1,13870,-3,76,70,64372,30000,29000,12002,15018,16500,23080,20000,25050,29080,30080,30600,-2,160097,68000,123000,73600,88000,-2,65904,81500,-2,78248,13200,68000,74000,115000
274,2,5800,3,1,5800,3400,87,84,88343,7680,9000,8500,8500,-2,22691,28780,18900,26900,58450,60100,61425,60075,69520,78025,73800,67664,35140,111300,118000,122300,94000,-2,27710,32134,20880
275,6,5800,3,2,5800,6000,53,62,72963,6000,9000,8500,17000,28327,24325,-2,22400,-1,75500,159805,69400,78500,75240,93700,109600,101600,115144,141600,184774,-1,-1,63500,-1,24000,-3
276,5,18000,3,2,18000,-3,44,44,48015,-3,6005,5868,6537,-2,-2,10500,15000,20000,20000,20000,68000,58100,63000,-2,105000,79240,-2,-5,-5,-5,-5,-5,-5,-5,-5
277,1,-1,3,1,-1,3500,31,33,32567,2600,-2,6022,8025,8629,6241,7420,9030,9000,10020,10020,11850,15025,17350,18280,22050,20000,22050,-5,26000,27000,28000,28000,30100,20000,28020
278,5,9000,3,2,9000,30000,48,44,51427,-3,-2,-2,21012,40000,30000,-2,45500,33100,13020,31080,32704,29700,36300,31800,-2,10800,52400,-2,42000,-5,-2,-5,-5,-5,-5
279,1,25000,3,1,25000,32000,46,51,59272,40000,36000,41000,7720,15000,26000,26000,34500,38000,34200,40000,35200,35100,40100,74500,900,93100,78500,53500,66000,65200,74000,-5,101000,-5,-5
280,5,-2,3,2,-2,5500,81,89,89706,5870,6000,-2,-2,20000,27000,11000,10500,-5,-5,-5,33000,33500,34000,-5,-5,-5,-5,-5,-5,-5,-5,-5,-5,-5,-5
281,1,25000,3,1,25000,-3,83,81,72769,40000,40000,35000,65370,75000,80000,88010,-3,24050,4200,41200,91000,160097,189918,89500,121000,86250,93000,93500,134700,153800,175500,190500,208000,259940,204820
282,5,25000,3,2,25000,35000,77,79,85400,35000,37000,35000,45000,60000,60000,-2,100001,-2,42500,53300,75500,62500,57500,65300,66200,70000,93000,105500,79000,-2,44000,86000,56020,45000,50000
283,4,29000,1,1,29000,25000,26,22,15136,5335,-3,33000,2244,10416,14000,-2,24000,28795,32000,32276,48100,54540,82000,69334,75300,-2,55340,52005,88010,82000,138200,85500,82000,88000,117500
284,4,27000,1,1,27000,25000,42,44,44708,32000,22560,9600,75001,850,50000,34000,33000,32000,28000,27950,29003,29620,32000,38200,53200,78000,95500,92420,90200,105200,94000,100000,148500,165000,133000
285,8,29000,1,2,29000,51000,18,13,15448,4430,6786,11660,8500,8298,11280,12040,17700,19500,30280,21700,58200,66010,92400,68300,75000,63000,68300,69500,85000,120000,108000,123600,196720,120000,171000
286,8,13000,1,2,13000,14120,43,51,62147,11000,24000,15000,25000,32900,48000,43800,6500,60000,84500,78100,80000,91000,77312,89025,52050,61000,62600,75700,68000,111400,98300,-2,112000,70000,76866
287,5,-2,3,2,-2,3650,42,31,22699,0,23000,12550,13704,2150,14202,27720,33520,32100,47900,45000,37099,49660,-2,52700,45000,46000,55000,38000,56000,61000,47480,-5,-5,-5,-5
288,5,-2,3,2,-2,-3,19,14,15312,12840,30464,12000,5328,5592,5544,7164,7572,7776,8400,2712,22572,-2,8556,11076,6792,17654,20960,11336,19300,26400,26908,33952,25476,-5,-5
289,5,-1,3,2,-1,16500,24,23,28861,12840,30464,12000,4884,4992,5808,7752,-3,7082,8916,8544,8922,12331,11476,12142,15708,13868,-2,20000,18000,20000,2695,27900,10000,-5,-3
290,8,17900,1,2,17900,1160,8,8,11136,75001,8110,6700,6540,7296,7224,2848,8424,7776,4588,4820,9360,11360,9884,29840,-2,35900,35250,40000,49000,23220,45000,42000,31002,51000,-3
291,3,3000,2,1,3000,7200,35,48,42445,9000,8900,9572,-2,9000,6000,3792,3048,7872,-3,10220,9682,-2,-2,10692,3456,1202,8000,10000,-2,10000,7890,6283,2398,189,4704
292,5,-2,3,2,-2,15000,96,89,92223,19560,25200,30420,35010,37530,36010,38010,51025,42035,49050,37550,40100,52125,46000,57400,53550,-2,91100,111000,52400,58460,179300,86200,-2,199000,234300
293,5,-2,3,2,-2,20300,87,94,91927,40000,32564,26860,46000,36000,38300,51000,42385,44300,44830,64600,80100,47950,47100,-2,71500,110060,127000,122500,145000,153600,160050,190000,211000,188000,166850
294,5,20000,3,2,20000,25000,44,53,62191,50000,29000,-2,35340,-5,-5,-5,30196,30000,32200,-5,-5,-5,-5,-5,-5,-5,-5,88500,82000,80000,99580,79200,-2,105000,42000
295,1,14000,3,1,14000,-3,21,23,29995,1350,7000,9000,6120,2000,1986,11000,52000,67000,-5,22000,30000,-5,-5,-5,-5,-5,-5,-5,-5,-5,-5,-5,-5,-5,-5
296,1,19000,3,1,19000,-3,25,15,25280,-3,-1,-2,40000,-5,-5,32000,43000,38000,28000,38000,40000,37000,40000,43000,48000,-2,-2,-2,-2,-2,66560,-5,-2,-2,60900
297,5,-4,3,2,16705,-3,72,69,68168,14306,15480,16985,26320,10400,15000,10000,16000,28350,-2,49600,68718,35000,-2,101388,40000,25000,-1,15000,22400,18867,50019,15000,30000,30000,-3
298,8,4872,1,2,4872,5256,12,8,13483,5256,4800,5200,9300,13100,13000,12732,-2,-5,16553,17231,18279,35020,43857,55060,61055,65080,-5,-5,-5,-5,-5,-5,-5,125001,95000
299,4,4872,1,1,4872,5256,12,11,12439,5256,4800,200,9300,13000,16000,10000,-2,-2,-2,-2,-2,-2,-2,-2,-5,-2,-5,22000,25000,0,0,-2,0,-2,12000
300,4,4000,1,1,4000,3600,2,2,2026,-3,7704,3000,-2,8800,0,-5,0,-5,0,0,-5,0,0,-5,-5,-2,-5,-5,450,-5,-5,-5,-5,-5,-5
301,4,6800,1,1,6800,7500,23,22,18916,0,6000,10016,9860,-2,18000,11100,11000,19000,25000,22300,23000,23500,23000,-2,42110,62000,57768,35500,35500,38000,73000,86000,106000,105000,107000
302,4,6300,1,1,6300,7500,5,6,5281,4800,6000,8520,10426,-2,-2,-2,-2,-2,-2,-2,16000,-2,-2,-2,12000,15000,33000,26564,20340,-2,27200,1700,-2,15492,15420
303,4,6800,1,1,6800,7500,6,5,7399,4800,6000,8520,10426,-2,-2,-2,-2,-2,-2,17400,21000,26000,-2,28000,27500,35000,15000,35000,-1,-2,-2,37000,-2,36000,45000
304,4,6300,1,1,6300,7500,3,3,11630,4800,6000,75001,10426,-2,-2,-2,-2,-2,-2,-2,-2,-2,-2,-2,-2,10500,-2,0,0,20322,18000,24326,-2,-2,53000
305,8,2956,1,2,2956,2100,38,31,40990,11960,14024,-5,-5,-5,-5,-5,-5,-5,-5,-5,-5,-5,-5,-5,-5,36500,36000,47610,38000,35000,14000,-1,0,-5,-5
306,3,7226,2,1,7226,7300,34,24,27277,11000,15000,-2,14500,20000,21000,17980,-2,-2,-2,-2,17000,22000,23500,23500,-2,29500,40000,-5,40000,40000,76000,90000,33000,-5,33000
307,5,-2,3,2,-2,35000,65,53,48032,50000,47500,-2,40000,30000,54000,70000,67000,85250,70200,-2,77000,72220,27000,-2,50400,55000,57000,57000,56520,63400,66616,73549,68000,48000,29226
308,1,-3,3,1,-3,30000,14,12,10489,55000,8000,-2,-1,30000,54000,78000,-2,-5,-2,-2,20000,20000,30000,35140,-2,37200,-2,32000,47000,25000,20000,20570,0,-5,-5
309,1,38000,3,1,38000,-3,27,25,27779,24000,34120,42150,46400,44010,49500,62000,56900,59400,55000,50000,49650,49200,-1,62000,68500,70000,81892,78892,-5,-5,-5,-5,-2,185000,83500
310,1,30000,3,1,30000,22000,21,18,18491,30000,15000,40000,52000,-2,50000,20000,25000,20050,26000,34000,47000,85000,30000,20100,85,20000,80000,125200,74800,205224,54960,122000,145000,55000,63000
311,1,30000,3,1,30000,35000,13,15,24685,30000,32000,40000,50000,-2,70000,55000,30000,48500,35000,60000,45000,30000,60000,70000,40000,43000,50000,29000,50000,50000,50000,30000,40000,80000,40000
312,5,17000,3,2,17000,18000,42,49,52017,20000,17900,-2,28000,-2,35000,16937,-2,42412,-2,-2,-2,-2,-2,-2,-1,-2,39680,31200,65500,-2,-2,-2,91711,74664,95433
313,1,17000,3,1,17000,18000,29,27,30794,20000,17900,-2,28000,23916,-2,32000,36000,42000,53200,47000,25000,25000,28000,33000,30000,33000,-5,45000,37000,41000,62972,48140,42800,52000,56000
314,5,-2,3,2,-2,-5,-4,-4,-4,21000,38000,12300,40000,32050,-2,-5,44400,42000,42000,42100,37000,43600,61000,40700,66000,-5,-5,-5,-1,-5,-5,280000,-5,922631,-5
315,1,-2,3,1,-2,-3,2,4,4138,21125,25000,-2,45000,-2,34000,-2,-2,-2,-2,-2,6200,500,2100,-1,-2,-2,7584,0,7848,3996,-5,-5,-5,-5,-5
316,1,-1,3,1,-1,-3,16,12,18097,-3,20000,25000,-1,-2,-2,-1,-2,37500,43250,46000,46000,50000,-2,40000,39000,-2,-2,-2,31000,-2,-2,-2,33764,36600,-3
317,1,29000,3,1,29000,35000,83,84,78739,30000,7030,13110,14760,22650,31550,24250,28963,29577,32969,34829,37650,38711,40253,38017,47100,44500,29900,92600,60000,53300,56300,68017,77000,74100,-3
318,1,45000,3,1,45000,45000,13,13,19254,30000,27000,35000,39000,47000,55000,51444,18000,10351,16000,16100,42100,22100,25000,25500,25000,26000,5076,-5,-5,-5,-5,-5,-5,-5,-5
319,5,-4,3,2,31010,28200,65,66,58575,36000,38000,-1,25000,-2,75000,-5,22000,-2,72300,32450,33000,38000,5200,81000,80000,80000,125000,-2,120000,118000,161000,-1,-1,-1,-3
320,1,-2,3,1,-2,45000,64,73,68032,15000,5163,-3,3000,-5,60000,84000,53000,-2,146942,100000,839078,160097,100000,80000,-1,100000,-2,102150,190000,172000,180000,240000,190000,330000,320000
321,5,50000,3,2,50000,40000,63,81,76525,-3,52490,25000,50000,40000,39000,61100,33000,34000,-2,86000,88250,160097,189918,138387,-5,-2,-2,144000,139000,-5,-5,-5,-5,-5,-5
322,5,45000,3,2,45000,40000,42,34,23404,8000,9705,13000,13010,14000,14000,75000,44500,41250,146942,-2,-2,77000,67000,52500,115000,98000,135000,130500,-5,-5,171000,142000,-5,-5,-5
323,1,30000,3,1,30000,-3,54,68,65825,19000,18426,24705,18444,32600,62220,100001,-3,50000,-2,62000,48200,160097,60000,139000,244343,139000,-5,-5,140000,185000,208000,112000,250000,-2,-3
324,1,30000,3,1,30000,-3,9,7,10373,30000,20000,20000,-1,7040,20000,448,9000,19000,-2,1284,400,29400,31582,14996,22200,2952,4140,15000,23000,39240,48358,0,-5,-5,-5
325,1,30000,3,1,30000,23000,60,61,79151,-3,20000,20000,-2,16000,20000,5600,-2,19456,0,1284,1133,5912,-5,-5,-5,-5,-5,-5,-5,-5,-5,-5,-5,-5,-5
326,5,28000,3,2,28000,-5,-4,-4,-5,-5,-5,-5,-5,-5,-5,-5,-5,-5,-5,-5,-5,-5,-5,-5,-5,-5,-5,-5,-5,-5,-5,-5,-5,-5,-5
327,5,75000,3,2,75000,75000,83,92,88257,7000,350,9500,15000,48000,41000,95050,68020,1057448,92700,66200,38100,42200,44250,30000,244343,80000,35700,33400,28000,-5,-5,-5,-5,-5,-5
328,4,2000,1,1,2000,-5,-4,-4,-5,-5,-5,-5,-2,-1,6000,-5,-5,-5,-5,-5,-5,-5,-5,-5,-5,-5,-5,-5,-5,-5,-5,-5,-5,-5,-5
329,4,2000,1,1,2000,-3,3,8,11508,2520,-2,4284,42192,6750,17488,-5,-5,-5,-5,-5,-5,-5,-5,-5,-5,-5,-5,-5,-5,-5,-5,-5,-5,-5,-5
330,4,5780,1,1,5780,-3,13,14,12377,5200,-5,12068,-2,-2,9888,-2,-2,-2,0,-2,-2,-2,-2,-2,-5,-5,-5,-5,-5,-5,-5,-5,-5,-5,-5
331,4,4932,1,1,4932,-3,7,2,3428,6000,0,4000,-2,5700,2000,3400,-2,-2,15000,-2,288,0,-2,0,-2,6000,8308,14104,7104,6890,-5,10520,14772,7821,8796
332,4,5780,1,1,5780,4560,27,27,33426,-3,-5,-2,-2,10000,12588,8598,-2,21900,-2,27640,23000,-2,23000,13275,-2,20000,24000,26000,3006,1260,22191,21600,13660,25654,15600
333,7,-4,2,2,10600,-3,54,42,31724,-3,15300,14000,14000,16500,15600,34500,44000,36400,-2,60000,40000,81000,77000,-2,-2,120000,140000,139000,170000,176500,192000,166000,110000,11000,290000
334,3,-4,2,1,-3,-3,28,27,25149,-3,-2,-2,-2,1892,2808,-5,-2,-5,-5,-5,-5,-5,-5,-5,-5,-5,-5,-5,-5,-5,-5,-5,-5,-5,-5
335,7,-4,2,2,800,-3,52,64,62746,-3,6604,6800,8004,-1,-2,29800,20500,-2,5920,5688,24000,12000,9412,11260,12676,28160,25000,14500,18079,32500,38700,29500,27160,30000,38000
336,3,6000,2,1,6000,-3,19,23,25563,-3,-5,12500,15000,15600,-2,-2,200,360,0,0,0,0,0,19400,-2,-2,22000,-5,-5,0,14000,27400,12000,65000,60000
337,3,5000,2,1,5000,7750,1,1,9044,0,1101,0,-2,2399,11500,6477,-2,-2,-2,-2,10000,10000,10000,33000,-2,24000,18000,18800,10000,2200,8000,16340,17604,-2,29376
338,7,6000,2,2,6000,6000,14,20,23937,3964,13715,14150,28448,30800,32200,36268,28320,33500,40800,38400,48000,48500,40000,43000,-1,47000,72000,72000,479983,0,300,-5,-5,-5,27000
339,7,6000,2,2,6000,6000,8,11,14391,0,1848,4068,4988,8940,4932,4776,4944,1057448,6920,5364,8520,5724,5856,6072,5884,4840,3200,1500,10500,3000,39000,25000,20000,30000,10800
340,7,6000,2,2,6000,6000,18,14,20415,1565,410,4584,5071,-3,20400,16220,15000,14122,12988,3156,8400,10861,27588,21353,18000,34000,18300,-5,45000,18050,17000,11000,-1,25743,-3
341,5,17000,3,2,17000,19000,63,54,46696,29000,-2,32000,-2,-2,-2,49015,23020,50700,-5,-1,-2,81550,-2,-5,101200,-5,-5,-5,-2,234000,-5,-5,-5,-5,-3
342,1,17000,3,1,17000,19000,91,96,95123,29000,-2,32000,-2,-2,15075,26600,29590,34500,38600,41800,45000,48700,50000,65600,-2,83000,100000,118000,141300,137000,-1,149000,171000,164000,175000
343,7,-4,2,2,11400,-3,1,1,738,-3,13185,20000,16000,22000,21000,20000,22000,22000,26000,24000,25000,28000,36000,49000,-2,21000,25000,30000,25000,-5,27000,27000,23000,25000,22000
344,5,-3,3,2,-3,25000,89,95,95959,40000,30000,35000,60000,50000,55000,42200,44400,50200,57200,39400,45500,49400,52500,72100,76050,90000,90000,-2,112000,119000,128100,142500,-5,-5,-5
345,7,20000,2,2,20000,20000,42,51,59310,22000,25000,28200,-2,-2,40000,12000,-5,-5,-5,-5,46125,19000,28700,-5,-5,-5,-5,-5,-5,-5,-5,-5,-5,-5,-5
346,1,15300,3,1,15300,-3,49,37,43221,-3,-2,33000,20000,36750,52000,34000,25000,25200,41000,74000,66400,70000,80400,63500,-2,65000,88000,117000,120000,153500,180000,170400,170000,165000,150000
347,5,23000,3,2,23000,20000,69,62,65774,20000,-2,32000,28000,16600,17679,34020,43500,51000,35000,38500,36000,31000,48000,48000,45000,51500,92000,108000,-5,-5,-5,-5,-2,-5,-5
348,1,49000,3,1,49000,30000,55,56,36155,55000,75001,36556,33400,44500,77960,80000,100001,1057448,100000,159805,70000,160097,189918,2000,102000,-2,390662,408473,479983,454737,248000,-5,-5,-5,766958
349,1,49000,3,1,49000,30000,38,40,35208,55000,75001,25000,40000,23640,28000,-1,50500,40100,61000,53000,839078,160097,85000,122800,112800,153000,390662,-1,-5,-5,-5,-5,-5,-5,100000
350,1,49000,3,1,49000,50000,38,46,47180,55000,75001,25000,75001,100000,70000,54000,-2,-2,-2,-2,-2,-2,189918,68525,82027,98200,90000,134100,168050,118150,94000,170000,120000,121000,185000
351,1,35000,3,1,35000,75000,26,24,19021,62000,21211,24100,23800,29000,27125,30586,22100,24560,35200,46000,56080,40000,-3,974100,70000,60000,390662,0,39000,50036,31416,52688,-5,-5,-5
352,5,35000,3,2,35000,75000,60,45,40321,62000,75001,75001,75001,28027,31040,35060,39056,1057448,146942,159805,839078,27000,68025,77100,114100,71800,79224,87464,58800,83200,84500,90400,25844,13200,31601
353,1,21975,3,1,21975,39000,46,53,53498,35000,16000,16349,-2,-2,45000,-2,21000,-2,-2,-2,26800,-2,-2,-2,-3,10000,147600,-5,-5,-5,-5,-5,-5,-5,-5
354,5,21975,3,2,21975,8000,78,71,65997,11128,12010,12000,16080,17000,19000,20000,72100,77000,64010,-2,91000,160097,86980,-2,57020,65000,72300,83338,95867,101320,105816,101614,104731,103548,115085
355,1,21975,3,1,21975,39000,41,42,55481,29000,-2,18000,-2,-2,45000,-2,23500,-2,-2,-2,65000,72050,65000,-2,92000,-2,132500,171700,140000,163050,196000,155000,274000,260000,277000
356,1,25000,3,1,25000,26000,52,43,41794,37000,53714,45000,32000,30000,81000,100001,26100,1057448,31200,33500,36250,39000,36000,48000,45000,53000,-2,98000,110005,110000,-2,145000,149500,127000,142000
357,1,25000,3,1,25000,3500,66,59,68746,5360,-2,75001,18000,21000,25200,25000,29200,26000,-2,-2,63000,57200,63000,67000,60000,70000,70000,70000,90000,105000,115000,142760,133000,158000,157000
358,1,40000,3,1,40000,37000,34,32,28374,-3,-2,-2,-1,50000,-5,87000,-2,-2,-2,-2,-2,71000,77000,85020,56200,69000,-2,108500,121000,142000,152000,168000,188000,115000,220000
359,5,30000,3,2,30000,37000,39,32,37740,32000,30000,-2,65000,50000,60000,-2,20000,-3,97100,-2,-3,75150,38015,43100,55000,58000,65550,68000,60000,75000,-5,-5,-5,-5,-5
360,5,45000,3,2,45000,45000,80,87,80272,40000,500,1850,65000,3300,-2,6860,7200,9000,15100,27300,26500,160097,98400,12300,122500,140000,186500,168000,219000,138000,135000,130800,150000,140500,135700
361,1,15000,3,1,15000,4000,87,77,72327,1000,20000,-2,13700,33600,37700,51500,55500,66000,81000,87300,839078,160097,189918,98500,-5,-2,-5,-5,-5,-5,-5,-5,-5,-5,-5
362,1,12000,3,1,12000,15000,16,25,19625,18000,-2,14000,22545,35000,30000,5060,32000,37750,-2,21223,21900,725,10913,640,25887,-2,52000,60500,64200,61721,62750,56000,40000,70000,-3
363,5,12000,3,2,12000,15000,32,31,29278,18000,-1,14000,-2,30000,6215,4000,8500,25000,1000,0,-2,-2,4475,5556,32080,9500,-2,14376,40512,3840,3900,3900,5200,0,-3
364,1,-1,3,1,-1,50000,87,88,87760,75001,-2,-2,-2,86100,46648,49960,47000,44000,42000,43500,51000,55000,53000,51300,63300,90700,141000,130000,160050,-1,117000,120900,250000,-5,-5
365,5,-1,3,2,-1,-3,59,58,51397,75001,-2,-2,-2,-2,-2,-1,-2,-1,-5,40000,-5,-1,-5,-1,70000,-2,-2,-2,126000,116000,440692,185000,173000,175580,-3
366,1,-1,3,1,-1,-3,47,56,61884,75001,-2,75001,6503,6006,50000,16000,-2,-2,-2,62000,92958,43364,189918,110000,0,-5,-5,-5,-5,-5,-5,-5,-5,-5,-5
367,5,30000,3,2,30000,30000,81,80,76624,35000,40000,50000,8545,12010,13500,14100,22050,21030,22550,25150,27150,26100,26050,27200,34100,45000,51000,56000,58000,58000,63828,53720,72200,114200,133600
368,7,40000,2,2,40000,40000,79,75,72481,45000,45000,45000,49000,50000,100001,15310,17750,17600,18600,19800,20100,21000,25000,9425,-2,23000,29000,34728,-5,51380,54472,58105,54190,61154,-5
369,5,46000,3,2,46000,50000,95,94,91042,45000,12,-2,27020,31770,37032,20015,77100,74930,70100,82300,87350,-2,89150,96020,65100,70200,90100,67050,158500,96000,440692,135004,128025,242010,345045
370,5,46000,3,2,46000,50000,89,92,89893,2700,45000,21400,39050,31790,36001,21080,63400,75810,68500,80800,74500,73630,189918,100700,117050,105000,120368,20000,127010,70020,100000,80000,80100,90000,120200
371,5,33000,3,2,33000,28000,59,59,69348,10070,12100,18080,-5,-5,-2,59131,50000,48327,44075,44479,36587,-2,-2,68064,-5,-5,-5,-5,-5,-5,-5,-5,-5,-5,-5
372,1,33000,3,1,33000,28000,77,90,94680,-3,7679,55000,-1,-1,-1,-1,-1,-1,-1,-1,-1,-1,-1,-1,-3,-1,-1,-1,-1,-1,-1,-1,-1,-1,-3
373,5,30270,3,2,30270,-5,17,19,11771,21410,14500,23000,21800,35470,35451,32300,-5,31336,40115,25000,31000,39000,40000,54875,46600,68000,83494,38000,69000,63000,-2,60000,55600,60000,176000
374,5,30270,3,2,30270,20000,17,16,15933,15341,11990,15864,-2,17640,19000,30000,30800,36080,25100,38000,65000,65000,80000,81000,30000,-2,189000,209240,-5,-5,-5,-5,-5,-5,-5
375,1,30270,3,1,30270,12255,11,10,11374,9591,14069,28000,17616,29032,37020,28000,-5,-2,-2,30100,-2,16000,-2,33000,-2,35000,20000,29868,17500,20000,13050,-5,20000,12000,17000
376,2,8500,3,1,8500,10000,89,76,83170,18000,30300,-2,26000,35000,30000,29600,13760,-2,49400,32600,22840,57636,48376,99000,57000,60000,40000,57000,60800,56000,73000,97000,110000,197000,90000
377,3,5400,2,1,5400,1250,32,35,32899,3500,-2,6700,-2,5000,-2,-2,15000,-2,-2,-2,-2,-2,-2,-2,-2,-2,-2,-2,10000,0,0,0,-5,-5,-5
378,3,5400,2,1,5400,6152,30,26,22233,10000,-2,5100,-2,-2,5200,15000,-3,-2,-2,31960,27000,-2,32000,-2,-2,-2,4000,-2,0,0,7000,0,25000,25000,27000
379,7,4900,2,2,4900,6152,1,4,13260,3360,147,900,2184,4500,-2,2536,9240,9492,9864,13828,14116,8796,-5,-2,10332,-5,-2,-2,-2,-2,2000,3110,0,-2,-3
380,3,-1,2,1,-1,26500,8,10,10471,27000,27000,45000,45000,28000,15000,19200,5000,-2,-2,-2,-2,-2,-2,-2,-2,-2,21000,24600,26000,21000,32400,-2,-2,0,12420
381,3,12320,2,1,12320,23500,68,58,49149,13500,-2,75001,70000,27500,-2,41500,35200,40250,36700,40150,42150,-2,-2,45200,44300,-2,90000,110600,105300,92040,105050,115090,110300,-5,-5
382,7,7065,2,2,7065,3581,5,7,11672,25000,35000,17980,1938,7500,7180,13000,20100,20570,-1,25500,24700,25601,13334,-2,-5,-5,24600,32400,-1,27000,-1,28800,28000,-1,-3
383,3,7065,2,1,7065,22000,25,32,34902,25000,-3,35000,45000,50000,70000,46000,-2,-2,-5,-1,-2,-5,-5,-5,-2,-5,-5,-5,-5,-5,-5,-5,-5,-5,-5
384,3,7065,2,1,7065,22000,27,27,40297,25000,-2,35000,45000,50000,26000,27500,-3,56300,-2,40240,46000,58100,81000,-5,-5,-5,-5,-5,-5,-5,-5,-5,-5,-5,-5
385,7,21500,2,2,21500,23378,28,35,39687,35000,40000,32000,25000,27130,27200,32150,29800,27630,33100,37050,44075,44000,47000,55000,57500,37000,53918,-2,71500,58000,80960,46050,85160,6230,38194
386,7,21500,2,2,21500,23378,55,52,63197,35000,40000,23500,30000,-2,23005,29000,35530,42050,40060,37040,-1,57100,53000,974100,66100,89500,88200,-1,-1,102000,-1,-1,-1,-1,-3
387,3,21500,2,1,21500,23378,1,1,5552,35000,-2,32000,25000,20000,-2,-2,12160,-2,32000,-2,14180,-2,-2,2898,1416,-2,30000,-1,150,0,18753,20916,1221,10080,10092
388,7,11148,2,2,11148,10300,73,71,78241,10000,25500,27000,30000,40000,62000,100001,-2,67900,25020,-2,34052,160097,31000,-2,28000,80000,60000,65000,70000,70000,-2,84400,63800,69000,77400
389,5,-4,3,2,39000,-5,-4,-4,-5,-5,-5,-5,-5,-5,-5,-5,-5,-5,-5,-5,30400,-2,31000,31700,32200,-5,-5,-5,-5,-5,-5,-5,-5,-5,-5
390,7,14000,2,2,14000,622,14,7,4998,1000,-2,2808,2196,1580,4646,-2,1740,-2,1755,1164,4008,6096,993,7500,1000,2802,-1,-5,-5,-5,-5,-5,-5,-5,-5
391,7,14000,2,2,14000,11500,16,20,23959,-3,-2,1896,3337,1640,3024,3140,-2,10000,-2,21779,-2,-2,37546,31920,21420,27169,-5,-2,-2,-2,35000,54000,61565,40000,41720
392,1,29000,3,1,29000,16429,88,90,93142,20060,21550,22020,26040,40480,49850,52050,53115,57200,57150,56200,42070,40050,45740,46200,65520,58860,70500,-2,92000,79000,88000,-2,89500,86000,80000
393,1,29000,3,1,29000,20000,67,80,76768,35000,-2,15500,16440,16636,24000,27480,29670,33000,47250,47700,47800,48100,61550,62030,71000,87200,65000,97000,68060,-2,-2,106000,108050,106000,103000
394,3,10000,2,1,10000,8850,5,5,6294,9400,-2,14508,6716,9920,18000,0,5400,-2,0,0,948,166,600,450,-5,-5,-5,0,0,0,0,2500,19164,-2,11244
395,7,-2,2,2,-2,-3,26,37,43910,-3,-2,-2,-2,3420,9188,7032,-2,-2,15240,1089,1140,6054,-2,1044,7908,0,3200,9144,10264,8732,20680,-2,-2,16308,26753
396,3,4200,2,1,4200,4970,17,12,19013,4292,3700,1200,-2,8800,-2,30000,33000,30500,20000,-2,14000,-2,10000,5000,38000,17000,16000,20000,8000,0,7179,11964,14400,12732,-3
397,7,-4,2,2,3900,-3,4,3,7921,5568,4884,1116,2796,1908,720,10565,6948,6912,2916,6600,2748,6516,3870,-2,12840,6420,0,13524,8340,11148,0,-5,-5,9660,-3
398,3,-4,2,1,5300,13008,34,28,17477,44000,-2,-2,-2,18000,-5,18976,-2,38168,0,-2,2770,5780,9970,-2,-2,12020,12828,13152,-5,-1,29400,15600,-1,16800,1400
399,5,25500,3,2,25500,27000,78,76,66314,29620,31891,38449,37050,37386,39100,40400,29650,31100,19450,31000,35080,36680,37100,40100,42000,44000,49000,58100,62500,68000,70000,75000,84000,215000,235000
400,5,25500,3,2,25500,27000,99,99,100000,26500,30000,35500,12000,24050,27050,39530,42500,72000,-2,64200,83300,55250,55000,58000,69000,71600,84000,84200,109250,77500,64500,104500,141000,161250,201000
401,5,20000,3,2,20000,-3,25,24,24833,2350,3056,5038,8724,4488,31610,27000,29190,30000,27904,36650,41345,29064,68000,55000,75000,27900,44000,66000,93500,59000,49000,54000,59000,60000,74000
402,5,-4,3,2,-2,5970,28,29,24406,17536,15900,21450,25651,28985,30160,32370,32960,24630,-2,28200,25920,17592,38081,21600,22800,23800,25200,216000,29100,-2,23000,21000,22000,24000,-3
403,1,-4,3,1,3000,-3,4,6,3253,-3,-2,-2,19666,-2,9000,-2,-2,-2,-2,-2,10686,4773,-2,7440,5200,-2,24000,-2,20540,28920,52028,49368,-2,-2,-3
404,1,22000,3,1,22000,25000,12,9,6911,30000,29754,32000,25000,35000,32000,45000,42430,-2,-2,-5,-5,-5,-5,-5,-5,-5,-5,-5,-5,-5,-5,-5,-5,-5,-5
405,5,20000,3,2,20000,25000,24,22,16239,30000,29754,32000,25000,35000,47000,13000,54000,-2,-2,9000,7000,10000,3800,5000,37000,38000,52000,55000,60000,60000,70400,80000,72000,78000,68000
406,1,22000,3,1,22000,25000,34,33,43726,30000,29754,32000,25000,35000,32000,40000,17000,-2,-2,26000,21000,29000,-2,9250,25100,30000,35000,58870,56000,49563,39291,38000,44811,55000,51500
407,5,15000,3,2,15000,16000,49,40,45758,23515,24500,22000,26500,3070,40000,14600,-2,38100,47600,-2,98350,54500,72500,74800,42000,87000,135000,131160,157000,181000,178100,221000,174000,196000,85000
408,1,35000,3,1,35000,24200,89,79,85102,13520,13823,18535,23515,43100,42300,37280,41900,40200,45500,-2,52200,53500,59100,61300,59000,60200,73100,73500,81000,81626,83289,88000,220000,70000,92000
409,2,-4,3,1,3617,4125,82,92,90513,5213,-2,-2,41100,-2,81000,89200,100001,61000,76500,84250,86450,90450,93200,117150,160150,123500,148600,408473,479983,260000,262780,497763,140000,220000,-3
410,1,16000,3,1,16000,-3,68,64,68615,11800,13650,16143,18578,24050,-2,39500,36100,33000,38000,41250,40000,42500,43600,22539,51500,57500,70000,90000,50966,56000,59708,51515,-5,-5,-5
411,1,20000,3,1,20000,30000,12,17,18169,7724,9453,9833,23100,26436,27308,7800,16400,-2,-2,16240,-2,-2,24524,-2,-3,8000,22000,37000,22160,8160,0,-2,2400,35200,-3
412,1,20000,3,1,20000,30000,59,56,64607,40000,25000,35000,10000,12000,12300,13300,-2,44400,-1,-1,46700,-1,20000,35000,42000,27000,65000,69500,-1,-1,90000,-1,108000,123000,130000
413,1,29000,3,1,29000,23200,26,23,21730,-3,9834,12567,-2,100001,74000,28050,41100,43000,37900,49500,50550,47020,34000,9625,-5,-5,-5,-5,-5,-5,-5,-5,-5,-5,-5
414,5,9500,3,2,9500,7800,65,64,73351,10800,15600,-2,-2,20840,32764,-2,30220,26200,27200,30912,57800,49800,53800,54000,57500,-2,67000,70000,73000,-2,82000,113000,-5,-5,-5
415,1,-2,3,1,-2,13600,14,12,9537,-3,28600,7720,35000,-2,43500,-2,32000,-5,18000,26410,21232,-3,-3,26200,35000,-2,80000,88000,114000,95000,91200,103000,114000,102000,113000
416,5,-2,3,2,-2,-3,73,68,53109,24650,49200,51000,37500,30700,50500,100001,-2,1057448,146942,-2,-2,160097,189918,150200,150500,150000,-1,-1,200000,454737,250000,-1,-1,-1,-3
417,1,-2,3,1,-2,-3,49,56,55338,30000,40000,51300,54400,50000,28500,31220,34000,35000,37200,37000,35000,39100,30000,31000,45050,107000,60000,72400,50000,50000,50000,110000,117000,120000,130000
418,5,6000,3,2,6000,14000,59,45,60767,18000,22600,26900,29000,9600,-2,-2,50000,34100,37700,-2,36300,68100,-2,-2,43000,-2,48680,59024,58300,60750,47400,28951,33412,49202,39596
419,1,18000,3,1,18000,22000,63,51,48516,-5,8800,18811,-2,6300,7700,-2,12000,34000,15000,11000,16000,13000,10000,14800,-2,-1,30000,26000,31000,36000,29514,34500,50800,38000,51000
420,1,18000,3,1,18000,22000,49,56,66045,14000,10500,535,-2,6166,7436,5900,-2,15002,10210,24000,-5,15100,19832,22000,36000,33000,26000,35600,41500,60300,55000,35000,37500,45000,65000
421,1,63000,3,1,63000,55000,99,99,100000,6700,8800,-5,5500,12000,9000,56000,56900,50000,60400,-2,57400,45000,46000,56000,-5,77500,102000,117500,-5,-5,0,-5,-5,-5,-5
422,1,63000,3,1,63000,70000,99,99,99379,10030,9500,19250,-2,23750,38000,36000,19000,44000,35000,52400,53000,57500,60000,61500,79000,80000,86000,49000,95000,80000,132000,85000,134000,180000,230000
423,5,70000,3,2,70000,70000,-4,-4,-4,12950,12100,5500,5860,2500,5000,6000,-2,-2,50000,31000,34000,61000,55500,40000,45000,84300,142000,-5,-5,-5,160000,195000,222000,225000,260000
424,1,-4,3,1,14000,17500,96,89,89434,20500,26600,32500,29500,34905,35000,33100,44100,53015,44105,43120,42130,49730,43000,-2,61907,49200,56150,50000,54800,-5,-5,-5,85000,-5,-5
425,5,-4,3,2,-3,17500,52,44,39354,21000,27500,32500,29500,-2,35100,33200,-2,58000,7200,31332,-2,46000,16001,11048,9100,9000,22800,32100,33200,28772,33200,19800,15540,13179,13236
426,4,-4,1,1,23400,30000,44,36,27838,27000,26000,28000,35200,38500,43060,46000,46500,43000,35000,46000,51040,65030,58000,65100,69000,86000,-5,85000,82000,111000,73000,82000,75000,75000,70000
427,5,-4,3,2,-3,-5,-4,-4,-5,-5,-5,-5,-5,50600,-5,-2,-2,-5,-5,35000,-5,-5,-5,75000,-5,-5,-5,-5,-5,88000,31914,-5,69000,-2,84000
428,5,-1,3,2,-1,8050,81,78,81231,5500,28150,28075,28050,30150,32200,34200,35524,40830,-2,48300,48000,-2,49000,-2,66000,-5,-5,-5,-5,-5,-5,-5,-5,-5,88500
429,1,40000,3,1,40000,35000,94,92,83776,8000,-2,-2,22250,-5,28000,48400,42000,-1,77000,-1,-1,-5,-5,-5,-5,-5,-5,-5,-5,-5,-5,-5,-5,-5,-5
430,1,40000,3,1,40000,-3,-4,-4,-4,-3,-1,-2,3200,-1,-1,-1,-1,-1,-2,-2,-1,-1,-1,-5,-5,-5,-5,-5,-5,-5,-2,-5,-5,-5,-3
431,5,-2,3,2,-2,-5,75,71,78081,-3,-1,-2,75001,15700,26940,29550,30704,37000,40030,43250,48630,52030,58060,67030,77000,83040,121450,80100,83010,84000,91742,42000,51000,50000,50000
432,1,19000,3,1,19000,-3,3,4,1513,-3,-1,-1,-1,8000,40000,34000,23000,30000,-1,30000,-2,28000,31482,40000,36400,-5,-5,-5,53920,15000,-5,-5,-5,17988,-5
433,1,19000,3,1,19000,-3,3,4,1622,35000,-1,-2,-1,35000,50000,20000,24000,24000,16000,25000,-2,24777,-2,27000,24000,35000,-5,33000,32278,23140,193800,-5,-5,25000,41400
434,1,15000,3,1,15000,17000,50,49,65734,16000,-2,35000,30000,45000,800,-2,35770,39505,35000,31000,31000,35000,35000,2400,55400,66000,67000,70000,77000,76000,67000,95000,89200,101000,-3
435,1,5000,3,1,5000,15000,16,23,26121,25000,18010,23000,-5,26000,20504,24000,35000,29950,32500,39829,41700,58500,72000,46500,65000,63000,49000,-5,-5,-5,-5,-5,-5,-5,-5
436,5,17000,3,2,17000,-3,65,58,68679,12000,-1,25000,-2,35000,20000,-2,-2,-2,-2,-2,25000,30000,31000,-2,-2,-2,-2,-2,16600,29000,2400,51050,84290,70887,74120
437,5,-4,3,2,19260,27793,63,64,71472,35325,32328,32047,33054,33030,35050,38035,39800,48010,50010,55010,55022,54050,63000,50025,65013,76000,79745,-2,95030,86000,97100,24102,52600,28760,40581
438,6,12000,3,2,12000,15000,69,80,79950,3050,19650,22020,14720,26100,20100,24300,38100,34100,32050,37050,44050,-2,41040,24300,55300,46714,30504,69900,83422,71550,71380,35000,41000,47500,47500
439,5,18000,3,2,18000,60000,81,78,75485,-3,75001,65000,-2,100000,80000,92200,42300,43300,53500,56250,72500,77260,75250,76150,91225,93200,95150,115300,148250,162200,161200,178350,176000,201350,199350
440,1,30000,3,1,30000,30000,54,53,48613,40000,32000,32000,57658,52000,78000,78700,36100,44000,47000,59285,60000,63716,-5,-5,-5,-5,-5,-5,-5,-5,-5,-5,-5,-5,-5
441,1,18000,3,1,18000,20000,4,5,10989,23000,18000,25000,45000,45000,50000,23376,53150,52080,41500,52500,64500,52200,53200,53000,70000,52000,20000,20000,-5,-5,-5,-5,-5,-5,-5
442,5,-4,3,2,14750,22000,43,56,64195,28600,31250,28395,36437,38787,43700,50500,46100,46200,52500,8500,52700,63500,61300,-2,88000,75000,73100,79000,85200,90300,-2,114200,105200,81000,87050
443,1,10000,3,1,10000,1654,89,96,97365,2700,1100,14352,17995,22667,55000,23200,29650,30600,40200,42000,48000,49500,50600,55350,82000,89100,103400,108300,118700,125100,133900,132100,-5,-5,-5
444,5,40000,3,2,40000,50000,62,72,80238,1250,2815,4983,2557,4365,12216,32900,-2,20001,21774,29010,37630,43075,-2,48700,53390,60000,69754,92029,82000,143000,148000,-2,144855,17000,86560
445,1,40000,3,1,40000,60000,69,77,93639,50000,30000,-2,-2,85000,1900,9300,37800,41000,28000,18020,28900,32000,-2,35001,36012,11917,43000,72000,47500,75000,99200,127100,140010,224000,239000
446,6,-4,3,2,7000,16000,29,29,25328,21192,22790,21938,30832,40568,40768,35000,40900,46200,50300,53920,53340,53500,58000,63200,13000,77000,197000,94780,87500,28000,-5,-5,-5,-5,-5
447,1,10000,3,1,10000,12000,11,18,16163,14000,13000,15000,21000,30000,25000,49930,20815,29000,-2,-2,-5,-1,25400,-5,-5,21400,30005,27320,22000,-5,-5,-5,52000,-5,-5
448,1,10000,3,1,10000,12000,3,5,3016,14000,17000,15000,21000,30000,25000,-2,9080,22200,-2,46025,30000,27000,-2,15520,-2,-2,-5,-5,-5,-5,-5,-5,-5,-5,-5
449,5,30000,3,2,30000,30000,68,50,47638,-3,-2,75001,-2,9040,8740,10686,-2,13050,13920,12808,-2,12928,13500,-2,-2,-2,-2,-2,59000,-2,-2,-2,-2,100045,-3
450,1,30000,3,1,30000,30000,31,25,27423,-3,-2,13865,19500,16000,50000,-5,-5,30000,32050,50,25000,26400,28215,28050,30300,30000,-1,28000,-5,-5,-5,-5,-5,-5,-5
451,1,30000,3,1,30000,30000,17,19,39692,-3,-2,75001,-2,-2,10009,-2,12000,-2,-2,-2,39000,44000,39000,-2,45000,-5,-5,-5,-5,-5,-5,-5,-5,-5,-5
452,6,1800,3,2,1800,2000,37,46,55829,7000,7900,11000,3010,4500,6000,32000,23050,21910,30040,51020,46100,37000,33200,44123,43897,47060,63581,86008,80000,93050,96001,-2,-2,-2,73000
453,1,30000,3,1,30000,37000,73,70,72199,40000,40000,-5,-5,-5,-5,-5,-5,21680,24580,28180,32600,24300,28870,27506,37000,-5,37400,57296,55300,56580,-5,-5,-5,-5,-5
454,5,-1,3,2,-1,-3,66,78,79336,-3,-2,19030,-2,35000,13050,42400,54700,-3,500,20050,27500,28000,31040,27552,30000,-2,5600,-5,-5,-5,-5,-5,-5,-5,-5
455,5,-2,3,2,-2,-3,87,98,94516,-3,-2,52000,1300,450,450,41000,97000,1057448,68000,159805,839078,-2,189918,150800,244343,-2,-2,408473,479983,454737,-2,-2,-2,-2,97000
456,1,37000,3,1,37000,7375,52,64,48986,3638,68600,73550,16580,20620,25000,26000,40000,30650,146942,15200,17150,25400,35400,33100,35050,-2,47500,408473,52500,67020,72000,71353,132500,40000,67000
457,1,35500,3,1,35500,2375,64,80,78555,6222,6400,68500,45000,20000,29050,31550,41600,41000,43200,58200,50200,38200,45400,53200,44300,48100,61000,52020,53200,54000,62100,60100,75100,90030,186650
458,5,40000,3,2,40000,50000,93,82,86548,45000,70000,50000,60000,23200,20600,44150,18400,22600,24700,68700,63125,-2,-2,-2,-2,-2,-2,115500,133650,-2,146000,-2,169000,-2,-3
459,5,20000,3,2,20000,12000,78,87,85905,17000,14000,20000,20000,-2,19320,35400,-2,-2,-2,-2,53800,-2,-2,-2,-2,85000,101500,98500,120000,-2,140200,169000,182000,180000,280000
460,5,10000,3,2,10000,30000,38,35,31254,-3,20000,32500,41520,45000,30000,32800,38550,-2,30440,33000,23003,-2,-2,29540,51920,57932,46000,35633,35672,24188,26000,28050,33000,40000,43000
461,1,40000,3,1,40000,44000,90,89,90491,45000,7000,52000,58400,70000,24800,26150,28000,31100,54080,59000,58000,67030,65012,75012,60003,64000,64698,60000,85000,85000,84000,85000,92000,101000,104000
462,5,-2,3,2,-2,18000,93,96,95252,26000,24071,30000,40000,50000,50000,-2,17200,90975,55000,53600,58300,65100,68300,-2,79500,83000,99000,99500,96000,-2,110500,110100,105000,90500,766958
463,1,-2,3,1,-2,55000,75,78,79958,45000,17215,21000,20910,18825,18000,-5,23005,8015,11000,19000,17600,15352,10000,7700,-5,20000,-5,-1,-5,-5,-5,-5,-5,-5,-5
464,1,26000,3,1,26000,25740,85,81,79330,32000,25900,30000,32800,35950,38550,43000,41100,42500,48200,50300,51400,55000,70300,88200,81200,84150,94000,89350,118600,114500,108000,113000,122000,134000,208000
465,5,17500,3,2,17500,36000,77,86,85844,45000,70000,15305,21446,19960,22277,26800,31646,40850,6690,10431,18100,18020,23859,58500,125920,-2,-2,160055,172000,113380,106968,65700,-2,181400,266700
466,1,-4,3,1,10025,3090,-4,-4,-4,8285,6621,19950,10950,23825,-5,-2,14265,15725,15985,19950,28050,37050,37150,34150,12130,26000,32000,40000,44000,40863,53000,47000,55000,62000,60000
467,5,70000,3,2,70000,70000,96,95,95508,2025,6500,10500,10000,-5,-5,-5,-5,32600,38050,34540,37200,40030,48500,41500,-1,-1,-5,-1,65000,-1,-1,59952,-5,-5,-5
468,1,-4,3,1,-3,6160,98,93,90968,10180,14500,19473,19700,23959,33050,42150,47250,50800,37500,37900,45500,38300,49100,49500,58600,71500,105800,125000,134600,141500,170700,182800,221000,331000,158000
469,4,-2,1,1,-2,40000,22,21,31053,-3,2483,-2,-5,-2,-2,-2,-2,-5,-2,-2,-2,-2,-2,-2,-2,-2,9100,-1,-2,-2,-2,-2,7000,-2,-5
470,2,5040,3,1,5040,-3,9,6,11350,1000,-3,10915,-2,16900,17000,20500,21000,13000,17000,14828,20250,11035,27000,20400,11000,25000,28000,20000,46000,58000,26000,30000,30000,30000,30000
471,5,-2,3,2,-2,20212,38,32,28506,26266,24167,20794,20890,22385,40000,45299,44500,48040,54020,52050,46862,55000,68819,74040,63020,86020,95560,97784,51520,46913,35948,40556,52236,135700,326216
472,5,-2,3,2,-2,-3,28,31,29752,17825,2236,11974,14018,19140,15367,28235,38020,21404,43000,43000,50025,50060,51200,57552,70028,50000,-2,26227,35318,27365,27630,12496,13764,-5,-3
473,1,-2,3,1,-2,-5,-4,-4,-5,-5,-5,6244,2860,6217,-5,-5,8636,4188,6720,3760,8625,10500,14000,11500,-5,-5,-5,20000,21741,28080,24887,28000,29400,29640,14832
474,5,-2,3,2,-2,-3,26,30,40756,-3,1666,-2,17000,15000,11900,12200,-2,41000,33010,36546,45732,37788,41000,22000,31216,34400,33300,44700,40000,41800,32000,32000,35000,35000,100000
475,5,-2,3,2,-2,-3,18,13,20137,0,1840,481,1463,9526,8055,4000,-2,1560,6103,6710,3550,6000,11000,13000,12000,13000,15000,23000,22000,21000,25000,8000,10000,-1,12000
476,5,20000,3,2,20000,20000,-4,-4,-4,26000,30000,30000,28000,30000,35000,47060,28100,29200,25100,29595,33350,37452,50736,45420,40000,64100,68000,58260,82000,78330,80050,70366,50550,67000,63375
477,1,-3,3,1,-3,-3,15,17,32913,35638,39000,35000,44500,41000,3300,6032,37,11000,17524,8000,12688,11836,9620,34896,12000,34000,25000,15000,19000,0,-2,-2,18000,24000,26000
478,6,-4,3,2,28200,27000,54,42,51719,35638,39000,35000,25000,40000,58068,64080,-2,-2,64840,56600,44600,62800,67400,15000,15000,115000,100000,31000,40000,0,90200,50000,65168,122200,88200
479,1,24000,3,1,24000,25000,59,56,76189,27000,32000,2900,14094,15804,-2,13134,14401,29500,23810,22000,22000,32905,-2,64050,97200,96000,110160,101000,110000,128200,123000,140900,143200,176800,163500
480,1,30000,3,1,30000,35000,56,57,51896,52000,50000,62000,62850,54000,50000,40700,46000,49000,61700,65200,79690,72000,-2,-2,-2,-2,98000,-2,120000,-2,106000,108000,42311,52000,-3
481,1,30000,3,1,30000,35000,98,99,93653,35000,40000,42500,15025,30070,41009,51300,60000,70000,146942,159805,839078,160097,100000,102000,2000,142000,103000,151200,205222,141000,127500,120100,120020,240300,115000
482,1,50000,3,1,50000,30000,83,88,77991,33000,31000,34000,4510,7550,30100,32050,18200,64100,70500,80100,87000,95010,189918,114200,130500,75580,178000,202500,225000,240000,257300,497763,180100,175000,215200
483,1,52000,3,1,52000,40000,74,58,47109,40000,42000,16040,16470,15100,33000,50160,43840,-2,-2,31720,41400,43200,44100,36500,51000,71000,-2,115000,104600,454737,142000,260350,250100,288300,330000
484,1,52000,3,1,52000,17000,17,15,13303,30000,40000,60000,33000,40000,33000,17027,12000,8000,15019,18000,23400,20000,10095,30000,22000,40000,80000,31200,32000,7000,59000,30000,25000,20000,20000
485,5,24000,3,2,24000,24000,19,14,8229,25000,35000,7000,23000,80000,80000,38000,40300,43200,44464,36100,34000,35300,37100,42000,49400,12000,63000,62300,77500,72500,74000,72300,80000,80100,75000
486,1,24000,3,1,24000,24000,30,35,50498,25000,35000,50000,40000,18020,30500,27256,26100,48500,32300,40200,839078,-2,40000,30500,244343,140500,138000,225000,479983,265000,-2,497763,200000,251000,181000
487,5,-1,3,2,-1,-3,53,53,44363,9350,-2,365,2686,5596,38000,13090,14000,16030,17030,19057,42000,46600,50090,58090,57300,78700,77150,83717,100050,97070,150520,-5,99012,71895,-3
488,1,-1,3,1,-1,-3,35,48,56470,40000,-1,3000,7064,9014,11800,16000,15000,15000,29968,30010,25040,32957,25210,24400,15000,57600,42000,69000,60000,70000,71045,75100,82000,90000,120000
489,1,30000,3,1,30000,30688,72,70,59586,35000,40000,-2,39820,50000,35000,38100,-2,-2,-5,-2,45200,53500,-2,-2,70000,93000,110000,90000,93000,-2,160000,69020,95000,75000,-3
490,1,-4,3,1,13740,-3,21,27,30006,18639,8664,17086,16480,-2,-2,-2,-2,-2,-2,-5,-5,-5,-5,-5,-5,-5,-5,-5,-5,-5,-5,-5,-5,-5,-5
491,5,46000,3,2,46000,26000,16,11,13761,4682,3042,7200,21500,31000,29000,34000,10000,15000,7000,12000,12000,10000,20000,50040,70010,65000,30000,48000,20000,22000,38200,-2,20000,-2,28992
492,5,46000,3,2,46000,26000,52,53,54285,27800,14000,23212,47588,48100,54450,58242,62650,57900,51900,47400,50200,80825,99448,-2,29440,96000,151500,157652,150800,38200,55874,108270,-2,119056,39300
493,1,46000,3,1,46000,26000,49,65,73292,27800,14000,2000,9000,8000,30000,-2,-2,23196,-2,-2,-2,42100,41000,32020,62700,1888,70000,70060,112000,77200,85050,70000,-2,129000,114000
494,5,30000,3,2,30000,-3,84,81,83731,65000,75001,68000,20596,32155,-5,45000,-3,53007,59120,55357,59100,57485,60520,68000,79000,-1,109000,-5,-5,-5,-5,-5,-5,-5,-5
495,5,30000,3,2,30000,-3,74,64,69070,65000,75001,68000,-2,24650,41200,42200,-2,35050,32550,35260,53160,37572,49190,8669,20652,33624,33585,38645,35991,34102,33326,33200,40729,44800,44903
496,5,30000,3,2,30000,-3,94,87,92866,65000,75001,68000,6600,8468,11000,12695,12181,19043,20510,15500,19560,19275,22520,26015,34000,28025,114422,30900,66100,56000,59800,70400,75200,79200,87492
497,1,35000,3,1,35000,25054,26,25,23788,23981,26175,35672,-5,30800,37900,31000,-5,32300,-5,-5,-5,-5,-5,-5,-5,-5,-5,-5,-5,-5,-5,-5,-5,-5,-5
498,1,40000,3,1,40000,45000,-4,-4,-4,26000,45000,55000,-5,23596,19992,19025,-5,-5,49800,65441,47020,45500,42800,59000,64000,-5,-5,-5,-5,-5,123848,115228,-5,80000,96000
499,5,40000,3,2,40000,45000,38,40,39163,-3,31160,-2,27150,37394,34254,41900,47000,49000,57000,58000,-2,60800,65500,74200,76000,93200,102000,103200,43200,44000,44000,49000,41200,-5,64150
500,5,40000,3,2,40000,45000,63,57,64295,26000,45000,-2,52000,50000,70000,-2,-5,-5,22536,75600,-2,49000,43026,-5,39300,-5,-2,93010,93200,110140,98990,98920,110000,-5,137000
501,5,30000,3,2,30000,27000,69,67,78966,40000,45000,44000,45000,50400,8100,12000,-5,0,27500,36000,38000,38600,40000,32700,-2,-2,87000,135400,117000,142300,165800,159600,178000,294000,-3
502,1,30000,3,1,30000,35000,78,70,71792,42000,45000,25025,29010,32015,38030,44100,47500,49000,51500,49200,49300,40100,44200,51050,62080,67150,85020,83080,140000,233200,166000,103030,124200,128500,128150
503,5,30000,3,2,30000,-3,40,45,56773,29705,32200,35399,-2,-2,38100,50020,0,60100,50200,50200,-2,52100,65600,80500,75000,115500,119000,122000,114000,-2,79800,-2,120000,329000,130000
504,5,30000,3,2,30000,31000,11,13,19412,8400,15600,40000,-2,-1,-5,8500,-2,0,15750,6240,6852,6324,8269,10444,4900,-5,-5,19090,94600,104800,103800,104800,104800,100000,-3
505,1,55000,3,1,55000,16000,38,28,26498,20500,10190,25000,6500,23000,2200,11500,-2,-5,24600,26000,-2,-2,-2,-2,-2,-2,-2,61000,32200,18300,-2,4200,11124,11340,-3
506,5,55000,3,2,55000,-3,43,42,43741,-3,40000,25000,10912,13000,15000,18000,-2,-2,20000,22000,23000,23000,15521,15400,15400,30200,37900,41500,47000,48200,50000,19456,7042,17988,-5
507,5,26000,3,2,26000,32504,60,65,70767,38000,9666,21200,14000,15000,12020,17700,18000,23000,22000,28200,30960,41650,44400,34900,40000,46000,51000,76000,78000,56200,37580,51000,48000,62000,-3
508,1,26000,3,1,26000,32504,25,21,23980,38000,0,10600,600,19000,-2,17000,-5,21500,15230,35010,38025,43150,38420,54200,76200,24100,92200,-5,-5,-5,-5,-5,-5,-5,-5
509,1,32000,3,1,32000,37000,73,80,87400,46000,47000,52000,75001,37300,-5,-5,-5,-5,-5,-5,-5,-5,-5,-5,-5,-5,-5,-5,-5,-5,-5,-5,-5,-5,-5
510,5,30600,3,2,30600,30000,87,77,85325,6000,10700,14130,33425,33100,-5,-5,-5,-5,-5,-5,-5,-5,-5,-5,-5,-5,-5,-5,-5,-5,-5,-5,-5,-5,-5
511,1,30600,3,1,30600,30000,80,85,90277,45000,34900,-2,29000,12535,25226,28040,-2,-5,-1,-1,-2,-5,-5,-5,-5,-5,-5,-5,-5,-5,-5,-5,-5,-5,-5
512,1,34000,3,1,34000,-3,49,46,47966,38000,40000,-5,-5,-5,-5,-5,-5,-5,-5,-5,-5,-5,49300,-5,-5,60000,-5,-5,-5,-5,-5,-5,-5,87000,-5
513,3,8204,2,1,8204,-3,43,46,51831,-3,-2,-2,18000,31010,33100,38650,-2,83200,68008,84500,90000,160097,189918,-2,-2,-2,131290,160000,135300,68096,79680,105200,104180,149000,-3
514,7,8204,2,2,8204,-3,9,7,11503,8400,-2,6752,4811,5000,2500,3600,5736,6480,6744,4944,10824,9000,9276,10524,-5,0,10000,0,0,0,0,0,2400,-5,-5
515,5,24000,3,2,24000,-3,16,13,21063,20000,17000,22000,25000,27000,35000,-2,-2,-5,-5,40800,29200,29200,35000,-5,-5,-5,-5,-5,-5,-5,-5,-5,-5,-5,-5
516,3,7000,2,1,7000,8000,4,7,5250,-3,6000,-2,5000,3000,-2,0,-2,7000,600,700,0,-2,-2,0,-2,-5,-5,-5,17500,-2,-2,-2,0,0,-5
517,3,7000,2,1,7000,8000,8,8,3292,7000,-2,3500,2400,9000,16000,-5,7000,3000,250,-5,6000,16000,19500,23000,-2,25000,-1,12000,3000,7000,3000,-1,1300,0,0
518,3,7000,2,1,7000,8000,5,7,15956,7000,840,-2,1760,2688,-2,-3,988,450,800,-2,3000,-2,-2,4000,35000,-2,-2,7800,11050,0,0,0,0,-5,0
519,7,7000,2,2,7000,8000,2,2,2837,7000,6000,-2,5000,0,-2,5236,5640,-2,0,-2,-2,4104,5608,-2,-5,-2,19000,19000,0,4100,10000,11350,0,-2,0
520,3,35000,2,1,35000,30000,22,29,26381,30000,-2,15000,24200,25504,34044,28500,31832,-2,35700,36767,41000,70000,-2,-2,-2,75000,-2,85000,89000,130000,109000,116581,-2,58000,75010
521,3,35000,2,1,35000,30000,28,44,37473,30000,-2,23000,28000,50000,52000,-2,-2,-2,-2,-2,-2,-2,-2,-2,-1,50000,-2,-1,80000,-2,-2,60000,-1,-1,-3
522,7,35000,2,2,35000,30000,7,10,4798,30000,-2,23000,27880,46000,-2,-2,-2,-2,-2,-2,-2,22000,21300,23000,25000,27000,-5,-5,-5,-5,37000,-5,29666,58004,-5
523,3,35000,2,1,35000,30000,15,16,23333,30000,-2,23000,28000,45000,-2,-2,-2,-2,-2,52000,25456,30435,23500,23000,3708,52000,-5,-5,-5,-5,131000,119000,-5,151000,132000
524,3,-1,2,1,-1,-5,42,51,49749,-5,-5,-5,-5,-5,-5,-5,-5,-5,-5,9715,12010,14000,17000,-5,-5,-5,-5,-5,-5,-5,-5,-5,-5,-5,-5
525,7,-1,2,2,-1,-5,-4,-4,-5,-5,-5,-2,-5,-5,-5,-5,-5,13575,28000,15015,15000,16000,37000,39000,36000,-2,-5,-5,-5,-5,-5,-5,-5,-5,-5
526,1,-4,3,1,37000,30000,22,16,13105,25000,30432,32220,75001,41000,63500,-2,76000,1057448,83500,75000,839078,160097,36200,-2,-5,332808,390662,408473,-5,-5,-5,-5,-5,-5,-5
527,5,-4,3,2,14000,24000,82,64,61184,30000,40000,11012,31810,35220,14220,15500,19505,23050,23210,-2,27750,28500,30250,35200,30900,40000,39500,45020,50000,62000,78000,75000,75000,78000,79000
528,5,-2,3,2,-2,10000,27,22,30237,-3,22000,7000,22000,21500,22000,27500,45300,50050,50100,43100,42000,53000,26000,35724,39200,91040,175000,100000,78000,97100,117125,136000,130000,95900,117300
529,5,-4,3,2,23780,-5,-4,-4,-5,-5,-5,35670,30320,40050,37550,-5,-1,40050,49550,50350,41410,38050,38700,-5,-5,52000,-5,-5,-5,-5,-5,-5,-5,-5,-5
530,5,-4,3,2,-3,18000,12,8,5291,-5,21000,6096,7128,20380,6121,-2,10000,-2,-2,41100,-2,2028,7380,-2,22500,-5,-2,48000,3032,-2,6273,12516,-2,-2,-3
531,1,-4,3,1,10800,18000,10,12,5935,-5,21000,6096,7320,20380,6121,-2,-5,35000,-2,44100,-2,-2,5180,-2,30000,-5,18000,48000,8000,3438,7608,12552,14832,-2,-3
532,5,-4,3,2,25000,20000,10,13,13162,33800,44000,30100,-2,50200,-5,-1,-5,-5,-5,-5,-5,-5,-5,-5,-5,-5,-5,-5,-5,-5,-5,-5,-5,-5,-5
533,5,25000,3,2,25000,32000,55,47,55185,30500,34000,35000,45000,44000,45000,12000,14000,54000,52000,43200,47000,45100,44000,58060,59000,54000,64600,88000,94250,96000,90000,99000,90000,99000,120000
534,1,22000,3,1,22000,32000,4,4,982,30500,34000,35000,45000,44000,26000,35404,32000,31000,36000,17500,27000,24500,26000,26597,30000,28500,45500,45000,44500,65000,93000,61000,73500,62800,69375
535,1,12000,3,1,12000,21600,27,23,33208,21000,700,1200,700,-2,18000,20000,12000,-2,-2,3000,-2,37800,-2,3000,-5,-5,42000,-5,20000,-2,0,-5,20000,-2,18591
536,5,12000,3,2,12000,22382,2,4,3052,27000,25000,27000,5270,-2,-2,19325,10260,11448,11000,19000,8840,500,6000,3000,5000,3540,5328,-2,0,984,265,-2,-5,-5,-5
537,1,12000,3,1,12000,22382,2,4,1356,27000,25000,27000,26000,0,22000,5000,12000,-2,-2,19000,-2,-3,-3,30000,500,-2,-5,-5,-5,0,0,0,2268,18984,27072
538,1,-4,3,1,7000,20400,24,23,15896,20540,10998,4001,8920,8712,10500,7900,12900,9000,18000,24000,25700,10000,17100,10814,16160,5400,12300,15888,9600,10548,137088,-5,24948,16652,-3
539,1,11000,3,1,11000,42000,93,81,85990,12550,12400,12000,12000,-2,-5,-5,-5,-5,-5,-5,-5,-5,-5,-5,-5,-5,-5,-5,-5,-5,-5,-5,-5,-5,-5
540,1,11000,3,1,11000,40000,25,13,16138,4240,12520,32400,-2,15000,-2,36000,4000,16000,24000,15000,16000,28000,30000,55000,41000,-5,73000,50000,60000,60000,65000,-5,-5,-5,-5
541,1,11000,3,1,11000,40000,18,16,23134,2050,5800,7000,19500,17200,24000,26000,-5,-5,-5,-5,-5,23000,22000,-2,41000,28000,28000,56000,40900,-2,-2,80000,-2,-5,-5
542,5,23000,3,2,23000,18000,-4,-4,-4,35000,-2,3200,35200,36000,38000,40000,46000,46000,48000,48204,55010,58000,60000,67000,65000,68000,32740,40000,40000,63000,-2,68800,78400,77948,35000
543,1,60000,3,1,60000,60000,23,25,21108,65000,70000,53441,-2,75300,-2,60300,28000,50000,47000,47000,61000,46000,53000,31000,142100,92000,146000,134160,180000,86300,-2,-2,8556,8820,-3
544,5,60000,3,2,60000,60000,30,23,23501,65000,-2,13000,24000,60000,50000,39500,58162,39000,51000,44000,60000,15000,15600,-2,37000,68000,74000,72999,-2,105000,91000,100000,75000,43786,54210
545,1,50000,3,1,50000,60000,63,57,54446,55000,-1,-2,-5,-5,-5,-5,-1,58000,-5,78800,74000,83900,77000,-5,-1,-5,-5,-5,-5,-5,-5,-5,-5,-5,69100
546,5,25000,3,2,25000,47000,22,22,28073,-3,200,6916,-2,15000,12880,30000,10200,12000,7980,11816,41600,55398,48000,50000,56000,36000,62708,64348,79224,167976,94028,94944,102056,97643,112400
547,1,25000,3,1,25000,47000,38,46,45744,15000,31000,21678,37300,36000,38160,51000,44000,51000,60000,63000,59000,61000,65000,74505,101000,92000,120500,137000,126002,108000,111000,105430,114000,111981,179666
548,5,27000,3,2,27000,30000,63,63,72071,-3,35000,-2,15600,28400,-2,36800,50050,65600,46600,99625,51000,48020,13000,71875,-5,52200,-5,59520,95000,98100,97000,92250,42000,72400,69000
549,1,-1,3,1,-1,29000,42,43,42319,-3,66000,64000,75001,70000,100000,-2,-2,-2,49050,50075,-1,30600,53150,64000,-2,72000,79000,101245,100000,145620,82328,91788,76000,94400,152000
550,5,-4,3,2,22300,23100,79,82,81039,22080,25465,29895,25150,25586,31000,30200,39200,38600,41180,44150,53350,64080,55570,61270,96200,10200,56717,46856,40032,45000,82552,37794,33000,130000,100435
551,5,20000,3,2,20000,-5,-4,-4,-5,-5,-5,-5,-5,-5,-5,-5,-5,-5,-5,-5,-5,-5,-5,-5,-5,-5,-5,-5,-5,-5,-5,-5,-5,-5,-5
552,5,35000,3,2,35000,-3,81,97,94578,-3,-2,47000,30000,-5,-5,-5,-5,-5,-2,-2,-2,-1,-1,-1,-1,-1,-2,-1,72500,-1,-1,-1,-1,-5,-5
553,1,35000,3,1,35000,40000,99,99,99154,45000,-2,47000,50775,65000,13500,82000,18500,21000,24075,159805,839078,160097,91200,94100,86100,114000,118000,111400,100300,112200,105100,121224,146000,161000,221000
554,1,35000,3,1,35000,40000,72,80,91427,38000,40000,4344,70000,5810,42450,11600,15000,-1,-5,48700,-5,58500,76000,-5,75000,89000,70000,80050,106100,159000,146000,168476,258500,288200,287000
555,1,13000,3,1,13000,10260,-4,-4,-4,40000,4500,-2,13000,16500,20000,36000,20000,52000,50100,52500,55000,48000,52000,62000,37200,42000,26000,40000,38000,900,1500,5900,112000,-2,56000
556,1,44000,3,1,44000,42000,72,93,86423,12625,27150,30400,36000,32450,37450,47700,52500,50500,81000,82500,87400,95350,98500,130600,125400,166000,-2,139500,189000,-5,-5,-5,-5,-5,-5
557,5,37000,3,2,37000,6650,99,99,99324,3104,2320,11517,21525,17060,33400,35400,34700,24300,16056,31526,32313,34826,32120,40150,35036,-2,35200,44000,46215,58014,59000,-2,48000,42750,34821
558,5,37000,3,2,37000,40000,79,80,83317,36000,-2,50000,35000,4967,55000,59269,29600,39383,51000,55162,52700,55200,37100,69500,68150,88600,-2,105000,110000,-2,111124,-2,124000,128000,122000
559,1,-2,3,1,-2,45000,94,95,95070,20000,2990,-2,-2,9180,15380,11750,10500,31500,42500,43250,43020,50100,52100,60835,74050,65000,87000,91000,112000,137000,140000,160100,176000,-5,-5
560,1,33000,3,1,33000,14225,57,57,62344,9845,22300,7984,10200,11200,15250,20000,30255,12100,13200,12000,26000,15000,24000,9500,0,19500,114000,68000,78500,107000,52000,75000,28200,82500,32000
561,5,60000,3,2,60000,3060,73,75,76633,7400,12600,6955,7300,6510,8500,13650,15030,16000,17000,20025,21000,21100,21700,22035,23700,37075,35075,35600,44000,50100,59000,60000,69025,85000,83000
562,1,45000,3,1,45000,40000,63,62,64432,45000,-2,55000,65000,45000,-2,8000,15200,17100,17200,26600,28500,30300,29500,30500,68000,79500,79000,50000,56000,67500,84000,92000,122000,110000,110000
563,5,-4,3,2,-2,18000,36,42,44891,-3,20000,27200,23480,31200,-2,48100,-2,61000,90360,-2,-2,-2,-2,-2,244343,-2,-2,155000,114050,-2,-5,-5,-1,922631,-3
564,1,45000,3,1,45000,32000,39,45,33668,40000,13396,1400,7303,24300,30430,32800,29000,12050,16600,33000,-2,23000,53000,-5,65050,-5,-5,-5,53000,64000,46931,-2,-2,75000,77000
565,1,45000,3,1,45000,75001,44,36,35041,10000,6500,23700,-2,-1,17000,-2,22070,20300,25200,25020,-2,20000,25000,22000,33000,45100,60000,30000,55000,60000,72000,90000,130000,148000,163500
566,5,45000,3,2,45000,-3,25,22,24660,26240,6000,-2,5388,-2,-5,-2,-5,-5,-5,20000,22100,-2,-1,-5,16000,-5,-5,0,-5,-5,-5,-5,-5,-5,-5
567,5,20000,3,2,20000,35000,43,51,49801,36000,30000,40000,45000,48000,56558,50230,62017,40020,42000,48050,49000,75000,63000,50000,92000,112000,-1,408473,479983,454737,71450,100000,177000,170000,115000
568,5,-1,3,2,-1,-3,54,46,54083,-3,-2,-1,-1,-2,-5,-5,-5,-5,-2,-2,-2,-2,24400,23000,-2,-2,-2,-2,-2,-1,-2,-2,-2,-2,93500
569,1,-1,3,1,-1,-3,85,85,87453,27000,47000,37700,37830,39000,-2,32200,43000,53075,32000,30000,38000,40000,42000,-5,52000,-5,-5,-5,-5,-5,-5,-5,-5,53000,48000
570,1,-1,3,1,-1,-3,99,97,100000,2700,-2,-2,-2,39000,-2,79020,34400,42200,39100,38100,41660,44010,29170,40025,80100,90000,119305,136000,135500,147500,154000,179000,161200,248000,217000
571,1,-1,3,1,-1,-3,58,58,75727,-3,-1,-1,-1,-2,-2,16010,-2,33000,146942,86030,41005,37500,32010,34000,-5,61000,59000,63000,67000,90000,120000,85000,79000,104000,94000
572,5,-1,3,2,-1,-5,-4,-4,-5,-5,-5,-5,-5,-5,-5,-2,-2,-5,-5,-5,-5,-5,-5,-5,-5,-5,54000,-1,134280,-1,-5,-5,-5,-5,-5
573,1,-1,3,1,-1,30000,67,66,69447,20000,38000,38000,-2,-2,-2,-2,-5,31075,32400,37200,40000,38000,40050,52500,73000,65000,60000,76775,58400,65000,57500,89459,88300,93980,134400
574,5,-1,3,2,-1,30000,39,29,35314,20000,38000,38000,-5,74500,74500,100001,-5,78000,-2,159805,-5,-5,-2,-5,-5,-5,-5,-5,-5,-5,-5,-5,-5,-5,-5
575,1,-1,3,1,-1,-3,99,99,99707,10790,13761,8000,6638,8515,27300,29036,30500,32000,31550,32710,38020,43000,41050,42500,44400,40800,28000,30010,-5,-5,-5,-5,-5,-5,-5
576,5,-3,3,2,-3,-3,94,89,86676,-3,-2,-2,-2,-2,-1,-2,21100,41600,43250,45200,27200,40200,-2,54100,55650,50200,-2,64100,67030,71600,77700,95000,-2,115600,-3
577,5,-1,3,2,-1,-3,93,97,96036,-3,-2,-1,-1,-1,-1,-1,-2,-2,-1,-1,-1,-1,-2,-1,-1,-2,-1,-1,-1,-1,-1,-5,-5,-5,-5
578,1,-3,3,1,-3,-3,99,98,98253,-3,-2,-2,13400,5000,11500,16000,20800,16700,146942,10000,14200,18030,19810,25040,55000,-2,35000,46000,64000,67000,104000,-5,-5,-5,-5
579,5,30000,3,2,30000,-3,75,61,72569,34000,54600,55000,54000,-2,-5,-5,-5,50500,49100,50400,51250,60300,60350,-5,65300,-2,-2,80700,102000,90318,100800,205200,86000,70750,155000
580,1,25000,3,1,25000,32000,63,46,41508,34000,54600,55000,54000,26000,-5,-5,-5,-5,32050,41000,-2,52000,54500,54100,71700,94800,76300,78500,-5,-5,-5,-5,-5,-5,35000
581,1,-4,3,1,17300,12300,95,92,93783,14041,22070,17435,21015,16500,14012,20100,20000,50000,42000,51000,36402,38200,33000,45000,66000,58000,72500,47000,0,49000,-5,-5,-5,-5,-5
582,5,-4,3,2,7000,8500,66,88,91677,-3,7500,9000,4000,-2,10000,-2,-2,12000,6500,-2,13000,35000,40620,36000,25200,19237,43000,42000,-5,-5,-5,97000,-1,-5,-5
583,1,-4,3,1,8850,9500,81,84,73326,11906,17475,15780,35623,38200,39400,28450,29200,15400,24000,36699,42204,41026,50900,-2,37900,46000,59900,71500,36000,34000,71300,86600,145018,87000,102800
584,1,20000,3,1,20000,20000,31,33,37337,20000,25000,25000,-2,35000,12950,24880,33000,32480,53000,46800,33000,36000,60000,-2,-5,11000,-2,-5,-5,-5,-5,-5,-5,0,1386
585,5,23000,3,2,23000,20000,24,23,25699,-3,8339,3515,-2,22205,30000,2280,5248,-2,-2,-2,7212,29180,34348,22500,34240,-2,-2,80000,60200,-2,65000,-2,-2,0,-3
586,2,5000,3,1,5000,-3,17,25,22424,8000,7000,-2,9000,1664,9000,9000,10435,10000,10000,10000,16000,10000,0,940,-5,-5,-5,-5,-5,-5,-5,-5,-5,-5,-5
587,2,9600,3,1,9600,1400,-4,-4,-4,2400,-3,1100,-2,10000,12000,2000,-2,-2,5000,3600,7292,10000,22332,-2,450,-2,2500,-5,1500,-2,-5,-5,-5,-5,-5
588,6,9600,3,2,9600,-3,3,2,4328,4000,10000,-2,5400,-2,10368,4379,-3,4356,11805,13932,8924,-2,-2,-2,0,9888,10752,-5,-5,-5,-5,-5,-5,-5,-5
589,6,9600,3,2,9600,-3,-3,-3,229,4000,10000,-2,5400,5124,10348,11292,-2,12636,10020,14064,6000,11448,-2,-2,-5,-2,6300,7836,-2,6360,7824,-5,-2,39768,32466
590,6,-4,3,2,-3,-3,-3,-3,6771,9206,9744,9408,23676,8508,9760,8376,9556,6840,10720,11360,-2,14388,-2,-2,17992,-2,38000,37700,41000,54912,40600,50432,18955,44924,36143
591,8,-1,1,2,-1,-3,73,88,96194,-3,-2,-2,-1,6990,-2,-2,-2,17000,16050,-2,17580,-2,-2,-2,22500,31000,35050,38000,-2,-2,-2,-2,-2,-1,-3
592,1,12000,3,1,12000,14380,-4,-4,-4,8000,18379,-3,12000,-2,-2,-2,-2,18120,-3,16000,13800,-2,-2,-2,24000,23780,28000,-5,-5,-5,-5,38000,-5,-5,-5
593,8,-4,1,2,-3,-3,27,30,26440,13000,4100,8920,12200,4500,-5,-5,-5,9000,5500,5360,-2,5112,-2,-2,-2,7000,4500,87984,0,-5,-2,19540,9564,9732,10140
594,3,4212,2,1,4212,1740,43,39,53342,3904,-2,6116,12000,14736,-2,-2,-2,38700,-2,14000,22000,-1,-2,52000,64000,77000,-2,77000,178000,77000,-2,30000,41000,47000,58200
595,3,-4,2,1,1400,20000,20,18,13468,8500,35000,9392,6300,4730,2808,-3,6870,23000,6916,21180,2275,953,924,8760,4848,-5,-5,-5,-5,-5,-5,-5,-5,-5,-5
596,3,10000,2,1,10000,14000,43,61,69499,15000,40000,-2,46000,40000,35000,38100,46492,43560,47700,45774,56200,63225,37000,43500,53000,-5,-5,-5,-5,-5,-5,-5,-5,-5,-5
597,3,10000,2,1,10000,-3,4,4,2826,19000,-2,8000,-2,-5,-2,43932,-2,3203,-5,-5,-5,-5,-5,-5,-5,-2,-2,-2,1550,10200,-2,-2,0,0,4608
598,7,20000,2,2,20000,10000,19,20,16514,20000,-2,-2,-2,20000,25000,-2,32700,33625,47868,37005,45000,49000,50000,27200,-5,-5,-5,-5,-5,-5,-5,-5,-5,-5,-5
599,3,5000,2,1,5000,50000,25,35,31295,10500,34058,32205,35944,25000,-2,22432,32000,14000,20000,27000,29000,31000,33000,35000,-5,-5,-5,-5,-5,-5,-5,-5,-5,-5,-5
600,1,24000,3,1,24000,31000,60,62,59737,18810,23000,32000,32000,700,30000,40050,-2,22000,42000,46000,54000,58000,68000,85000,103000,53000,60000,62000,-5,0,39010,-5,-5,-5,31000
601,5,24000,3,2,24000,31000,52,53,65103,18810,-2,32938,34000,2600,-2,13000,3150,4000,11005,10020,82020,-5,-5,-5,-5,-5,-5,-5,-5,-5,-5,-5,-5,-5,-5
602,1,40000,3,1,40000,-5,-4,-4,-4,15000,-2,30000,-2,-2,-5,-5,-5,-5,-5,46360,-2,28000,-2,-5,-5,-5,-5,-5,-5,-5,-5,-5,-5,-5,-5
603,5,-2,3,2,-2,39000,38,40,39038,35000,-2,-5,-5,-5,-5,-5,-5,-5,-5,-5,-5,-5,-5,-5,-5,-5,-5,-5,-5,-5,-5,-5,-5,-5,-5
604,5,30000,3,2,30000,39000,60,50,62762,40000,27025,28300,28000,-2,2900,35015,41000,64100,69550,75100,72020,75010,75000,74000,92040,107000,108500,129000,40000,180000,129000,130000,108000,112000,-3
605,1,35000,3,1,35000,40000,36,51,56187,-3,60000,75001,75001,17200,33200,36800,36050,42200,45100,41075,46700,52000,50840,54024,62800,65100,65010,54000,-5,52137,53000,92030,-5,-5,-5
606,1,35000,3,1,35000,40000,50,53,72782,-3,60000,8500,75001,27000,100000,93000,-2,1057448,40300,-2,60200,-2,-2,-2,45000,45000,71000,-1,35600,52000,68000,72000,62000,77000,79544
607,1,33000,3,1,33000,-5,87,80,82311,40000,-2,-5,-5,-5,-5,-5,-5,-5,52800,60050,-2,49200,45700,-5,51560,-5,-5,-5,-5,89000,83016,-5,-5,-5,-5
608,5,30000,3,2,30000,35000,87,88,88693,40000,65000,32550,35255,35020,42500,28300,32550,41020,34050,37200,40100,41050,40050,55020,71100,90000,83000,90000,102000,119000,122000,127000,149000,157550,127100
609,5,30000,3,2,30000,35000,40,39,45803,40000,65000,60000,60000,30000,50000,-5,-5,-5,-5,79000,20150,57600,-2,64900,-2,-2,81200,33000,32000,37000,41298,42000,42000,41000,47000
610,1,30000,3,1,30000,35000,20,23,32629,40000,65000,60000,50000,50000,-2,-2,20020,19050,25000,30000,35000,32000,35000,-5,-5,-5,-5,20320,-5,-5,-5,-5,-5,-5,-5
611,6,-3,3,2,-3,12000,71,75,73742,-3,-2,14000,35500,30000,42520,30000,27100,50025,56080,45165,62080,92720,67470,-2,99500,52000,48000,26825,58000,62006,128000,105000,110000,-5,-5
612,6,-4,3,2,4000,6500,49,57,48877,-5,-5,-2,-2,-2,-2,-2,-2,-2,31300,34900,37800,38100,37200,-5,39050,38000,36000,37000,46148,4789,-5,-2,-5,48700,-3
613,1,11000,3,1,11000,25000,25,28,35747,75001,75001,70000,70000,14400,9800,16000,18000,20800,26500,23400,28400,30000,34000,49000,75000,61000,77000,-2,96200,82900,70350,70000,3552,191,2160
614,8,-4,1,2,-2,11900,25,22,15699,-3,-2,8700,17576,21898,21300,40000,39000,26000,29000,26000,30000,32000,67000,75000,88000,89000,96700,93000,140000,151600,142000,170000,155000,139000,131000
615,5,27000,3,2,27000,-3,14,12,16768,30000,39000,19000,17000,20000,16815,22000,19000,21000,19040,18030,20000,58508,-2,40000,44000,42050,48000,-2,40620,44200,41784,56084,57188,33160,46120
616,1,27000,3,1,27000,-3,2,5,9141,30000,39000,-2,31000,38000,12500,16500,-2,32520,41525,42015,46000,46000,58000,65000,41400,73000,81520,77000,55000,0,-5,-5,-5,-5,-5
617,6,-3,3,2,-3,20000,18,19,18641,15000,-5,-5,-5,-5,-5,-5,-5,-5,-5,-5,-5,-5,-5,-5,-5,-5,-5,-5,-5,-5,-5,-5,-5,-5,-5
618,5,-4,3,2,4070,6515,41,44,42993,2500,0,0,4418,9264,11705,23025,32000,-5,-5,-5,2358,23631,34100,-5,32000,-5,22200,55608,-5,43808,-5,-5,-5,-5,-5
619,5,-4,3,2,15170,23140,48,50,47764,-3,-2,-2,27261,29562,36935,59000,48500,-2,-2,92000,839078,1000,17000,30000,28500,22780,33000,408473,-5,61000,47000,38000,31000,-5,-5
620,3,-4,2,1,18000,14500,2,3,742,29500,41250,32800,35600,36000,36584,34500,-2,43400,146942,89000,63000,96000,-2,76000,74000,90000,125000,-2,130000,116000,105000,90000,104000,85000,205000
621,7,12000,2,2,12000,-3,1,1,2528,10000,-2,2130,6609,30000,-2,20960,-2,3000,6260,6984,-3,-2,-2,-2,-2,2000,19000,4620,54800,-2,-2,38320,50080,64000,95000
622,7,5000,2,2,5000,5000,37,39,52674,4900,-2,-2,-2,-2,20000,25000,33000,30500,39075,6000,36000,39000,36100,-2,68400,-2,92000,99000,101500,118500,110000,131000,-1,120000,-5
623,7,-1,2,2,-1,18000,17,16,12509,2552,-2,6388,5688,5688,6240,-1,-1,-1,-1,2400,-1,5868,6912,-5,19600,-2,1940,6000,13000,12484,9600,6000,9000,-2,11304
624,3,-1,2,1,-1,-3,22,17,30312,15000,18000,5860,4700,5660,18144,20900,24000,29000,31500,40000,26000,28000,29000,60000,50800,56000,86000,84000,90000,80000,60520,70000,80000,75000,-3
625,3,-4,2,1,13000,-3,7,8,4862,17000,17000,22000,23000,23004,26000,25000,43060,51240,-2,-2,37400,-2,-2,18000,-2,-2,40000,42000,35000,37500,-5,31800,-5,-5,-5
626,5,-4,3,2,-3,22000,38,35,22311,26944,26061,31970,43181,41306,62000,44704,-2,59512,15400,66000,26000,21000,11000,20000,33500,27000,10000,7518,6120,6362,400,15617,115864,-5,-5
627,5,20000,3,2,20000,33000,95,87,88779,19500,45000,45000,62000,69000,74000,-5,-5,26500,48400,39875,41838,47568,38320,24600,44280,44000,66000,74600,58748,60900,-2,24864,18444,20400,21060
628,3,5300,2,1,5300,5940,3,3,2853,10000,10000,6700,-2,10000,-2,700,2500,-2,-2,-2,1431,-2,-2,1377,-2,15000,4811,2000,2000,5305,15000,1845,1700,2528,17000
629,1,-1,3,1,-1,14800,8,9,3363,35000,6402,8856,15072,18621,22335,22500,13500,24500,27200,23890,24300,25100,30275,21000,26000,26000,17100,19000,28900,30000,26000,47500,47358,53631,62544
630,1,-1,3,1,-1,14800,6,7,7666,8140,16000,-2,-2,14779,15000,12550,14288,16000,16000,20500,21088,19000,23000,36000,29500,42800,30700,25000,29111,29800,27000,43000,-5,21000,29000
631,1,-4,3,1,6060,10600,23,25,22379,9546,9633,10250,13070,15800,18300,16000,13000,18000,18000,31445,25000,24000,43000,52000,36000,57500,33500,36580,45000,26000,26000,28000,47000,39900,42500
632,5,-4,3,2,8060,11060,7,4,1310,-3,9048,10250,-2,15580,15280,12000,10000,18800,19000,31445,25000,24000,40000,800,12200,15000,67800,-2,70000,78000,93000,100000,105300,87000,100000
633,1,-4,3,1,9150,13100,79,76,68248,20700,24000,26000,-5,-5,-5,-5,-1,40000,-5,-5,-5,-5,-5,-5,-5,-5,-5,-5,-5,-5,-1,-1,25739,-5,-5
634,5,-4,3,2,9150,13200,55,41,40473,21230,24500,-2,-5,-5,-5,-5,-1,-2,-5,-5,-5,-5,-5,-5,-5,-5,-5,-5,-5,-5,-1,-1,-1,-5,-5
635,5,-4,3,2,-3,26000,66,61,57954,28575,31200,32517,31700,38800,38550,40500,39150,41600,45800,42000,50850,55349,-2,53660,64000,67500,75000,56384,76100,90000,103500,141800,83902,74707,80500
636,5,75001,3,2,75001,-3,30,32,34526,1500,75001,9550,75001,22375,22175,15564,35400,35150,32125,36150,42035,56120,52260,70268,45700,29200,48000,54000,58500,88000,35000,51000,50000,13000,20000
637,1,27000,3,1,27000,30000,35,48,66431,35000,20000,13500,70000,50000,11000,82000,95000,73160,95000,62000,-2,160097,94000,-2,97500,102700,50000,0,12484,1320,20400,-5,-5,-5,-5
638,1,25000,3,1,25000,20000,58,54,52167,35000,-1,17005,18014,3420,19245,25005,26048,27200,25610,30050,30100,40200,40350,55035,40000,60000,78800,-2,78000,87700,72200,80000,-2,100050,-3
639,1,25000,3,1,25000,20000,46,49,60396,35000,35000,35000,45000,14410,24320,37100,23020,1057448,10000,13000,26000,30025,27100,-2,48000,56000,61000,37100,35002,37000,45000,46000,44000,45000,50000
640,5,20000,3,2,20000,21000,69,67,77715,14985,14309,22711,25649,22762,30545,31053,35751,36068,38060,41050,41810,44120,45070,57100,68250,75200,79300,118040,104655,120150,128400,119040,142000,215000,150200
641,1,28000,3,1,28000,35000,12,11,8596,25000,40000,-2,5500,13007,10656,14000,12790,20000,24000,25000,23000,20980,31000,28000,32000,72000,30000,15000,0,0,1500,7000,9244,6520,0
642,5,34000,3,2,34000,30000,32,27,36216,35000,15000,-2,25000,20000,23000,45000,25000,20450,20000,45000,20280,20000,20300,25000,25000,-5,-5,-5,60000,69000,60000,66000,90000,95000,-5
643,5,34000,3,2,34000,30000,25,32,45426,35000,15000,-2,25217,49350,67000,94400,100001,1057448,146942,159805,839078,160097,189918,974100,-5,-5,-5,-5,-5,-5,-5,-5,-5,-5,-5
644,1,-4,3,1,6400,10249,81,90,90120,30500,26326,29200,27200,27500,24500,24100,-3,30100,-5,17500,66800,90000,189918,974100,244343,-2,200000,210000,-5,454737,-5,497763,217100,222000,288000
645,1,75001,3,1,75001,-3,85,89,86137,40000,35000,-2,33500,40026,60504,66734,62800,86500,146942,159805,839078,160097,189918,149000,109500,140000,138000,120310,196550,222000,-2,497763,150500,102000,95000
646,5,15000,3,2,15000,15500,2,2,1790,16000,16000,20000,25000,22000,25000,48470,-5,-5,-5,-5,9756,-2,12250,-1,90000,16668,10960,14640,12500,20916,-2,-2,-2,1776,81903
647,1,40000,3,1,40000,7000,49,54,43472,17300,19850,14715,15673,29330,34530,-2,32580,33246,33082,37625,43555,44940,44010,64880,53703,43020,51000,91000,69485,60000,56300,60000,59294,70740,45636
648,5,40000,3,2,40000,35000,41,29,43275,39000,1065,0,26092,32360,23000,32414,26820,26800,-2,9600,13849,12540,14620,-2,19500,21500,20074,27500,-5,23000,18060,12000,4180,15220,-3
649,1,-4,3,1,6400,2400,93,89,85540,-3,14580,30892,42500,45000,46500,45050,50000,55500,61400,64900,66500,78000,66000,79600,98500,122500,123500,140000,136000,167000,165000,149000,157000,193000,228000
650,5,22000,3,2,22000,21000,83,80,77736,24000,25000,25000,-2,6950,15050,26200,32650,47500,31050,45000,51950,49040,51000,58036,72000,83000,52000,102000,58000,71000,59732,43000,84000,-5,88000
651,1,12000,3,1,12000,-3,57,66,80597,-3,15000,17000,10000,5800,7800,2300,18100,36000,-1,-1,-2,-1,-5,-5,-5,-5,-5,-5,-5,-5,-5,-5,-5,-5,-5
652,5,12000,3,2,12000,7000,75,73,76077,8000,20000,35500,20000,30000,19000,20000,20000,25000,25000,22000,-2,-5,189918,974100,-5,-5,-5,-5,-5,-5,-5,-5,-5,-5,-5
653,1,20000,3,1,20000,30000,94,92,90095,35000,-2,9540,6600,22000,32000,66000,57000,55000,60300,80000,88400,160097,42500,45500,57000,67400,-2,117000,161000,165000,108000,114850,117300,99324,112000
654,5,27000,3,2,27000,30000,75,71,92083,-3,37000,-2,40000,40000,2505,36200,38000,38800,41385,37852,9000,-2,15340,-5,24880,-5,18500,-5,-2,54000,56380,75400,63000,73000,22400
655,5,55000,3,2,55000,40000,49,53,48905,1835,4200,3540,8550,58000,2617,11000,16000,30100,23050,29000,25110,22200,30500,40500,122650,146960,154710,135800,135600,161500,193200,252000,126800,118160,18420
656,5,11800,3,2,11800,13000,89,88,92993,13000,15000,26000,21000,13260,17000,-2,-1,-1,-1,-1,-1,-1,-1,-1,-1,-1,-1,-1,188585,-1,-1,-1,-1,-1,-3
657,5,33000,3,2,33000,38000,71,70,87226,45000,44000,50000,60000,65000,4100,76100,11530,13000,15300,20200,36500,52100,56235,79200,160000,332808,-2,408473,479983,454737,-2,497763,595986,922631,766958
658,1,-4,3,1,11000,14000,-4,-4,-4,14100,16278,17600,33000,-2,29400,29000,29000,36000,30000,32000,42000,44000,44000,44000,45000,45000,55000,61000,57000,56000,-2,26436,-5,-5,-5
659,1,-4,3,1,4000,-5,46,42,39786,23500,30000,25000,30000,31000,32000,33000,42000,63000,45000,50000,65000,-1,66000,64000,74075,69000,77000,120200,131600,132100,148000,145300,156000,170500,209500
660,5,42000,3,2,42000,33000,88,91,86131,45000,42000,65530,36020,39530,43200,50600,60200,89000,73000,41000,99800,61900,73000,-2,65950,74150,85700,90000,-5,-5,-5,-5,-5,-5,-5
661,5,-3,3,2,-3,6500,78,81,78922,21000,26000,33677,30965,25645,31420,36600,45520,41090,48075,50090,-5,-5,-5,-5,-5,-5,-5,-5,-5,-5,-5,-5,-5,-5,-5
662,5,42000,3,2,42000,35000,51,65,70500,48000,43000,-2,48000,50000,55000,77000,34948,41000,39464,31356,27000,-2,-2,-2,23120,26110,-5,41000,57000,58000,50000,73000,50100,-5,73665
663,1,20000,3,1,20000,26000,60,68,76234,20000,28000,40000,5500,50000,60000,100001,12000,16000,27000,-2,75000,26000,36000,-2,40000,52005,73050,84000,85000,0,-5,-5,-5,-5,-5
664,5,52000,3,2,52000,1500,57,51,47912,1700,70000,6437,21920,22233,31100,-2,33050,47100,-2,-2,62700,63700,-2,78100,-2,-2,112500,-2,81000,107000,113000,60000,60000,63500,247000
665,5,45000,3,2,45000,50000,49,53,59991,-3,70000,70000,62570,65000,92000,10000,2100,22000,21800,22700,24000,26500,22000,14000,22000,124100,0,100000,101000,109000,108000,120000,147000,80407,-3
666,1,35000,3,1,35000,25000,4,5,6845,35000,35000,-2,45000,20000,-2,44420,-2,-2,35451,-2,-2,-2,-2,-2,-2,6000,-2,7440,10800,15300,-2,300,-2,-2,-3
667,1,35000,3,1,35000,25000,64,69,70912,55000,35000,54075,50000,5525,9815,16004,33908,38650,47100,50600,51600,65220,67100,61060,77200,75000,108200,103500,108500,158500,209000,182000,262000,220000,270000
668,5,25000,3,2,25000,18000,13,15,25253,-3,-2,-2,2000,-5,-5,-5,-5,-1,-2,35000,38000,42000,39480,41480,6080,13500,14100,-1,32800,54800,65000,100000,110000,120000,108000
669,1,24000,3,1,24000,5010,74,74,79232,6610,6825,-5,21525,33000,33007,-5,17100,18200,20000,17500,20000,33800,41030,28000,29500,30000,-2,28000,-2,-5,34000,-2,-5,-5,-5
670,5,24000,3,2,24000,28000,86,86,89419,-3,51030,25000,25000,35000,37700,27360,45000,52220,52800,81000,76500,160097,189918,121400,138000,175000,125000,110500,125000,165000,135000,169000,171000,175100,766958
671,3,16000,2,1,16000,18000,77,74,79303,-3,10960,6090,54717,14570,12700,30120,31150,37000,52300,53550,42700,53100,189918,70800,81900,91500,390662,13250,21100,48200,61100,59275,68050,75010,27120
672,3,16000,2,1,16000,18000,50,53,65315,2400,-3,20000,25890,42000,10000,12010,-2,-3,15235,18000,16500,17000,-2,31000,30000,45520,31550,28000,15225,6033,-2,14400,-5,-5,-5
673,3,25000,2,1,25000,-3,-4,-4,-4,-3,6505,5177,13939,19329,22800,34860,34771,37600,35400,30500,47000,48510,-5,44500,37000,33990,46000,26000,37400,122280,39632,44480,39400,38800,41114
674,3,25000,2,1,25000,-3,4,4,2926,-3,13000,-1,10045,11601,7480,22500,26500,24100,26500,32480,13000,31000,40000,51000,55000,72000,63000,-1,-2,-1,-1,70200,48000,33828,40364
675,3,25000,2,1,25000,-3,2,1,3663,-3,13000,-1,5000,11000,20000,-2,-2,-2,-2,7000,-2,-2,-5,-5,-2,-5,-2,341,8400,-5,-2,-2,9000,11928,-5
676,3,25000,2,1,25000,-3,6,4,2250,-3,13000,-1,5000,11000,9819,7172,9000,19700,18630,20200,36000,27600,29200,-5,-2,-5,-5,-5,-5,-5,20456,23000,-5,-2,-5
677,7,4000,2,2,4000,7500,31,41,47975,16500,20000,15000,21010,30000,13000,15680,20340,14710,14820,15952,21992,10382,24748,16896,32100,32208,29000,73000,86897,85000,-2,69020,62000,-5,-5
678,3,15000,2,1,15000,18000,15,19,18326,24002,28500,-2,-2,-2,10287,14375,16030,15000,18400,42800,-3,-2,-5,-5,-5,-5,-5,-5,-5,-5,-5,-2,-1,-1,70000
679,3,5000,2,1,5000,12000,7,8,8563,-3,-2,-2,-2,-2,-2,8500,-2,-2,12600,7000,7000,-2,-2,-2,1500,-2,10000,8000,20000,0,-2,-2,26728,-2,0
680,7,5000,2,2,5000,12000,15,22,25213,8012,20000,-2,-2,2960,-2,-2,-2,-2,-5,-5,-5,18000,12000,22000,22000,22000,-5,-5,-5,-5,-5,-5,-5,-5,-5
681,3,5000,2,1,5000,12000,2,5,6381,-3,-2,-2,-2,-2,9500,-2,-2,-2,42600,-2,30000,16000,-2,-2,39000,-2,18709,5500,5000,684,0,0,0,0,0
682,7,5000,2,2,5000,12000,27,30,34737,-3,-2,-2,-2,-2,-2,6000,5000,10000,13000,12000,11800,-5,-5,-5,-5,-5,6324,500,560,6000,0,-5,0,12000,-3
683,7,16000,2,2,16000,27000,32,38,45808,12000,18000,-2,17125,15000,-2,13000,20000,16000,17000,57005,21600,20201,19000,35000,31000,39004,48000,55000,52010,58000,72000,55000,42000,45000,65000
684,1,30000,3,1,30000,45000,22,25,29001,30000,23800,28310,29512,31260,38000,32000,-2,40000,39200,49850,52500,-2,66400,69900,70000,78400,94000,181000,115800,127000,120576,115656,62600,28032,55680
685,1,30000,3,1,30000,45000,27,45,55366,30000,39400,33887,32800,23500,-2,1984,2500,9000,15000,915,1521,936,4672,7356,10100,5500,10500,5547,145,0,0,2400,9000,8000,5800
686,1,30000,3,1,30000,45000,76,73,79313,30000,39400,33887,30000,30000,34000,8480,9500,13200,19150,40500,51300,44300,24080,32400,37000,52000,52472,47300,57000,70400,70300,148000,174000,180000,240000
687,1,-1,3,1,-1,20000,80,84,88752,19000,24000,15000,-2,-2,30000,-2,-2,-2,-2,-2,-2,-2,0,31000,30000,35005,35000,36000,38010,31400,40010,40000,-5,-5,-5
688,5,15000,3,2,15000,17000,39,35,41580,25215,29800,-5,-5,-5,-5,33024,-2,32000,39010,39821,40100,41780,49040,4660,15400,28000,34000,43000,23000,36360,33320,40440,37840,42640,47640
689,5,15000,3,2,15000,17000,27,24,35381,23000,23000,25000,35000,28000,1961,6405,-3,7230,6036,8372,9424,-2,8520,7596,12618,-5,-5,-5,-5,56920,67301,-5,-5,-5,-5
690,1,-3,3,1,-3,22000,62,72,72907,27000,40000,42000,35000,45000,17000,27000,33000,37500,35520,24512,35500,42800,55850,60000,64500,74300,72500,75010,85000,41800,48500,44000,40000,41000,47000
691,5,20000,3,2,20000,-3,49,46,57216,19527,-5,21000,-2,9400,11319,-2,63000,58000,60000,62000,-2,-5,-5,-5,-5,-5,-5,-5,-5,-5,-5,-5,-5,-5,-5
692,5,20000,3,2,20000,-3,34,27,36055,5217,8800,6881,7916,-2,8510,9636,7716,12673,10600,10005,12000,17684,12000,22000,24000,35000,38000,50000,45000,35000,4000,40000,40000,40000,49500
693,1,-4,3,1,26500,-5,-4,-4,-5,-5,21980,-1,-2,34000,-2,-2,-5,-5,-5,-5,-5,160097,-1,-5,-5,-5,-5,-5,-5,-5,-5,-5,-5,-5,-5
694,5,-4,3,2,26500,-5,-4,-4,-4,18000,18000,22000,-2,30000,47000,-2,38000,-2,146942,159805,-5,160097,-2,-5,-5,-5,-5,-5,-5,-5,-5,-5,-5,-5,-5
695,1,-1,3,1,-1,-5,-4,-4,-4,23890,-1,40000,-5,55000,-5,-5,20000,24000,23000,25500,28900,53000,50500,52000,54500,-5,-5,-5,75000,82500,-5,-5,-5,-5,-5
696,5,-1,3,2,-1,-3,-4,-4,-4,23890,-1,14243,-2,55000,1680,-2,-2,-2,-2,-5,-5,-2,-5,-5,-5,-5,-5,-5,-5,-5,-5,-5,-5,-5,-5
697,1,25000,3,1,25000,48000,18,25,14729,35000,48000,22400,12000,20000,500,80000,-2,-2,40000,50030,55030,30000,35000,30000,50000,75000,70000,50000,50000,55000,24000,50000,40000,35000,50000
698,5,-4,3,2,-3,-5,5,5,8986,22000,25640,21300,2518,6018,-2,10356,9000,28288,32456,-2,10604,4103,11348,-2,28001,-2,12400,11348,15036,12905,15201,-2,12924,-2,10288
699,5,-4,3,2,-3,25000,26,26,18419,35000,-2,9600,10000,10000,10000,9300,10000,11000,46000,-2,-2,-2,56000,-1,-5,-5,-5,21000,18000,15000,15100,18000,17000,17000,49800
700,1,-3,3,1,-3,25000,17,25,22135,35000,-2,9600,1000,7000,5266,4040,-2,0,695,2016,50427,-2,-2,-5,-2,12000,-5,-5,-5,-5,-5,-5,-5,-5,-5
701,1,10000,3,1,10000,1259,9,12,10566,5496,5160,5800,4800,9000,-2,3000,6616,3628,3000,6710,1332,7080,8675,5000,18688,20000,7000,13394,17600,14000,17236,10687,-5,-5,-5
702,1,10000,3,1,10000,760,22,29,31226,5923,20813,3000,-2,20432,-2,12100,11000,26200,26900,28100,38415,29500,45200,42226,50385,27520,0,-5,3168,11373,-1,11036,10353,11124,8928
703,5,16300,3,2,16300,-5,51,38,40970,2331,10591,3372,21350,5803,17310,-2,6020,-2,13406,13380,52040,26000,26976,-2,-5,0,26290,31518,10970,3500,14884,22000,-2,14000,24000
704,5,-4,3,2,16000,33098,46,52,46092,28097,40100,33441,33800,35150,39060,42858,42000,42220,45050,45200,46100,51440,59100,64200,84200,75000,85200,92577,92020,-2,-2,70000,57500,124400,50000
705,1,-4,3,1,4000,6000,74,65,63710,12720,17010,16050,19000,18100,6003,10109,17000,31668,31700,17000,35500,36935,24917,53588,-5,-5,-5,-5,-5,-5,-5,-5,-5,-5,-5
706,6,27000,3,2,27000,-3,22,27,24382,5376,-2,15000,20052,20000,19700,17220,23000,23000,28512,9000,13273,12000,16839,23738,6340,9924,700,37862,15000,-2,22600,9816,7916,-2,-3
707,1,18000,3,1,18000,20000,28,31,31469,22000,27000,28000,28000,14400,17196,26200,25080,31200,30100,31300,35000,35025,36100,41000,57500,42500,52000,62000,51000,59000,-5,50000,-5,57000,68500
708,6,-4,3,2,2946,5912,10,8,11809,3340,4084,6295,18345,21455,21500,15502,18300,99010,42920,36400,-2,28000,28000,26000,31000,0,4620,5112,2338,9876,-2,17068,480,9504,9744
709,2,10000,3,1,10000,12000,28,27,26594,7000,190,-2,1057,17667,6100,6570,22000,14080,26346,19575,6608,10123,14476,15300,22937,-2,-2,31488,49723,24000,-2,18898,73128,24348,-3
710,1,-3,3,1,-3,13000,73,76,59843,20000,-2,6500,12000,10000,12517,14000,16000,17000,29400,18000,34000,18000,-5,-5,-5,-5,-5,-5,-5,-5,-5,-5,-5,-5,-5
711,1,25000,3,1,25000,29371,35,34,38582,18000,22000,25000,20000,37000,2000,18000,-2,-2,9000,15000,23000,36030,35200,28000,32200,51100,40000,43000,40000,43000,41000,45030,50000,50000,42000
712,5,50000,3,2,50000,11000,93,81,80637,14700,12000,27510,30080,36000,37100,36290,-2,53000,57000,56000,54015,66500,79100,97000,97000,95000,101000,130800,111000,128000,122000,135000,151000,150000,150000
713,5,14049,3,2,14049,15000,15,15,14274,14000,2004,16000,-2,5789,12200,-2,8036,13596,19238,-2,9936,8772,8772,2000,9000,14824,3718,11960,11000,-5,-5,-5,-5,-5,-5
714,1,14049,3,1,14049,15000,17,18,26688,14000,15000,16000,14876,17304,11000,20600,-2,-2,18000,45000,-2,36000,-2,36109,-2,5000,-2,-2,20000,-2,28900,-2,-2,41000,39000
715,1,-2,3,1,-2,14052,20,25,16550,-3,45000,4910,2750,13400,-2,-2,-5,4500,4152,3754,1200,11109,20000,28000,-2,46000,26000,-5,8541,0,18616,64000,32000,52800,-5
716,1,27000,3,1,27000,13500,20,16,15840,17000,17630,50000,50000,12720,19000,64000,-3,-2,-2,62000,839078,-2,11000,23000,29000,69000,27000,33000,32000,31700,17952,42000,-1,-5,-5
717,1,30000,3,1,30000,45000,23,27,30429,-3,45000,6360,-5,10500,-1,10400,-5,-5,2500,-2,26000,12574,28000,59540,50000,74000,66000,-2,90406,101671,-2,-2,99840,100453,64000
718,1,40000,3,1,40000,-3,76,66,63638,4000,-2,16800,16600,19674,23895,36653,40000,42000,45150,43000,43300,51490,38132,42040,62000,65200,35000,-5,-5,33000,-5,-5,23232,23400,-3
719,1,20000,3,1,20000,40000,8,9,6818,40000,47320,34300,41073,-2,15461,0,13000,-2,-2,-2,22000,22000,22000,28000,31000,28000,45260,60000,63000,67028,63950,65000,63778,67556,67760
720,5,23700,3,2,23700,15000,33,32,36158,18910,20180,18821,15352,19070,8000,9200,9200,1057448,34800,-2,13300,13000,13850,20800,24000,22900,26000,18718,35000,28000,23000,23000,26000,70000,32000
721,5,20000,3,2,20000,40000,18,19,24725,-3,28000,5820,6576,100001,50039,35000,40002,43020,41612,39010,42615,7000,15393,66205,20400,22000,15000,49000,54000,225258,69000,74000,-2,93000,-3
722,1,60000,3,1,60000,60000,53,48,38013,10550,22502,16320,16492,31910,20500,28250,-3,38000,30500,26550,36500,18000,33000,128000,53000,47000,48000,84000,104500,116000,114000,-5,-5,-5,-5
723,5,60000,3,2,60000,10000,29,27,26792,75001,-2,-2,4000,1500,31928,21498,30000,49060,57800,43000,21640,15000,16000,21105,22000,62000,53160,36290,53000,25164,25000,25000,30000,41520,-3
724,5,40000,3,2,40000,45000,71,77,78513,1574,6350,10600,9057,-2,-2,22361,30825,37100,32480,20506,21397,45448,22300,24167,24668,22984,29500,26752,126000,103412,108480,-2,-2,16800,102693
725,1,40000,3,1,40000,45000,96,96,97319,43751,7493,6711,5486,50000,12100,51842,13311,40000,46667,59800,66300,73851,76500,85450,94000,139000,103840,80200,121200,-2,158040,164927,194720,181040,188200
726,5,12000,3,2,12000,-5,-4,-4,-4,-3,-2,15310,15349,15200,14340,14000,18500,18800,19000,25500,26000,28000,53000,54500,60000,-2,76000,77500,88000,93000,-5,-5,-5,-5,-5
727,1,12000,3,1,12000,-5,-4,-4,-4,-3,12000,-2,8577,11800,13100,20290,17000,21400,24000,-5,-2,37000,35000,35500,51300,40400,46400,50000,40000,-5,-5,-5,-5,-5,-5
728,1,13000,3,1,13000,18000,11,11,20133,41000,41200,40328,42522,54839,12747,15052,6467,10000,20000,23000,51000,23000,36120,25140,-2,48040,60450,60674,31432,35290,31966,39500,-5,-5,-5
729,1,-1,3,1,-1,19794,81,66,69855,65000,17077,28722,75001,100001,34500,41000,41000,65000,98000,99984,78500,160097,189918,974100,244343,50000,390662,408473,479983,454737,440692,497763,595986,922631,0
730,1,30000,3,1,30000,32000,73,58,70604,45000,26000,5000,11000,15000,7060,20060,17600,23050,31040,33000,38515,38000,39000,50000,72100,90600,108000,119300,102300,136000,84000,85000,180000,281500,255600
731,1,-4,3,1,10000,19500,70,55,46018,11800,11000,13000,25722,13692,59000,76000,44000,30000,90000,63200,839078,65000,97000,76000,244343,-2,390662,-5,40000,3600,9000,40000,40000,35000,45000
732,1,50000,3,1,50000,75001,57,48,51017,75001,13223,11780,21397,24200,24797,26000,53083,49000,58000,79760,53000,43873,-2,974100,244343,60000,68000,55000,95388,58870,52000,79323,32000,35000,100000
733,5,50000,3,2,50000,75001,34,18,27489,75001,20000,75001,46957,18247,12030,18924,28500,41000,-2,159805,839078,160097,189918,974100,45000,10890,50200,67200,186504,-2,0,83300,80000,80000,91200
734,8,19000,1,2,19000,50000,6,11,9683,30000,17804,20000,20000,-2,12588,-2,27772,-2,32620,0,18372,5200,46692,34068,41056,36306,-2,-5,-5,-5,-5,-5,-5,-5,-5
735,1,17000,3,1,17000,20000,22,19,21568,17000,17000,28541,17580,13860,17600,9340,12000,-2,-2,13000,-2,-2,29420,46479,150030,38000,22800,28952,47516,50096,46056,46700,-5,65100,-3
736,5,17000,3,2,17000,15000,25,19,25168,17000,70000,16842,13696,12000,21050,18260,17000,17000,26000,20830,34000,40100,-2,54000,66000,86000,92000,104000,142000,-2,-1,-1,50000,-5,-5
737,1,-2,3,1,-2,-5,20,18,19153,32000,-2,10000,-2,3000,10000,-5,-5,18050,20000,0,6000,0,-2,4000,3200,27200,11200,31000,25000,72000,82000,86000,90000,100000,3600
738,1,-4,3,1,15035,24875,53,52,38609,42328,75001,41050,57645,42282,52202,-5,-5,-5,-5,-5,-5,-5,-5,-5,-5,-5,-5,-5,-5,-5,-5,-5,-5,-5,-5
739,5,-4,3,2,15355,24875,30,35,28461,10182,9266,10488,15800,13400,15482,22870,33032,29952,29992,30000,28992,23760,26100,111600,94000,100000,155000,120894,200360,200000,150000,120000,-5,200000,-5
740,5,35000,3,2,35000,20000,94,85,91432,32000,40000,2413,5496,-2,52000,9713,-3,16000,20300,21756,21085,17158,9362,26220,-2,142892,390662,408473,-2,39000,23808,13056,28000,54400,56000
741,1,5000,3,1,5000,35000,43,31,40408,45000,50000,35000,40000,50000,40000,30000,-2,1100,20000,-2,-2,-2,14000,70000,-2,1800,27000,0,0,-5,-5,-5,-5,-5,-5
742,1,2400,3,1,2400,45000,73,80,64450,50000,15895,26900,32200,30100,31300,37500,64000,75000,84300,84500,93000,98000,189918,974100,244343,332808,390662,408473,101000,116000,133000,131000,148000,159000,160000
743,5,40000,3,2,40000,50000,83,82,80579,40000,60000,7250,14000,10300,65000,41000,-2,-2,146942,159805,839078,160097,-2,-2,-2,81000,96150,129000,76000,96000,160000,100000,200000,115200,-3
744,7,-3,2,2,-3,-3,3,2,2203,30000,10200,14000,5160,7896,11214,6239,-2,62358,3048,14040,-2,31456,-2,27990,-2,15000,-2,0,28766,-1,-1,13000,14200,5795,11447
745,7,25000,2,2,25000,10000,34,35,31508,500,10002,15000,13000,12894,15960,-2,-2,15080,25219,32500,38400,33500,-5,-5,28500,35000,-5,-2,-1,82000,-1,77000,86484,36557,45000
746,5,26200,3,2,26200,27000,71,68,65278,40000,43000,50000,24652,10002,-3,27020,28000,23010,34005,43410,31720,21965,25015,30010,25010,60020,46025,64050,66100,-2,62500,64200,51000,83200,58000
747,1,26200,3,1,26200,27000,50,66,70368,40000,43000,50000,-2,9000,-5,69000,10000,-5,-5,-5,-5,-5,23700,-5,26200,34250,-5,48280,50400,-2,17332,36050,41565,47480,-5
748,5,40000,3,2,40000,20000,28,30,23929,33000,30000,44800,33500,47600,-2,15850,7000,1057448,25000,36000,80000,160097,189918,137000,-2,62000,-2,68000,95000,75003,37000,18052,15576,-5,-5
749,1,30000,3,1,30000,20000,28,23,16594,33000,38000,-5,-5,-5,-5,-5,-5,-5,-5,-5,-5,-5,-5,-5,-5,-5,-5,-5,-5,-5,-5,-5,-5,-5,-5
750,1,-1,3,1,-1,55000,18,20,16800,68000,6800,6078,9781,8895,29000,-2,-5,39200,39924,36845,34100,-2,-2,62000,-2,50000,51000,58000,-5,-5,-5,-5,-5,-5,-5
751,1,-4,3,1,0,50000,16,22,28746,68000,60000,55000,-2,-2,-2,10350,25000,-2,38050,44762,44000,46289,44000,50488,49000,50000,48000,55000,55000,59000,68000,74115,90000,88000,82000
752,6,-4,3,2,4250,3188,91,84,80463,3700,4000,29000,40050,36300,45800,59210,45200,78400,74400,51100,63540,65000,155740,974100,154500,180240,86000,103000,250200,130100,126000,146000,10000,-1,210000
753,3,-4,2,1,9000,37620,26,25,26159,20080,38766,33832,25680,49000,66000,73152,30564,10784,-2,18200,37249,44716,-2,90580,93680,94000,80000,-2,120000,190000,84816,0,0,0,-3
754,3,7000,2,1,7000,-3,16,22,37591,6000,7000,8500,-2,5440,-2,32230,24000,19000,20000,25000,24000,39000,52858,-5,-5,-5,-5,-5,-5,-5,-5,-5,-5,-5,-5
755,8,11000,1,2,11000,4650,62,46,54906,-3,30000,17000,9000,15184,-2,39840,18400,25000,31000,31000,32000,-2,52000,-2,48000,69000,-2,41500,46800,59000,60307,-2,60000,-2,56744
756,8,11000,1,2,11000,-3,16,15,20084,20000,30000,5000,6305,7166,-2,17454,6396,13404,14594,17228,13000,16200,28950,43000,26500,23020,59744,59000,28200,21000,8740,37000,26000,26860,23000
757,7,5328,2,2,5328,-3,25,27,31118,13000,-2,-1,-2,7472,8608,7406,-5,-5,13740,13150,19092,18995,19208,60922,26332,36408,-2,35000,78040,71000,80012,91000,68600,60000,-3
758,7,20000,2,2,20000,-3,9,10,11905,8000,450,9024,15000,10406,6156,5648,3876,18976,7848,7564,7440,7908,7188,10828,11000,18700,18000,19000,20000,19000,35000,28000,-2,2328,14400
759,7,20000,2,2,20000,-3,12,15,13144,5000,3200,8424,8424,0,4390,9436,9785,9026,-2,8433,9888,9084,11359,-2,28824,9002,25420,4752,4800,16972,8380,13440,13632,-2,11664
760,3,20000,2,1,20000,-3,27,28,39320,8000,-5,8300,22200,-2,19632,-2,11800,30100,37000,-2,31000,-2,-2,50000,54000,52000,-5,-5,-5,-5,-5,-5,-5,-5,-5
761,5,-4,3,2,3150,-3,52,51,55614,12045,33582,8614,-2,10150,14985,24290,-2,-2,8124,9564,6444,10332,15876,24910,32414,21200,17000,33000,25000,26400,90000,16644,18948,27600,26654
762,4,25500,1,1,25500,39000,41,39,48786,52600,47000,30708,12176,-2,40000,47008,-2,16804,18000,21000,32948,26000,44664,43000,40600,77000,62373,86000,41000,85000,93000,108000,104200,76000,70000
763,4,25500,1,1,25500,39000,32,33,34180,52600,47000,26000,31000,36500,35000,34172,30000,42000,20000,9000,15000,20000,15000,24000,13480,-2,41690,11557,41000,55000,24400,42000,48000,30000,10190
764,8,25500,1,2,25500,39000,25,21,31809,52600,47000,26000,31000,8136,15000,16000,2000,4172,7752,-2,-2,8304,7620,18210,4800,14000,14000,17500,21000,2322,0,1300,0,0,0
765,4,25500,1,1,25500,39000,39,40,54100,52600,47000,26000,31000,6500,11350,22200,-2,15000,10000,13000,16612,14000,24000,-5,-5,-5,-5,-5,-5,-5,-5,-5,-5,-5,-5
766,1,38500,3,1,38500,-3,16,8,8099,30000,30000,69300,30848,-5,-5,-5,17136,21100,-2,-5,-5,-5,-5,-2,-2,86020,-5,-5,-5,-5,-5,-5,-5,-5,-5
767,1,19000,3,1,19000,26000,12,13,9262,27906,24000,28600,20000,15000,-2,-2,13000,21000,20000,19000,17000,19000,-2,-2,-2,-2,-5,-5,-5,-5,-5,-5,-5,-5,-5
768,5,-1,3,2,-1,-3,75,66,75744,8000,-2,26160,7364,20005,23000,32800,31200,1057448,40080,39040,45000,45000,55010,58907,84000,108000,106000,101000,142000,132230,108000,497763,134000,166030,140050
769,1,35000,3,1,35000,-3,40,44,34236,75001,30000,30000,36172,40000,100001,9600,-2,17000,46000,15500,-2,-2,-2,-2,-1,-2,27000,-2,16600,45500,30480,0,2364,15197,-3
770,5,35000,3,2,35000,-3,24,27,31921,20000,30000,30000,39692,50000,8800,8000,8000,0,2000,-1,6912,3856,9380,63112,32284,14000,25000,17495,-5,35000,20232,35000,32300,32552,32000
771,1,20000,3,1,20000,-3,-4,-4,-4,20000,30000,26000,-5,-5,-5,-5,-5,-5,-5,-5,-5,-5,-5,-5,-5,-5,-5,-5,-5,-5,-5,-5,-5,-5,-5
772,1,-4,3,1,14510,24000,54,54,52482,27952,32030,27200,2922,27294,40000,24000,22400,26600,38500,36100,37800,34800,38000,46000,78000,49400,45500,83000,89500,91800,110000,90000,92000,120200,117000
773,1,20000,3,1,20000,30000,-4,-4,-5,-5,-5,-2,-5,-5,-5,-5,-5,-5,-5,-5,-5,-5,-5,-5,-5,-5,-5,-5,-5,-5,-5,-5,-5,-5,-5
774,1,26000,3,1,26000,-3,42,48,53534,30000,16766,18272,23000,35000,22000,-2,16000,14200,-2,-2,19000,-2,-2,-2,-2,29700,31900,34000,35000,31000,35000,-5,41000,38000,60200
775,5,-4,3,2,7240,2825,62,61,66148,2000,16766,7200,52000,56400,44364,49000,46280,70100,-2,80000,77000,-2,71600,75000,-2,89000,102000,105000,103000,107000,86032,142000,157000,230000,206000
776,1,23000,3,1,23000,30000,96,97,97088,25000,38000,18000,3000,-2,26030,31025,33030,39100,35050,88000,3032,72050,66732,87800,48000,158200,183285,201788,276100,454737,263300,280000,200,313640,296500
777,1,23000,3,1,23000,29800,75,75,79850,20000,29000,29000,22000,24000,27000,24000,47050,41200,78980,52540,83063,160097,26000,54600,66000,71400,113200,85000,85010,112000,115400,88000,128000,145000,160025
778,1,23000,3,1,23000,30000,59,76,89794,20000,29000,32000,25000,900,742,250,24800,47000,51100,54000,32500,-2,35200,38500,37200,44050,46000,48000,43545,77000,75000,86000,72000,96000,98000
779,5,20000,3,2,20000,15000,38,46,60353,23000,17000,30000,22500,4000,-2,43000,21100,24500,25050,30200,52000,43050,40000,15800,42080,44800,27698,-5,26000,2550,22400,200,-5,-5,-5
780,1,-4,3,1,34078,21370,-4,-4,-4,22253,-3,20800,-5,-5,-5,23220,-5,-5,-5,-5,-5,-5,-5,-5,-5,-5,-5,-5,-5,-5,-5,-5,-5,-5,-5
781,5,42000,3,2,42000,-5,-4,-4,-5,-5,-5,-5,-5,-5,-5,-5,-5,-5,-5,-5,-5,-5,-5,-5,-5,-5,-5,-5,-5,-5,-5,-5,-5,-5,-5
782,4,-2,1,1,-2,67000,25,22,13182,26500,30000,16100,12450,45000,17000,21200,22788,21900,28248,30516,27732,28000,35000,-2,50860,-5,-5,65826,-5,-5,-5,-5,-5,-5,-3
783,8,17000,1,2,17000,30000,38,29,36082,8750,700,2279,3350,1200,38000,52000,-2,18000,15400,21500,800,12000,58000,47000,46000,600,15000,35000,-5,-5,-5,-5,-5,-5,-5
784,4,17000,1,1,17000,30000,32,36,49537,32000,30000,30000,40000,32000,32000,56414,-5,-2,-2,51000,16000,12300,16000,34100,27000,29000,28000,-5,30200,41000,-2,78300,-5,-5,-5
785,5,18000,3,2,18000,12100,44,35,24305,-5,24500,37520,28135,45000,-5,-5,9690,-2,7850,-5,-5,-5,-5,-5,-5,-5,-5,-5,-5,-5,-5,-5,-5,-5,-5
786,1,18000,3,1,18000,12100,49,46,35693,-5,25000,39184,28135,-5,-5,-5,-5,-5,-5,-5,-5,-5,-5,-5,-5,-5,-5,-5,-5,-5,-5,-5,-5,-5,-5
787,5,18000,3,2,18000,12100,22,21,23568,-5,24500,1378,3000,24220,-5,-5,33050,37240,-5,-5,-5,-5,-5,-5,-5,-5,-5,-5,-5,-5,-5,-5,-5,-5,-5
788,5,32000,3,2,32000,65000,66,57,52352,75001,70000,-1,52000,-1,-2,-5,-5,-1,-1,-1,-2,-1,-5,-5,-1,-5,-5,-5,-5,-5,-5,-5,-5,-5,-5
789,5,50000,3,2,50000,43000,46,35,42361,17612,24852,14837,13315,32000,31000,50000,37000,44000,40000,36100,39144,30000,32000,34000,36020,-5,-5,-5,30000,40000,46000,86000,100000,94000,96000
790,5,22000,3,2,22000,20000,21,14,14809,23000,-5,-2,-2,-2,21000,9544,22300,7320,8640,9600,19600,15000,4836,8628,2058,6936,8268,23524,31916,13164,47260,-5,-5,-5,-5
791,1,24000,3,1,24000,22000,62,64,83138,21000,27000,-2,7257,8980,37000,-2,20000,28300,30060,29700,30272,27280,24760,-5,-5,-5,49450,-2,-5,-5,10200,64000,-1,-5,-5
792,5,25000,3,2,25000,3910,22,26,28537,22250,36000,37500,-2,-2,44140,42700,1120,14720,19220,16780,-2,100000,90720,-2,77280,67200,93114,-2,196600,142900,33000,88000,36000,39000,18000
793,1,50000,3,1,50000,50000,81,75,61347,55000,15000,25100,23150,24000,21000,20200,18000,-5,-5,32600,-5,25000,22100,24560,92500,37000,15000,48000,30000,109100,30000,18000,27194,-5,-3
794,1,-4,3,1,5500,-5,99,99,100000,5000,13562,22000,25425,-5,-5,-5,-5,-5,-5,-5,-5,-5,-5,-5,-5,-5,-5,-5,-5,-5,-5,-5,-5,-5,-5
795,1,45000,3,1,45000,50000,47,47,49078,-3,-1,2500,4391,9430,-5,13000,16000,-3,17200,-1,26150,25800,37040,11000,-2,50200,-5,-5,-5,-5,-5,-5,-5,-5,-5
796,1,40000,3,1,40000,48000,95,91,94119,40000,35000,5625,15560,16900,40400,44000,62000,61500,39084,67000,66200,63000,86000,98000,83000,-2,79150,110100,120250,125050,140000,145050,140100,145010,190000
797,1,40000,3,1,40000,48000,73,58,68375,40000,40000,23300,27513,48876,62900,86048,-1,48800,-1,159805,-1,-1,-1,-2,-2,-1,136700,-1,93700,-2,-1,-2,98000,-5,-3
798,5,26000,3,2,26000,28900,23,29,35662,13260,28400,30105,28000,28000,31000,33032,31000,33000,60000,38230,35400,-2,-2,53600,32000,-5,-5,-5,50000,-1,60000,72000,87300,-2,0
799,1,26000,3,1,26000,28900,37,29,34051,32500,37000,5500,6000,7000,87000,87660,86000,-2,-2,-2,69625,69450,-2,59500,51420,55000,69000,56000,69000,89550,92000,94000,81257,84048,80000
800,1,29000,3,1,29000,30000,28,32,32078,40000,31000,26500,20000,21000,40620,41570,44900,50400,53000,59800,50300,61000,65200,65000,75500,70000,73000,82000,54000,62500,74500,69000,80000,85000,87500
801,5,20000,3,2,20000,8300,32,30,25324,43000,0,2937,2830,31000,4638,5317,6038,6908,7692,7608,7608,12312,10280,11885,10936,12000,20587,23000,22665,23705,-2,62400,22800,76759,29959
802,1,20000,3,1,20000,15340,21,22,17362,16000,5600,14000,8000,-2,14400,17000,33000,17000,32000,39150,43000,44000,47000,37500,36000,40000,40000,30000,60000,66000,60000,60000,66560,70000,-3
803,5,30000,3,2,30000,42000,71,76,78000,12300,4036,20620,16592,25500,24400,21524,23000,25000,29000,35778,39000,38000,48000,74280,94420,112800,107230,153000,64000,70000,73000,76000,99200,112284,120604
804,5,30000,3,2,30000,42000,23,28,40982,29000,14000,6180,-2,13000,15355,16925,560,-2,9592,9800,-2,-2,10368,-2,17000,-2,-2,28000,20000,44000,-2,23400,8400,-2,-3
805,5,-4,3,2,26624,15888,28,27,21206,14500,16944,25228,-1,60000,8000,-2,100000,14400,12000,1000,-2,-2,-2,-2,41000,40900,51590,-5,-5,-5,-5,-5,-5,-5,-5
806,1,30000,3,1,30000,44000,18,13,13465,70000,45000,50000,43014,55000,27015,25000,34500,38550,41000,42533,39400,-2,41500,-2,-5,-5,75000,87000,39843,-2,-5,-5,-5,-5,-5
807,1,30000,3,1,30000,-3,69,71,76332,26500,30000,50000,5175,5050,10100,20500,27550,35500,56500,78800,74500,77200,88000,105100,85000,100000,114000,127360,130000,162000,170000,166236,212500,235000,151500
808,5,35000,3,2,35000,44000,54,54,66992,-3,67000,50000,-5,35524,-5,-2,21000,-5,30120,159805,-2,-5,-5,-5,-5,-5,-5,-5,-5,-5,-5,-5,-5,-5,-5
809,1,35000,3,1,35000,2250,96,97,90819,1025,0,30500,22300,34200,-5,50400,74500,77000,89000,89200,68000,74800,79000,77700,73200,42800,16698,-5,-5,-5,-5,-5,-5,-5,-5
810,5,35000,3,2,35000,30000,93,89,91719,4000,1400,3300,18750,28870,29950,73000,73800,74140,81400,78400,90000,95800,96000,120070,128000,332808,198000,205000,216000,214000,220000,238000,212000,220000,93000
811,5,30000,3,2,30000,17500,66,67,63642,17500,27500,25000,38000,26500,27000,30550,11300,12200,12720,-2,45500,45130,46700,32300,34000,51695,43010,53200,62000,65000,65000,71000,63567,69200,71020
812,5,21000,3,2,21000,17000,83,82,86990,-3,27500,27000,38000,81348,-2,38000,62300,53500,146942,159805,5010,160097,189918,124000,-2,-5,-2,-2,160500,161500,-2,174500,-2,-2,-3
813,1,35000,3,1,35000,-3,94,92,85915,4625,4808,7724,10172,6679,7600,11000,14200,14200,34500,28300,16500,17020,17715,28500,29925,33550,35015,33010,33004,38014,42002,36701,52525,55020,50050
814,5,45000,3,2,45000,50000,36,29,19541,30000,43200,-2,35000,41400,-2,40000,39000,-1,-1,-1,-2,-2,-2,-2,-1,-2,-1,-5,-2,-2,-5,30000,-5,-5,-3
815,1,25000,3,1,25000,50000,55,70,66540,25000,28000,11000,36000,35000,18000,15000,-2,17600,17200,19000,19200,18000,19000,32000,39000,29000,57000,51015,41400,51000,-5,-5,-5,-5,-5
816,5,31000,3,2,31000,34000,43,39,39343,35000,35000,29500,34480,38000,52000,49000,100001,65300,70620,61500,65250,72300,77700,75200,100202,140000,100500,-5,29000,41000,27612,-5,1536,1024,17148
817,1,30000,3,1,30000,35000,65,66,81325,30000,40000,35000,43000,-2,11000,15105,14270,13200,17200,38200,36200,52350,54400,63150,65064,60500,69800,91200,117076,108100,-2,135230,160500,166250,177536
818,1,41000,3,1,41000,50000,33,29,35569,53000,67000,70600,75001,89000,78000,-5,59000,54500,-2,51700,839078,160097,189918,69000,87200,-5,18000,135060,120700,84000,32000,50036,26000,89800,34400
819,1,-3,3,1,-3,-5,23,22,21881,25000,-2,-2,-5,30000,-5,15500,-1,18000,-1,-2,10000,-2,-1,30000,35000,-5,40000,0,-5,-5,70000,-5,-5,-5,-5
820,5,30000,3,2,30000,75001,51,45,49039,75001,7250,21551,22482,29800,8000,44000,-2,4500,-2,80000,56725,30120,30060,99000,100500,127800,128000,138500,140600,159200,175050,185110,188000,175050,237180
821,5,65000,3,2,65000,75001,97,99,99180,11172,12818,55000,20000,21600,-1,61980,60400,1057448,300,17000,30000,29000,28400,33600,48150,40019,75000,53510,55050,75000,48200,21000,131000,127500,99000
822,1,60000,3,1,60000,50000,-4,-4,-4,31020,19800,-2,28500,38000,12000,59000,51000,54000,56500,59500,61000,62000,61000,96500,58000,92000,-5,-5,-5,-5,-5,-5,-5,-5,-5
823,1,-2,3,1,-2,-3,30,27,24129,45000,3500,4447,4710,5044,8759,14000,10000,10000,19000,15000,18500,16000,10000,16000,18000,19600,21000,31432,-5,38500,25000,-5,29000,-1,32500
824,5,35000,3,2,35000,40000,86,95,95645,40000,60000,5515,13000,15000,14900,96500,100001,1057448,146942,159805,839078,160097,-2,-2,-5,-5,-5,-5,-5,-5,-5,-5,-5,-5,-5
825,1,40000,3,1,40000,45000,93,89,89264,45000,75001,75001,60000,18000,32500,36000,51000,52000,51000,42000,52000,51000,56000,56000,62000,65000,74000,77000,83000,88000,98000,77000,97000,102000,110580
826,1,50000,3,1,50000,43700,46,52,60734,5000,-2,75001,2400,9100,11378,-2,17040,18100,17652,18000,19000,-2,-2,-5,-2,-5,-5,-5,-1,-2,-2,-5,-5,-5,-5
827,1,30000,3,1,30000,40000,93,89,92042,-3,3800,6900,45000,20200,31300,53400,66000,80000,81000,159805,75000,88000,95300,974100,96000,86500,120000,204000,180000,454737,440692,203500,595986,922631,235000
828,5,30000,3,2,30000,35000,16,16,16956,31000,17000,60000,60000,40000,34072,35000,35300,38000,40000,39000,50000,45000,80500,65100,75000,85000,98000,90000,20796,42800,32000,-2,16800,-2,32400
829,5,-4,3,2,5410,35000,55,50,38888,23175,-2,37500,42400,29980,41800,21000,52200,45600,46100,43150,43825,57100,56100,95000,117000,70050,92500,77000,91015,63420,81000,110000,65000,28000,79500
830,7,8000,2,2,8000,12552,25,30,29680,6000,4240,3996,4020,4092,2916,4857,4964,4332,4410,4740,4644,61560,29000,39000,57000,38000,40000,47500,25000,55000,55000,60000,-5,-5,-5
831,7,11000,2,2,11000,25000,7,7,5648,15000,-2,640,70,1392,3372,3288,3672,6118,5604,5568,7452,9600,11598,12464,-2,9652,-5,-5,-5,-5,-5,-5,-5,-5,-5
832,3,16000,2,1,16000,49000,23,28,38997,25000,5500,8000,14000,11000,-5,28000,-2,-5,-2,10000,25050,14000,11000,14000,2500,-2,15000,-5,20000,14000,17000,21500,23456,15388,21644
833,3,-3,2,1,-3,-3,10,6,3311,25000,-2,47000,-1,-2,35000,4600,1183,3820,3716,7200,8196,6360,10142,-2,22800,2580,20800,8000,60000,30000,49000,52000,45000,51200,20000
834,7,-3,2,2,-3,45000,18,12,13045,15000,13000,47000,17948,4671,6156,7404,4104,2402,-2,-2,5712,11072,10752,-2,18483,18115,21732,-1,37664,-2,33928,25000,28000,26000,-3
835,7,15000,2,2,15000,30000,25,19,25338,25000,33000,12000,22000,50000,46000,40173,10936,-2,-5,-2,78380,27380,71632,58000,91000,91000,85000,80000,108000,122000,-1,133600,138000,136800,146800
836,8,-4,1,2,744,30000,41,35,34921,0,3335,6417,5652,8400,6420,5434,3000,2000,21500,24000,24000,21000,25250,36400,-2,15354,22000,13776,19000,23664,7860,-2,600,15000,17000
837,3,-4,2,1,-3,17600,20,28,25129,24000,35000,-2,30000,30000,40000,11900,-5,-5,15000,-5,-5,-5,-5,-5,-5,-5,-5,-5,-5,-5,-5,-5,-5,-5,-5
838,4,32000,1,1,32000,32000,8,6,13781,12000,-1,18000,10800,55000,20000,15000,3000,34000,-3,17728,39968,31188,25928,-2,23496,22487,27160,38888,54236,-2,106000,17584,-5,-5,-5
839,7,14000,2,2,14000,34000,6,7,4208,34000,22500,8228,-2,14200,15908,28421,29000,30000,27000,37000,41500,42333,-2,72330,97000,43000,55000,65000,45600,58000,72000,35100,44885,52410,19704
840,7,7500,2,2,7500,-3,1,1,324,-3,-5,0,11328,-5,750,4764,4944,6624,6588,0,7296,-2,-5,-5,-5,-5,-5,-5,-5,-5,-5,-5,-5,-5,-5
841,5,-4,3,2,-3,18000,71,61,57519,20000,6500,15400,16909,17600,16314,17000,15000,15000,7000,15000,23700,26500,23682,38900,42000,30500,106120,44976,36720,54004,57448,58400,57580,62200,58824
842,5,-4,3,2,-2,12000,17,19,24168,20700,1190,3297,6324,7870,4924,6055,14060,6060,-2,4720,7600,11100,14600,20000,17000,20000,20400,19000,19000,-2,22000,26876,8000,4010,-3
843,5,17000,3,2,17000,19000,33,32,34453,-3,-2,13050,13037,19048,-2,23000,7872,5320,5340,4000,10000,11000,11000,6924,18980,17850,12000,10000,3000,9733,13000,21000,24000,26000,25000
844,1,17000,3,1,17000,19000,18,27,36845,18000,3500,9000,9500,25000,7200,-2,6000,10000,11064,8532,-2,-2,-2,26608,-1,-2,7380,-2,12500,-2,-2,61191,65400,68439,38140
845,5,-4,3,2,-3,-5,17,19,20860,6484,19300,-5,-5,-5,-5,-5,-5,-5,41900,38500,45000,16000,16634,39600,-5,40700,17200,14400,17000,24000,7690,9960,-5,-5,-5
846,5,12000,3,2,12000,12000,17,19,32623,10000,6100,4700,-5,-5,-5,-5,-5,-5,-5,-5,-5,-5,-5,-5,-5,-5,-5,-5,-5,-5,-5,-5,-5,-5,61000
847,3,30000,2,1,30000,28000,36,31,22976,37000,24000,-2,27000,32000,35000,49000,53500,46023,54800,33000,59000,56000,60300,33900,75000,53900,104000,108000,114500,127500,139000,139000,143000,146000,147000
848,5,14000,3,2,14000,1745,29,30,32304,36200,28000,24000,4848,4464,5068,4530,4512,5316,4956,5472,9210,-3,-3,14000,20000,-2,-2,24124,49000,30000,49000,49000,49000,25000,57000
849,5,12000,3,2,12000,18000,33,35,36881,26000,28000,24000,5541,-2,31000,6000,-2,-2,18700,-2,15140,-2,-2,-2,-2,-2,-2,55000,38600,27400,-2,22000,26100,27000,88000
850,1,12000,3,1,12000,18000,78,84,82620,26000,28000,24000,18503,24005,26000,27276,15664,-2,33032,28047,42600,38882,51082,60050,55050,61000,60200,-2,87000,88000,-2,86000,93000,108000,110000
851,1,7950,3,1,7950,45000,59,61,55782,15339,-2,19494,25071,19629,26000,32700,26940,30900,29600,40300,42500,40000,41500,49076,53500,52500,56000,64200,82000,99650,69000,81746,63000,46700,49920
852,5,-2,3,2,-2,-5,26,29,28681,6000,-2,1700,-2,27000,28000,35000,49600,-2,63200,77200,58600,73250,73200,89174,-2,-2,17322,12000,22938,-2,1400,13048,14592,12048,13392
853,1,35000,3,1,35000,36000,91,99,98417,47650,30020,32550,-5,-5,-5,-5,-5,-5,-5,-5,-5,-5,-5,-5,-5,-5,-5,-5,-5,-5,-5,-5,-5,-5,-5
854,5,35000,3,2,35000,36000,44,44,50954,47650,20000,18000,20300,-2,24500,23000,34000,27000,32000,34000,30000,30000,60000,40000,20350,21568,-2,63000,63000,-2,26500,65500,70000,42000,103000
855,5,20000,3,2,20000,17200,77,75,61777,20225,19920,33900,26380,20690,41000,100001,32100,38200,42000,60444,45500,40350,-2,41300,61057,54000,110100,54580,83000,67000,60200,0,72000,89000,-3
856,5,25000,3,2,25000,7860,71,79,83737,11140,18000,18846,12500,13500,14000,17600,20900,17400,146942,26150,35000,36300,-5,-2,9810,17100,19050,22020,-2,27000,27000,28100,32040,37000,34050
857,5,20000,3,2,20000,-3,41,37,47207,-3,15000,7080,1100,26000,17158,-2,40550,45000,-2,-2,-2,-2,60000,22400,60592,-2,-2,32000,-5,-2,-2,71000,595986,-2,-3
858,5,20000,3,2,20000,16000,12,10,11710,30000,28000,18000,24000,5000,15000,-5,-5,-5,-5,-5,-5,-5,-5,45456,-5,-5,-5,-5,-5,-5,-5,-5,-5,-5,-5
859,1,25000,3,1,25000,29000,22,27,23250,20000,2600,27000,25000,12000,11200,16000,21103,21050,28700,46000,47500,73300,62200,64100,69000,68000,75000,61000,46000,47000,61000,56000,60000,64000,68000
860,1,25000,3,1,25000,29000,64,68,69283,36000,40000,70000,29000,50000,45000,15000,10030,15000,15200,26030,26980,22000,-2,27332,29680,32620,-2,-2,64000,-2,44000,36000,31600,35500,29576
861,5,15000,3,2,15000,15000,39,43,49173,20000,30000,27000,25000,-2,-2,-2,17500,27000,27250,27150,27600,27000,27200,32300,32000,34400,32000,34900,29200,29516,34100,39000,38500,41500,77800
862,5,-4,3,2,10700,9508,48,52,41383,19330,25040,26030,35540,26350,36300,55200,55300,57600,72200,59300,-2,51200,49000,62500,65000,72600,185000,-5,80500,106000,111000,105000,118000,-5,-5
863,1,60000,3,1,60000,55000,49,35,38088,55000,56000,65000,17158,32400,37550,54000,79000,98984,55300,65000,64000,65500,189918,95500,108000,115500,125000,108500,479983,137300,147000,155000,239000,293000,237000
864,1,60000,3,1,60000,55000,41,36,32786,55000,56000,65000,7600,50000,65000,64200,19800,22000,23500,32525,26400,28200,33025,32000,44000,-5,-5,-5,-5,-5,-5,-5,-5,-5,-5
865,1,-1,3,1,-1,19142,71,64,58337,25051,31080,28859,14663,28125,35140,31120,30840,31150,31150,31450,33000,34800,36750,41675,-5,59200,61000,61000,63000,70000,-5,-5,62000,-5,-3
866,5,21000,3,2,21000,25000,18,22,27315,28000,24300,30000,35000,-2,43000,-2,51300,-2,81100,48000,58000,65000,-2,-5,90740,14515,-5,-5,177150,-5,67252,46560,-5,-2,-3
867,5,-1,3,2,-1,15000,57,55,69101,16000,18000,2500,30000,19400,17100,37100,40500,42050,60925,74400,76500,52000,87550,84500,118000,133000,-5,-5,-5,-5,-5,-5,-5,-5,-5
868,1,-1,3,1,-1,-3,86,90,91600,-3,1147,34000,12508,-2,-5,-2,82500,12400,15033,18582,11504,35500,36000,41200,55000,50146,42000,80400,40482,42500,43215,42000,48000,58000,70446
869,5,40000,3,2,40000,-3,42,59,72213,40000,8700,39000,45900,-5,-5,-5,-5,-5,-5,-5,-5,-5,-5,-5,-1,-5,-5,-5,-5,-5,-5,-5,-5,-5,-5
870,1,15000,3,1,15000,20000,7,7,9505,-3,-2,-2,28000,7449,-3,14694,-2,-2,-2,1200,-2,-2,20000,25000,47800,-2,54000,-1,-5,-5,-5,-5,-5,-5,-5
871,1,15000,3,1,15000,20000,51,56,70262,-3,-2,25000,3500,40000,9200,13500,31500,-2,25050,50050,36000,41000,39000,35000,47500,52500,29000,40000,45000,70000,64500,108524,126560,229596,234200
872,1,30000,3,1,30000,40450,76,80,71872,11500,5889,10704,18300,65050,27300,27100,32600,37800,37800,80000,89450,89900,189918,144000,92300,128100,122175,140000,161800,198000,124320,193000,250300,258000,308000
873,1,30000,3,1,30000,40450,70,75,80046,-3,40000,50000,60000,9150,19520,19560,-2,28198,-2,-2,-2,-5,-5,-5,-5,-5,-5,-5,-5,-5,-5,-5,-5,-5,-5
874,1,30000,3,1,30000,40450,84,90,94976,-3,40000,5000,60000,58000,65000,6010,79050,21100,27000,30150,61100,69300,68000,68150,90200,111300,123400,135500,142850,164300,182000,184000,160000,264485,263000
875,5,-4,3,2,5000,-3,32,33,25657,-3,12000,12000,14500,16000,70000,18900,65400,73000,50100,49000,47100,-2,62000,58000,63000,48280,390662,57400,70720,89000,-5,-5,-5,-5,-5
876,5,-4,3,2,5090,6800,88,89,79208,4800,-2,-2,9284,10020,65688,69350,67300,73800,146942,159805,839078,96400,-2,-5,-2,130000,180000,240000,-5,-5,-5,-5,-5,-5,350000
877,1,38000,3,1,38000,30000,-4,-4,-4,50000,50000,60000,55000,10000,18000,25250,33200,40500,45200,70000,-2,51500,49300,64000,115000,154000,112500,125500,153500,165200,187100,177900,-2,61001,176600
878,5,38000,3,2,38000,30000,48,58,68575,75001,-2,-2,9000,10800,13503,18358,-2,99500,28100,29600,30100,42000,58000,974100,161000,-5,-5,-2,58500,-5,-5,-5,-5,-5,-5
879,5,25000,3,2,25000,24000,55,61,79765,25000,26666,27000,30238,1932,3204,-2,45800,-2,20120,10040,43500,34800,-2,54050,68050,-2,40000,49500,52900,-2,98000,80000,100200,-2,101020
880,5,-4,3,2,-3,-3,-4,-4,-4,-3,75001,-2,-2,-2,-2,100001,26000,1057448,146942,-2,839078,-2,-2,974100,-2,-2,-2,408473,220000,454737,-2,-2,74000,0,-3
881,1,40000,3,1,40000,-3,81,80,80898,45000,75001,50000,36000,48000,31180,35200,38200,37700,32700,50000,46700,47000,48400,67000,-2,-2,75000,78500,8000,82000,95000,-2,137500,158500,-3
882,1,38000,3,1,38000,40000,59,56,64498,-3,60000,41500,36000,48000,20450,23000,45880,47500,53100,57000,61000,66450,72000,75000,-2,-2,115000,125000,144000,137000,150000,130000,236000,165000,215000
883,5,38000,3,2,38000,40000,57,56,75516,50000,58000,70000,36000,48000,-2,22200,10400,20300,25200,30000,30000,34000,43000,38500,53500,65000,52000,30000,30000,32000,66000,202000,70000,270000,100000
884,5,21000,3,2,21000,22000,99,97,98089,3180,36000,50320,45000,19495,38000,36790,7690,12909,16868,19328,33356,36934,42000,67799,71650,76798,93162,103101,102400,104279,91864,92951,101910,102000,108000
885,1,21000,3,1,21000,23000,91,85,81330,25000,26000,5000,17000,42000,35000,37000,51000,46000,51000,7000,64900,2000,700,21000,26000,31500,-5,46000,37002,20000,18500,1300,0,30000,37000
886,5,-2,3,2,-2,30000,76,89,92741,-3,43000,40000,40000,45000,25053,30040,38100,46200,55050,59758,58900,70100,76200,82335,90000,109389,120000,125500,165600,199615,178000,190000,232000,238000,265321
887,5,-2,3,2,-2,40000,42,51,56311,-3,-2,-2,10000,16612,-2,11400,19550,-2,24500,-2,-2,35000,36000,36600,55000,-2,-2,86000,106500,-2,115000,126500,-2,135100,148400
888,1,-4,3,1,12250,12200,26,29,21826,15700,16600,19000,24600,24200,19300,20000,23000,24000,-2,35000,33800,38000,40000,48000,65000,72000,73000,-2,68000,70000,74000,80000,84000,82000,81000
889,5,-4,3,2,12600,15550,49,52,45056,-3,-2,19800,23800,19400,19150,22400,23400,25300,28750,31100,39100,42500,42800,50000,64000,74000,74000,79000,79000,97000,87000,88000,86000,-2,-5
890,1,40000,3,1,40000,40000,91,90,82756,60000,60000,11700,26800,37000,38550,36100,43800,48100,51500,58350,64000,66000,78000,93100,120100,170100,165000,225000,479983,454737,228000,497763,595986,300000,300000
891,1,-4,3,1,4452,-3,60,53,42935,25700,35002,75001,26120,36500,37800,-2,34900,38000,34700,78600,64000,33200,47900,48000,52000,54000,41000,48000,36000,40000,59000,86000,90000,93000,92000
892,5,21000,3,2,21000,2000,63,45,49165,2000,4884,19400,75001,-2,3779,20900,50000,26000,21200,25000,20000,31000,41300,34000,39400,-2,15060,180060,2500,24000,14408,24000,12452,12924,14400
893,5,-2,3,2,-2,50000,47,41,45436,40000,45750,16843,19622,18415,21040,25050,31025,27536,32050,32530,27730,32512,39930,39500,43200,59200,63000,73100,63000,66200,85200,105000,200,141000,144000
894,5,-1,3,2,-1,-5,-4,-4,-4,14000,10850,10600,-5,-5,-5,-5,30630,-5,-5,-5,-5,-5,-5,-5,-5,-5,-5,-5,-5,-5,-5,-5,-5,-5,-5
895,5,-2,3,2,-2,41000,89,85,86610,44500,45000,33000,50000,31000,40800,40400,50900,49700,76250,52200,65250,-3,-3,58700,65300,70500,60400,-5,-5,-5,-5,-5,-5,-5,-5
896,5,25000,3,2,25000,30000,99,99,98804,25000,40000,8520,15255,15015,21010,25400,23100,29100,46200,54200,50000,56200,52390,45000,40400,44725,49030,61000,54000,69200,90000,85800,85000,112200,112800
897,5,28000,3,2,28000,30000,85,84,82852,35000,25000,-2,-2,35000,45000,-2,38650,11900,-2,-2,-2,-2,5040,4800,-2,0,4800,50928,-2,126040,106625,58532,-2,9180,9720
898,5,28000,3,2,28000,30000,71,74,79576,35000,30000,-2,-2,235,3310,11100,20000,28604,33068,29650,35892,38500,-2,44927,50470,-2,82000,87200,96000,102500,108000,75000,146000,137200,140000
899,1,10000,3,1,10000,-3,93,86,83208,-3,-2,35000,35000,35000,20556,21400,18000,-2,58000,-2,-2,30000,57000,56060,58050,47000,50000,51290,44012,71200,67548,76935,52000,85000,85000
900,5,-2,3,2,-2,-3,79,73,72257,-3,-2,35000,6000,13800,17999,21045,53000,60140,50400,50000,56500,65000,64000,61500,70000,92000,99150,101592,105000,112400,130400,150010,149000,143000,150000
901,5,-2,3,2,-2,-3,69,64,73871,-3,-2,35000,35000,34326,35000,47305,54500,60000,56500,53500,67500,81000,-5,-5,-5,-5,-5,-5,-5,-5,-5,-5,-5,-5,-5
902,1,25000,3,1,25000,22000,76,73,82490,22000,34000,43000,45000,52000,44000,44060,65200,31550,34350,44220,52100,52624,52700,60632,70100,71545,53000,85596,97443,106120,116850,118055,135000,181000,149600
903,1,75001,3,1,75001,24000,-4,-4,-4,6500,8300,12150,40000,19500,21000,37100,32100,47000,46000,51650,57500,59000,64300,83000,91919,100000,92000,73200,65000,105000,112500,135870,95440,125000,115632
904,5,-2,3,2,-2,49000,29,34,46394,-3,60000,75001,50000,-2,300,7000,12050,-2,-2,-2,-5,-5,60000,-5,-5,-5,-5,-5,-5,-5,-5,-5,-5,-5,-5
905,5,20000,3,2,20000,16600,56,47,51552,31000,37000,44000,55000,50000,37683,13858,17867,82000,54000,55200,-5,-5,-5,-5,-5,-5,-5,-5,-5,-5,-5,-5,-5,-5,-5
906,5,20000,3,2,20000,-3,89,89,93511,9500,15000,35000,8000,808,660,5000,-5,18009,30085,42200,15250,54500,68300,72540,-2,78000,72500,92000,180000,123000,115000,173875,113000,200500,120000
907,1,20000,3,1,20000,20000,75,95,93432,-3,6605,27000,2760,8515,8530,-2,31080,32269,30964,24247,-2,15723,8622,20800,21348,-2,47150,53900,58000,-2,64000,71262,69126,73737,75846
908,1,20000,3,1,20000,22000,67,73,82465,24000,30150,27000,29000,32000,9656,23764,18850,23000,29300,26072,23014,26080,24000,20385,-2,43000,60000,65000,55000,58000,58504,68000,74000,-2,62135
909,5,20000,3,2,20000,22000,40,48,61363,24000,30150,27000,29000,32000,30000,39150,50020,53200,40300,48000,40680,60030,60200,67200,80000,-2,87900,87500,98902,104500,124000,-2,120000,111000,85000
910,3,-4,2,1,10870,15020,88,84,81839,15180,19000,14200,24400,33000,35300,32000,30500,36000,46000,43000,55000,84000,189918,974100,66000,-5,-5,-1,50000,0,-1,35000,52000,32000,60000
911,3,3000,2,1,3000,10000,22,27,36254,30000,6040,-5,75001,53000,-5,-2,-2,-2,1500,450,0,-2,2000,1500,-5,-5,-5,-5,0,208,-5,-5,-2,67134,50000
912,5,19000,3,2,19000,-3,96,94,91404,24000,29104,31500,34300,34200,24000,32100,35300,37100,40120,63200,48500,48730,49200,66200,57100,82500,32800,110000,124500,205000,154000,208500,194000,222000,315000
913,1,19000,3,1,19000,-3,84,86,93464,24000,14000,16200,17300,16000,15000,2500,21600,9000,-2,-2,21502,29500,36000,90100,95500,111800,120000,107000,122000,127000,164000,285000,595986,180000,200000
914,8,37000,1,2,37000,5765,80,73,75363,9700,10930,13240,14961,17210,20100,-2,24030,66065,-2,97350,66050,67040,81050,85050,80150,96500,60000,107150,127000,144253,145300,134100,199000,185000,-3
915,8,37000,1,2,37000,28000,85,88,92122,-3,-2,55000,-2,10505,13000,15000,16002,19000,20050,40702,51300,-2,46010,55500,60000,68092,72020,81050,78550,74130,-2,80525,96300,93030,82550
916,1,70000,3,1,70000,50000,84,88,82189,60000,50000,10159,16227,24179,30300,33000,35200,37500,61000,67000,80500,72200,83000,69540,-2,75800,75000,-5,80468,87000,55000,104000,114000,-5,76132
917,1,28000,3,1,28000,20000,29,29,25522,4000,46000,4029,-2,-2,30000,14000,19299,24000,18700,15530,22000,-2,20000,9315,-2,25000,60000,30000,0,9260,9396,9840,10356,12567,-5
918,5,28000,3,2,28000,20000,37,40,47309,25000,46000,32000,-2,-2,30000,4000,8000,13000,29545,29028,36600,32000,35000,38000,11505,-2,16350,-5,1800,0,1200,3000,-2,-2,11000
919,1,17000,3,1,17000,-3,37,42,39872,-3,10902,11905,13430,12905,14625,15500,16506,19125,-2,19040,19850,-3,-3,22010,32000,31000,21000,31000,31000,35000,-2,25000,27000,-2,30000
920,1,17000,3,1,17000,24000,89,87,86877,27000,25000,22000,30000,30000,14070,22050,26050,33000,32100,43600,40400,12060,46500,56500,72000,95000,100100,111000,128000,140300,152000,190100,141900,130200,136000
921,1,17000,3,1,17000,24000,8,7,7983,27000,25000,31000,30000,11510,18455,24000,24100,23800,27650,24050,25940,32830,36016,-2,42500,50400,63000,77000,65100,60030,63500,-2,-2,62100,50100
922,1,21000,3,1,21000,31000,60,54,55885,31000,22020,-2,32000,54300,54000,67300,57000,52000,55896,65500,66000,68000,54000,60000,85000,68000,107000,117996,90000,85000,107000,-2,-5,-5,-5
923,5,21000,3,2,21000,31000,21,27,29364,18366,21420,-2,32300,33950,35900,40900,43000,42000,31000,53000,48000,61000,62000,62000,63000,38000,52360,58972,54393,45000,61724,-2,69842,97800,268800
924,1,29000,3,1,29000,25000,85,76,83946,37000,38000,40000,45324,62000,72000,100001,32600,29000,35200,65600,54700,62200,49000,118000,244343,332808,129500,238000,143000,147000,440692,207000,218000,250000,239100
925,1,-1,3,1,-1,-3,89,87,78852,60000,24100,26180,30200,45200,44600,3300,45500,47000,45200,55500,53300,62200,67300,89500,94000,83000,117000,107000,106700,122000,132000,150000,150000,187000,87900
926,5,50000,3,2,50000,-3,69,72,73214,60000,75001,15100,16800,19000,18500,16000,80000,-2,-2,-2,-2,-2,-2,-2,-1,-2,-2,-2,-2,-2,-2,-2,-2,-2,-3
927,1,-4,3,1,14000,17100,96,91,97423,20400,18400,22500,-5,-5,-5,-5,-5,-5,-5,-5,-5,-5,-5,-5,-5,-5,-5,-5,-5,-5,-5,-5,-5,-5,-5
928,6,-1,3,2,-1,-3,43,44,45999,3000,5296,8700,6984,6318,-2,-2,-2,-2,15610,31400,24640,30000,36100,31036,29460,-2,4320,12000,12000,13000,20800,13848,17226,45216,38992
929,1,20000,3,1,20000,26000,56,56,75258,20000,35000,35000,35000,32000,40000,43100,29540,43000,41200,-2,-2,36200,45000,48150,-2,52670,51000,48020,157000,147400,136000,145100,160000,150000,168000
930,8,-4,1,2,-3,-3,6,9,16307,16008,-2,-2,-3,-2,-5,-5,-5,2600,-5,-2,-5,-5,-2,-2,15090,0,-5,-5,-5,-5,40,2752,-5,-5,-5
931,1,-4,3,1,11670,16060,70,69,71323,5288,1134,1600,-5,-5,-5,-5,-5,-5,-2,-2,38000,-5,-5,-5,-5,113000,-2,-5,-5,-5,5659,19080,19776,40320,20400
932,5,-4,3,2,11601,-3,22,24,26769,592,6252,6252,6900,6040,-2,6000,6000,-2,23800,35200,44800,39000,48400,54400,51400,48000,28800,48000,72800,94000,68000,143000,80800,95000,130000
933,2,24000,3,1,24000,-3,52,53,58258,2400,9050,9445,10062,9218,10025,-2,32200,31000,55200,48910,56750,-5,-5,-5,-5,-5,-5,-5,-5,-5,-5,-5,-5,-5,-5
934,1,24000,3,1,24000,40000,-4,-4,-5,-5,3500,5670,11800,15065,26125,31000,39500,42000,45000,47000,52000,53500,48000,51500,54800,54000,62000,59000,65000,78000,35000,37000,39000,43000,44000
935,5,25000,3,2,25000,48000,40,40,34620,5000,55000,12548,9638,13274,7590,10080,8589,11800,9984,14512,14300,11580,11580,11676,16396,19260,27432,18480,21200,22428,30828,-2,27907,26200,18660
936,5,25000,3,2,25000,48000,53,54,58404,50000,55000,69000,29700,36200,42261,40200,49600,43075,40050,48100,54100,55350,52100,58475,100150,86898,66000,72120,71230,81600,110464,113050,141000,140580,138000
937,1,25000,3,1,25000,48000,75,73,84974,75001,55000,65000,75001,100000,-2,100001,19000,18000,37000,39200,41620,46520,56010,83500,88300,94100,79000,89000,103550,-2,128500,114200,145000,143100,151000
938,1,25000,3,1,25000,48000,23,23,21712,50000,55000,69000,50380,60000,-2,81050,72000,25000,22000,23000,61500,12894,11226,21000,20000,41350,39995,38000,38500,45000,58600,52000,54000,64000,76000
939,5,-4,3,2,-3,18000,21,18,17528,-3,11000,-2,-2,12000,-2,5367,42000,35005,-2,-2,-2,-2,-2,-2,11200,28000,28000,-5,27500,-2,-2,0,-2,0,1925
940,5,-2,3,2,-2,13500,72,53,57979,10900,13290,-2,21912,19712,-3,29503,34340,37080,11850,21399,20000,-5,96700,87940,-2,-2,-5,-1,-5,-5,-5,-5,-5,-5,-5
941,1,35000,3,1,35000,30000,44,53,44224,50000,50000,-2,-2,40000,35050,-2,43050,-1,53000,45200,58000,37300,42000,59000,-1,100000,105000,120000,160000,105000,115000,81010,74000,45000,45000
942,5,15000,3,2,15000,-3,49,51,55978,-3,59000,16175,-2,20000,47050,-2,51000,-2,54100,58020,-2,57040,-2,66050,75456,32750,72000,85800,-2,49100,91200,-2,122096,128432,111905
943,5,34300,3,2,34300,-3,36,29,20661,20000,40000,39400,40800,50000,-5,-5,-5,-5,-5,-5,-5,-5,-5,-5,-5,40000,-5,-5,-5,-5,-5,-5,-5,-5,-5
944,2,6000,3,1,6000,11000,99,99,97299,10000,15000,11100,13774,15200,12400,25000,13500,18850,8510,22500,26800,28150,20500,32000,36000,41120,53000,58000,54000,55635,55000,57600,82700,63500,65000
945,1,20000,3,1,20000,45000,47,52,51523,45000,50000,62500,49000,60000,23000,21400,20075,24500,26300,36100,39300,41200,41300,32200,28500,40500,41100,46500,37300,45300,46100,47200,47200,50300,55200
946,1,20000,3,1,20000,45000,72,75,84064,35000,50000,61400,50650,60000,40000,8600,21300,23250,-2,-2,15000,-1,-1,24700,-2,48000,-5,-5,-5,-5,-5,-5,-5,-5,-5
947,1,-4,3,1,17000,17040,91,86,77263,34010,35700,35023,46060,42900,42300,34350,36000,39600,42000,52800,54500,55400,52000,56400,62320,62000,93000,58613,70321,104000,139200,136300,161400,177500,766958
948,1,20000,3,1,20000,38000,24,21,18274,34000,-2,45508,51773,40000,-2,50172,-5,-5,-5,-5,-5,-5,-5,-5,-5,-5,-5,-5,-5,-5,-5,-5,-5,-5,-5
949,5,21000,3,2,21000,20000,40,53,64067,30000,25000,16480,12500,15414,14054,100001,40300,43300,18000,25700,26672,25000,61012,76482,94400,102722,121000,144600,150020,187800,206000,210000,225000,261000,248000
950,5,21000,3,2,21000,20000,76,84,91630,30000,25000,25200,26000,20,28000,14788,35150,38030,48030,54060,55020,70850,61800,110600,101320,81020,80000,78800,176000,106000,116000,150000,3200,125100,-3
951,1,18000,3,1,18000,35000,30,39,52109,35000,-2,50250,60500,28000,24000,80000,70000,1057448,42000,55150,45000,-2,75240,-2,140070,57400,67410,73000,78851,81000,81000,106000,137000,125000,128000
952,5,18000,3,2,18000,35000,53,52,63710,35000,5200,13680,5000,12487,19602,15840,46300,41500,49400,58600,61000,34005,30732,28292,-2,43270,15000,67000,-2,-2,24000,35000,-5,42500,-3
953,5,-4,3,2,-2,16100,75,73,70212,15127,20000,30160,32382,31470,9300,12400,9500,14000,13000,11000,-2,12000,13000,13000,5760,-2,-2,24000,0,0,0,12213,-5,12870,12800
954,5,-2,3,2,-2,5000,77,78,83581,7564,6772,9170,10500,10000,14000,11000,17000,37500,-2,23000,43000,-2,39000,38000,55000,0,30000,80000,80000,65000,52180,110000,108000,115000,120000
955,1,25000,3,1,25000,18000,62,54,45546,59000,54000,50000,45000,50000,28400,30768,30200,35200,32000,34000,34000,35000,38000,35000,38200,40000,33000,37960,40000,45000,20904,-1,-2,-2,-3
956,1,25000,3,1,25000,18000,48,38,55543,59000,54000,50000,45000,50000,40000,49150,29130,-2,-2,-2,-2,17900,20500,22000,21500,22000,51350,68000,26291,15330,18200,27500,17700,23000,36640
957,1,21000,3,1,21000,14000,21,22,26602,20000,15100,13838,12560,-2,24300,24050,33000,39600,46100,29000,-5,-5,-5,-5,-5,-5,-5,-5,-5,-5,-5,-5,-5,-5,-5
958,1,45000,3,1,45000,25000,62,45,41439,20000,25000,50000,23000,30000,43400,30200,64500,-2,51400,35000,42000,37500,36200,106300,55400,71500,64200,50000,106000,123000,57000,47000,47600,45600,68500
959,1,75001,3,1,75001,75001,91,95,96442,75001,10600,7100,7550,21300,-2,50000,77000,-2,63000,91800,23100,26000,48000,41500,58000,81000,110000,94000,190000,145000,150800,156000,595986,220000,281000
960,1,75001,3,1,75001,75001,83,87,88979,75001,75001,-2,7000,10000,32864,42256,45700,30000,80500,81200,839078,80000,189918,974100,244343,332808,150000,408473,479983,250000,440692,497763,595986,922631,766958
961,1,75001,3,1,75001,75001,81,84,88914,75001,75001,75001,15000,100001,45500,100001,70600,98300,34000,49000,50500,70000,67000,64500,80100,110500,110000,110000,140000,140000,143200,204000,145000,270000,155000
962,5,75001,3,2,75001,-3,57,62,67250,17742,20502,24035,14050,-2,35015,60013,-3,-2,22300,18512,23030,16363,25000,67045,44645,61400,72100,95000,127075,139600,147000,190667,178006,250010,258000
963,5,75001,3,2,75001,-3,38,48,51978,19310,26000,10000,13000,19000,-5,45000,77000,68950,40012,37040,47000,76000,76000,107200,150600,107000,54000,60004,140002,140000,125010,-2,-2,184000,150000
964,5,75001,3,2,75001,-3,25,20,28308,-3,3000,1488,-2,14500,16500,12000,15000,47700,50000,42000,18950,18752,18624,31560,29420,-2,39080,43000,48000,14200,43000,42000,-5,-5,-5
965,1,15000,3,1,15000,25000,21,15,10950,43400,47000,60000,25000,21800,25092,25500,-2,-5,-5,-5,-5,-5,-5,46000,71020,-5,-5,-5,-5,-5,-5,-5,-5,-5,-5
966,5,15000,3,2,15000,25000,14,16,18824,43400,47000,60000,21200,80000,-2,31200,38000,34000,38000,38000,34000,36976,-2,50000,64000,91950,34497,65600,70400,71935,-5,-5,-5,-5,-5
967,5,15000,3,2,15000,25000,11,12,17834,43400,47000,60000,40000,-2,-2,55050,31600,40025,55520,60660,46125,51020,51000,70000,76060,87100,45000,125000,-2,-2,-2,168000,-5,-5,-5
968,1,20000,3,1,20000,24000,46,43,43365,28000,25000,34200,30600,18100,30200,30100,40000,30200,30000,30200,33100,35000,38500,95200,100200,65000,80000,70000,80200,60000,50000,55200,64200,73000,80000
969,5,33000,3,2,33000,43000,59,52,44379,19000,26764,44133,10760,-2,28800,35700,12020,11000,14000,24000,22500,22400,19000,22500,25000,26000,30000,28800,97500,65000,-2,87500,76000,54200,41000
970,1,33000,3,1,33000,43000,59,55,57553,20200,7414,28078,17000,22120,17500,40000,46900,48000,58000,50000,50020,59000,51000,48000,110500,110300,60000,408473,167000,95000,170000,127000,155505,98000,156000
971,5,33000,3,2,33000,43000,47,50,53275,19000,2670,50280,-2,-2,25800,-2,17800,21500,17500,18000,25000,35000,40485,43000,57008,72000,35000,149000,25750,69000,50000,75000,75125,50000,26000
972,5,33000,3,2,33000,43000,45,46,57315,19000,-2,41382,7924,2921,7664,-2,12032,-2,-2,-2,20000,-2,43000,37000,18714,27008,31500,32000,38000,43000,43000,45000,44400,49000,54000
973,1,21000,3,1,21000,-3,60,61,65073,-3,40000,30000,40000,6800,55000,49578,72000,-2,18260,61000,61000,-2,25000,26180,27100,32400,42000,35000,42200,42000,44000,12880,-5,-5,-5
974,5,18000,3,2,18000,-3,58,69,66668,-3,-2,6000,6750,4916,5530,16889,43200,54000,65000,70000,69800,78500,77000,79000,145000,102000,68000,89000,110000,137000,131000,146000,128000,167000,154000
975,5,18000,3,2,18000,-3,-4,-4,-4,-3,-2,-3,-2,29400,20200,20200,-2,34600,54000,-2,47000,-2,33200,62000,58400,-2,54000,-5,-5,-5,-5,-5,-5,-5,-5
976,5,45000,3,2,45000,5300,79,81,62466,9800,8920,8910,13025,12300,19000,15000,32248,-2,29000,42000,70000,83000,66500,30000,26007,30000,24000,45000,51000,65020,80000,80000,90000,100000,83000
977,1,-1,3,1,-1,50000,86,76,90864,38000,50000,43500,35000,17010,30010,37100,46050,35020,43040,28000,39200,61850,57000,56000,62500,76000,52300,105000,111200,108300,110400,128000,133500,140700,164500
978,6,-2,3,2,-2,75001,31,26,20867,4850,5150,23900,29325,32500,35700,32900,40700,33300,37200,42075,35100,43200,46300,53250,-1,66000,63200,65400,85500,88200,90000,103200,111000,92300,112600
979,5,13000,3,2,13000,10500,50,38,41411,4000,0,0,6100,7800,0,0,100,700,0,-2,52000,-2,-2,34000,89400,332808,30000,32000,40000,58000,96000,23000,9600,8600,8000
980,1,-2,3,1,-2,19415,45,43,40748,22506,31800,24500,22020,32600,30100,48000,40100,39300,35000,33000,27000,28421,-2,43826,47992,72000,60000,78000,74000,92480,89000,88000,96000,100000,-5
981,5,-2,3,2,-2,-3,28,22,21246,-3,-2,-2,32075,30025,31035,36075,33020,40000,46200,23100,-2,27200,-2,31888,40000,-2,59460,60000,76000,-2,80200,-2,-1,77400,-3
982,5,-2,3,2,-2,-3,39,39,55097,-3,-2,-2,-2,18800,18225,10800,-2,-2,14000,-2,22200,-2,26000,-2,-2,36300,28500,39478,44600,63100,73955,50000,51000,50200,51100
983,2,-4,3,1,3000,15000,-4,-4,-4,12500,-2,1030,1510,-5,-5,-5,-5,-5,-5,-5,-5,-5,-5,-5,-5,-5,-5,-5,-5,-5,-5,-5,-5,-5,-5
984,2,-4,3,1,9400,8000,41,41,37731,3500,-2,4400,11000,14500,14800,17000,-2,9400,-5,27300,-2,-2,-2,71344,-2,-2,47290,4816,0,-5,-2,40580,26164,25194,-3
985,2,35000,3,1,35000,2978,65,59,52705,5005,5551,6700,15300,22903,56365,42000,49500,15050,40000,37500,49457,86144,30000,35000,60000,121000,40000,135000,163305,80000,59000,30000,46000,-2,30000
986,7,15000,2,2,15000,15000,37,39,51322,-3,-2,-2,-2,-2,-2,-5,23000,-2,-5,-5,-5,-5,-5,-5,-5,-5,-5,-5,-5,-5,-5,-5,-5,-5,-5
987,1,-2,3,1,-2,27000,89,93,86122,-3,30000,30040,-2,-5,-5,40130,8000,-2,-2,-2,49010,53010,-5,-5,-5,-5,-5,-5,-5,-5,-5,-5,-5,-5,-5
988,7,-1,2,2,-1,-5,8,6,5508,-3,7458,4900,6544,-1,6720,-1,-2,10000,-2,15600,-5,-1,-1,-1,-1,-1,-1,-2,66500,83300,85000,64964,-5,-5,-5
989,5,60000,3,2,60000,1930,83,71,67749,7000,8000,75001,-2,-5,-5,-5,-5,-5,-5,-5,-5,-5,-5,-5,-5,-5,-5,-5,-5,-5,-5,-5,-5,-5,-5
990,1,-4,3,1,7010,75000,64,66,60136,45000,12600,7000,21500,27050,29000,33000,36005,28000,27000,28000,42800,53000,31000,84924,53500,52000,57000,69000,64000,64000,58000,68000,88200,190000,116019
991,5,60000,3,2,60000,70000,34,36,38234,45000,75001,75001,12004,-5,19010,16400,18000,-5,-5,-5,-5,-5,-5,-5,-5,-5,-5,-5,-5,-5,-5,-5,-5,-5,-5
992,5,-4,3,2,17000,16900,30,29,24577,-3,24000,-2,31000,32500,36300,46000,46250,54100,57000,-2,82000,63500,65350,-2,-2,-2,-2,-2,105000,109000,114800,153400,147360,145000,-3
993,1,13409,3,1,13409,15500,82,91,90719,17000,-5,-5,-5,-5,-5,-5,-5,-5,-5,-5,-5,-5,-5,-5,-5,-5,-5,-5,-5,-5,-5,-5,-5,-5,-5
994,1,13160,3,1,13160,25000,34,47,51447,-3,8819,1800,-2,-2,-5,-2,-2,-2,-2,36500,865,-5,67600,-2,-5,-5,-5,-5,-5,-5,-2,46680,-5,48200,38800
995,5,-4,3,2,19900,21065,81,76,83931,16330,20691,25312,28500,26114,31292,24931,30020,14000,20500,20800,22800,22000,-2,20000,22363,22684,99240,69388,78348,85366,66735,66012,42248,38050,41708
996,1,17000,3,1,17000,20120,28,28,30891,20000,42880,19484,16992,12100,15400,13000,59200,29000,21800,24000,35000,57000,55000,55000,61000,-1,74000,95000,140000,171000,160000,-5,-5,-5,215000
997,1,24900,3,1,24900,2400,47,58,78723,26000,19900,17450,9000,20000,-2,24000,-2,20000,30300,24005,19000,20300,20000,27000,27000,40100,45000,46000,48500,77000,47469,48000,46000,50000,58000
998,5,-4,3,2,14012,19000,94,91,92133,20200,22105,47880,26690,28215,30714,28714,21014,25000,21800,20250,26000,26600,27503,31372,22376,-2,-5,-5,-5,-5,-5,-5,-5,-5,-5
999,5,14144,3,2,14144,16000,55,55,67602,17130,16400,23483,34040,24620,43000,50000,45200,12000,146942,31000,20840,27950,30000,19900,20000,16400,28120,27000,27000,21000,32000,90000,124000,123000,129000
1000,3,7760,2,1,7760,-3,73,64,67877,6300,13005,16000,5004,4178,-2,-3,6554,7550,7600,5998,6900,14000,19500,30850,46000,-5,57000,26690,2700,13000,1164,6620,15378,26157,24370
1001,7,-2,2,2,-2,-3,12,11,16807,20000,21200,-2,2830,22520,22480,9800,11800,600,600,7430,8800,3000,10500,-2,12000,10000,21000,18000,19760,16000,5160,-2,-2,12000,18000
1002,3,-3,2,1,-3,-3,5,5,5271,20000,21000,-2,-2,18300,22480,0,-2,1500,-2,-2,9500,1500,-2,-2,-2,0,-2,-2,7500,1500,670,0,-2,3130,-5
1003,1,15000,3,1,15000,50000,52,53,61145,35000,40000,30000,36800,23000,35000,6000,-2,15000,33500,-2,71500,61050,65775,974100,65000,100000,133000,161000,82000,100000,95000,85000,59600,55600,12000
1004,5,-4,3,2,7500,5000,24,22,27973,6700,6500,7720,8000,9300,13000,20000,19500,20000,20000,22000,29000,32000,39000,32000,36000,-2,42000,42000,56000,58000,53000,53000,60000,60000,55000
1005,5,-4,3,2,-3,16600,30,27,33605,13720,14095,15000,18665,23196,8420,10260,4400,-5,31200,200,11000,15000,14000,-2,15000,-2,-2,8000,-5,-5,50000,-2,-2,5892,14320
1006,5,-4,3,2,1500,7150,68,77,71039,-3,-5,-5,-5,-5,-5,23000,26000,52150,0,-1,60500,65250,73000,82500,-5,-5,-5,-5,-5,-5,-5,-5,-5,-5,-5
1007,1,22000,3,1,22000,22000,67,61,47450,-3,65000,13000,44000,26510,45200,49000,50800,56000,59350,65400,56100,58000,72400,102400,107000,105000,114700,99000,130800,162000,7000,167000,221000,330000,200200
1008,5,-4,3,2,-2,7400,46,39,33430,18150,15280,31125,36000,41115,44300,-1,-5,-5,-5,54000,-5,-5,-5,-5,-5,-5,-5,-5,-5,-5,-5,-5,-5,-5,-5
1009,6,-4,3,2,19600,5212,16,19,19686,9224,6720,10795,10020,4956,15829,8500,14100,14500,18600,20150,19300,22100,20000,28100,33200,68100,72000,-2,45000,68170,132599,-1,-5,-5,14850
1010,1,18000,3,1,18000,22000,65,80,88408,26000,24000,24000,25000,29000,30000,15500,27300,71000,146942,83000,89000,83800,85800,151000,244343,-1,390662,-5,-5,-5,-5,-5,-5,-5,-5
1011,1,23000,3,1,23000,22500,35,27,34339,27000,35000,42000,18535,18272,32325,26285,33100,35700,41000,45000,35300,50500,54000,60525,66050,69800,82000,71000,75000,89050,95000,101000,98000,94000,99000
1012,1,25000,3,1,25000,24500,6,4,15678,25000,26000,31700,33000,30000,43400,-5,-2,16500,-2,-2,-2,15845,-2,-2,-5,-5,-5,-5,-5,40848,10800,17988,-5,19344,38196
1013,1,25000,3,1,25000,24500,70,82,91199,25000,26000,31700,33000,6450,21100,16300,19600,18000,16200,15400,13000,-5,-2,0,1000,97,240,369,35000,-2,-2,25000,29330,27400,-5
1014,1,-2,3,1,-2,44000,98,94,94207,-3,40000,-1,-2,9400,25500,18000,11750,-5,11800,25050,36050,45250,42000,45000,77250,72800,64200,75100,76500,83000,92200,90300,96400,97800,99000
1015,5,60000,3,2,60000,60000,59,74,85366,70000,75001,8480,30300,38300,53040,63500,-3,3800,32400,-2,89200,5000,43400,60400,72400,59400,69400,87200,116000,20000,36000,73200,39780,120000,158000
1016,5,-1,3,2,-1,-3,41,42,28497,-3,-1,-1,12010,14015,16000,17000,25300,-2,-2,27216,20000,8300,30000,35000,-5,-5,-5,-5,-5,-5,-5,-5,-5,-5,-5
1017,5,-1,3,2,-1,25000,63,71,73243,25000,-2,3956,-1,23235,37050,42350,47400,42600,45900,47475,60430,30060,36000,52200,58800,82100,96100,132300,141050,168100,68000,72800,73000,77500,81000
1018,5,-1,3,2,-1,-3,44,42,47362,-3,-1,-2,-2,-2,-2,5030,10100,14000,16000,18200,55000,58000,62000,-5,-5,-2,-2,83000,110050,-5,-5,-5,-5,-5,-5
1019,5,50000,3,2,50000,45000,98,98,100000,50000,60000,60000,60000,-2,65000,17100,26100,7500,17100,23000,21024,22000,19000,30725,40530,77000,71000,77050,69000,75000,78350,78000,88660,100000,100000
1020,5,50000,3,2,50000,40660,99,99,98236,60000,9813,13650,19180,23200,25060,27000,12000,15080,2000,36088,70000,42002,52000,49000,51000,54000,40000,43000,84000,70000,80000,79000,85000,72400,76000
1021,1,-2,3,1,-2,-3,41,49,59376,17000,-2,-2,20500,30000,35000,36150,40100,-2,55100,58150,-5,-5,-5,-5,-5,-5,-5,-5,-5,-5,-5,-5,-5,922631,350000
1022,5,-2,3,2,-2,-3,12,6,4049,17000,-2,-2,-2,-2,-2,26000,-2,43000,26400,30000,40000,89600,-2,92000,63000,14000,37000,40000,42000,45500,46000,42000,40000,40000,46000
1023,1,-2,3,1,-2,-3,90,93,92319,1700,45000,49963,65060,12036,8876,40400,46600,52200,37200,45000,38500,57000,40400,-2,84065,75600,65405,115258,80350,60400,-5,123600,130800,40000,35000
1024,5,43000,3,2,43000,43000,71,76,77471,50000,50000,40000,50000,100000,100000,89200,59500,65500,71000,73000,56600,61000,57500,66300,90300,85900,-2,-2,-2,151000,141000,-2,64000,25000,202300
1025,7,-4,2,2,-3,-5,-4,-4,-5,-5,-5,6612,7152,6924,-5,3600,8088,7884,4064,4060,13303,9452,23656,18285,-5,200,-2,19000,0,0,8124,-5,-5,-5,-5
1026,1,-4,3,1,19965,-5,-4,-4,-5,-5,-5,-5,-5,-5,-5,-5,-5,-5,-5,-5,-5,-5,-5,-5,-5,-5,-5,-5,-5,-5,-5,-5,-5,-5,-5
1027,3,4572,2,1,4572,6600,11,10,12661,-3,10826,-2,4528,5500,13494,-2,22000,12400,18660,716,-5,-5,-5,-5,-5,-5,-5,-5,-5,-5,-5,-5,-5,-5,-5
1028,3,4572,2,1,4572,6600,3,4,4672,4152,-2,-2,-2,5500,13494,-2,-2,6216,33990,13584,24000,-2,21315,12000,-1,-2,-2,19008,14825,16996,-2,-2,11076,-2,11520
1029,7,4572,2,2,4572,6600,17,17,26365,4152,-2,8488,15000,588,29200,17352,-2,26000,32626,14747,27000,50069,-2,15000,825,12000,15000,51170,57000,67376,80680,50127,40103,39569,53458
1030,7,3480,2,2,3480,3240,14,13,13143,-3,5376,10929,6333,-2,8500,8508,7164,6660,7578,7848,16296,9244,18672,10564,13476,13776,-2,21250,9000,15802,15471,10576,18096,30000,-3
1031,7,-4,2,2,-3,0,6,4,6324,0,0,1681,630,0,150,-2,-2,-2,8964,372,252,5352,5448,5640,6408,6552,6996,7428,0,8016,96,9384,8652,9768,10230
1032,3,3480,2,1,3480,3240,1,1,49,3480,5376,-2,5420,-5,-5,-5,-5,-5,-5,-5,-5,-5,-5,-5,-5,-5,-5,-5,-5,-5,-5,-5,-5,-5,-5
1033,7,3450,2,2,3450,3240,7,5,8101,3480,5376,-2,5208,-2,8500,-2,13212,4900,-2,10548,13524,-2,7978,16621,10128,12648,19616,10560,14724,4447,2160,3240,4284,3294,9344
1034,7,-4,2,2,4080,5112,12,8,12727,5616,5940,6264,6300,6444,6220,10360,10376,10826,12662,2004,14064,15064,19232,18000,-1,33000,28808,27808,23000,29808,24960,-2,30584,24000,34000
1035,5,21000,3,2,21000,33920,17,26,37759,30000,-2,-2,1000,-2,2390,-2,3200,3863,30200,6100,11200,-2,16020,26160,22000,-2,-2,9000,4000,28000,14400,15000,12340,-2,-3
1036,5,13000,3,2,13000,16000,-4,-4,-4,10000,13000,12000,8000,8500,9100,9000,11000,15510,37500,-2,-2,7000,16000,-2,-2,-2,20660,-1,-2,8948,-5,-5,-5,6000,-3
1037,5,20000,3,2,20000,1788,42,40,40617,-3,23000,14020,10810,22020,21362,24144,-5,5600,15000,32108,34108,35900,38397,38629,15500,25000,42000,42000,62000,79000,40000,35000,28000,52000,35000
1038,5,20000,3,2,20000,21000,40,56,64065,-3,23000,26000,38000,45000,8875,63000,26000,29370,50550,38000,46000,50000,89100,80000,76269,77800,90008,94200,89008,102120,96000,107000,133800,121000,136000
1039,5,16200,3,2,16200,7600,59,71,71230,9300,12400,18000,26960,7740,7400,6355,1576,15000,16000,17240,17000,17587,35993,33700,37900,39000,41100,49500,44000,57825,46600,21936,21351,44928,19680
1040,5,11000,3,2,11000,6320,62,61,55277,-3,400,1225,3179,2938,2974,-2,4764,-2,5208,5225,5220,6848,8893,15144,9620,500,-2,-5,-5,-5,-5,-5,-5,-5,-5
1041,5,-4,3,2,5923,11852,-4,-4,-4,15126,13800,15003,15888,17000,8800,3170,22000,16000,27000,-5,3734,15000,18102,-5,-5,-5,33538,-5,-5,17304,-5,-5,12528,14208,14521
1042,2,6000,3,1,6000,13000,34,32,28954,11000,18000,15000,30000,22000,1702,-5,33000,-2,-2,0,7600,-2,-5,3000,-2,0,21000,18000,26000,27400,32500,14000,-5,20000,34000
1043,2,6850,3,1,6850,13000,1,4,3732,11000,18000,15000,7000,6500,20000,21400,34000,-2,-2,25000,2000,-2,-2,31100,9600,25000,-2,10000,16000,16370,-2,10200,24070,20988,9010
1044,1,20000,3,1,20000,23000,5,4,4871,25000,37000,28000,40000,-2,80000,-2,5608,7444,29880,31440,36200,30000,30500,-2,15000,25000,21000,25000,25000,-2,21408,18000,19000,21000,23000
1045,1,30000,3,1,30000,40000,60,65,65206,10500,11000,15607,11973,9804,15010,11006,11000,16045,24420,14000,-2,-2,15926,24336,23040,32500,45000,51300,58210,-2,-2,58005,34432,35424,-3
1046,1,30000,3,1,30000,13000,53,55,70337,31400,24000,12000,6150,5850,3408,4500,18700,16000,19200,22445,18080,14500,16000,26500,29075,38200,47500,58200,263,67300,68200,86025,75000,77500,85000
1047,6,-4,3,2,5700,-3,21,26,22497,3084,2735,3375,2927,-5,-5,-5,14000,17000,11000,25000,22028,-5,-5,-5,-5,-5,-5,-5,-2,23880,-2,11616,11353,18204,-3
1048,5,-4,3,2,11076,8900,8,8,3156,8000,14859,14500,15000,15000,21000,31000,30000,38000,13000,25000,22000,30000,30000,11480,-2,27000,14000,-2,28000,30000,17000,25280,25816,26000,21504
1049,5,29000,3,2,29000,35000,77,79,84635,43000,50000,55310,55000,64000,80000,79650,20000,39000,47000,48050,48737,52500,57700,70200,64100,85150,88500,85400,102900,112900,111000,118000,125000,126040,127100
1050,5,10000,3,2,10000,9500,84,77,86124,3423,13000,16200,47700,68500,-2,92000,91500,1057448,-2,159805,839078,30500,10000,42500,57000,90000,90000,230000,237000,-2,245000,497763,245000,922631,329000
1051,1,25000,3,1,25000,30300,90,92,87785,35000,4400,6363,5486,38000,6720,18590,22570,24580,28080,27187,34850,35678,38600,38805,42400,49400,101000,95000,133000,111544,83000,97100,124150,133300,118700
1052,1,30000,3,1,30000,33000,89,87,89341,35000,36000,6150,7000,3200,4730,14900,49000,73500,-3,159805,839078,160097,189918,125000,244343,175000,-2,408473,201000,241800,-5,-5,-5,-5,280000
1053,1,30000,3,1,30000,33000,63,59,73413,35000,35000,45000,3200,700,3800,9000,22000,28200,31302,31200,39075,41465,42554,57625,75000,105000,128800,150800,174000,186500,221000,221000,230500,230000,260000
1054,1,19000,3,1,19000,28900,-4,-4,-4,37000,35000,17000,19000,17000,23000,30000,20000,12000,39300,45500,-5,-5,-5,-5,-5,-5,40000,57000,36000,57000,45000,51400,42000,30875,19836
1055,1,-3,3,1,-3,30000,87,82,77043,25000,25000,4630,18250,25400,35000,36800,43400,47800,47000,48800,47500,47000,46500,60000,60000,65000,41000,80000,95000,90000,95000,105500,95000,61000,131500
1056,5,-4,3,2,10205,12000,15,16,15555,11910,16240,17094,17660,16452,14580,17020,12000,4000,9760,12774,5248,5000,34116,40220,48944,21764,29086,32128,28416,37826,20030,17000,20000,13000,20000
1057,7,-4,2,2,-3,6858,2,1,290,5700,7984,5820,6162,6690,6500,7800,5600,3880,-2,12004,11440,7696,5409,7854,18000,14000,62000,14754,72102,11417,47000,51000,10370,48000,47200
1058,3,11000,2,1,11000,12000,32,27,34012,14325,15208,24000,19000,25000,8515,10000,10119,13500,11015,11700,8000,8175,22000,27140,35000,25000,40000,45000,47000,55000,55000,56000,59880,65000,72000
1059,3,-4,2,1,11000,11969,10,16,12878,5000,21000,25000,31000,35100,37000,36000,43500,41068,45000,39000,52500,63000,79600,70000,27000,65000,97000,82000,124000,-2,82000,84000,100000,26400,30000
1060,1,24000,3,1,24000,11700,43,40,33045,23000,6750,6030,22000,21000,16150,19000,30050,15040,23520,14100,4700,-3,-2,-5,-5,36040,39200,28906,16000,34000,-5,40000,35000,-5,-5
1061,1,-4,3,1,-3,9000,89,80,80231,15760,18000,19995,18006,22030,28530,47550,30000,57100,68500,42000,36000,63040,-2,-2,42000,60000,81000,60000,95000,91000,104600,84000,90000,86000,-3
1062,1,-4,3,1,10300,44000,82,69,58977,12200,12000,21500,38830,34500,-5,-5,-1,-2,47500,43400,66150,54200,48150,52000,76000,93200,123500,114300,173000,151000,135500,-5,-5,-5,-5
1063,5,-4,3,2,1963,16300,45,43,45580,16800,17800,-2,-2,17895,18000,10000,15500,16685,16600,18100,16500,15000,-2,63700,63015,69997,71100,89600,90518,90330,-2,23570,23549,28064,46265
1064,1,-1,3,1,-1,13925,78,74,59869,19220,22639,19638,25080,21689,27481,31617,30000,23510,27555,37570,34530,35000,42800,59000,69060,79040,88050,66936,67021,56194,74404,-5,-5,-5,-5
1065,5,-4,3,2,7200,8100,77,77,70030,9009,10200,13380,31000,27463,20050,27973,-2,39100,48500,43660,46000,54700,48600,41480,-2,62000,-2,-2,75160,86000,102100,145000,108000,129000,117000
1066,3,3500,2,1,3500,14375,-4,-4,-4,9460,7500,-2,-2,-2,-1,-5,-2,8294,-3,-2,-2,-5,-5,-5,-5,-5,-5,-5,-5,-5,-5,-5,-5,-5,-5
1067,3,3500,2,1,3500,1600,4,1,887,8500,1740,3648,-5,-2,-2,-5,2800,8760,0,-3,9326,666,-2,-2,-2,-5,2500,0,0,0,5040,0,10524,10500,-3
1068,3,3500,2,1,3500,-3,3,1,958,-3,-2,10080,-2,-2,-2,-2,10000,1792,0,0,1200,18000,-2,-2,0,13520,-2,26000,15528,22900,-5,0,-2,-2,-3
1069,6,20000,3,2,20000,3372,13,12,8168,6500,10000,-2,-2,4752,4900,13432,7170,7380,13316,8060,11100,7068,7348,7355,8748,5000,0,6600,47100,-5,-5,-5,-5,-5,-5
1070,7,-4,2,2,3230,4308,15,12,4341,4264,5506,6940,18300,3498,2355,7500,6000,7476,17141,1592,22000,12000,22800,13000,23000,20800,15600,-2,36000,36000,40368,14814,71520,36868,63320
1071,7,19037,2,2,19037,-3,6,7,8758,5000,7000,19000,-2,18000,-2,-2,14000,19000,15000,0,15000,20100,6000,29600,81600,70000,193800,84600,87649,112132,59600,63600,84600,29600,137000
1072,3,18000,2,1,18000,24000,18,29,35780,35000,6300,5900,25000,34000,10000,21020,41000,55000,23900,27200,26523,26690,-2,57000,65000,74000,70000,110000,145000,160000,172500,187500,205000,217100,224000
1073,7,5000,2,2,5000,25000,8,17,15431,11000,25000,23656,18000,16000,18000,11000,18000,18167,9778,7668,19274,26000,10000,-2,13000,-5,19200,17000,-2,31656,21848,12348,12336,-5,-5
1074,7,5000,2,2,5000,6000,14,14,14876,11000,25000,19615,10000,16000,18000,-2,-2,-2,11832,10000,19000,25000,-2,10000,13650,-5,-2,-5,-5,30000,-5,-2,-2,-2,98000
1075,5,15500,3,2,15500,15000,-4,-4,-4,12896,14200,17000,-2,-5,-5,6500,3050,-2,-3,45050,47100,-5,-5,-5,-5,-5,-5,-5,-5,-2,-5,-5,61500,64000,66000
1076,8,3000,1,2,3000,3200,20,19,43456,-3,3005,3000,9312,8149,12000,18900,12440,14100,18940,17000,19750,19000,21160,28000,-1,-2,67000,60372,70000,81000,46000,45000,48000,0,37344
1077,6,-4,3,2,16132,13900,4,3,7901,17032,23166,23390,15440,13812,15600,14900,12000,3991,7524,9420,11860,-3,-3,-2,-2,44000,50000,57170,-5,67032,60000,98000,100000,134000,116000
1078,7,14000,2,2,14000,20000,85,85,88023,5580,9432,4450,10550,17500,17050,20800,22100,27500,-2,30610,32000,33000,0,38480,51000,65050,58350,60000,61000,79000,65200,83000,93100,153000,-3
1079,7,14000,2,2,14000,4568,24,25,24473,-3,5161,8840,11036,-2,13092,13000,13400,18230,16406,18250,17700,20048,23600,23510,33000,30800,33500,33009,36500,42130,40000,43000,42000,43000,50000
1080,5,40000,3,2,40000,45000,44,53,68497,45000,56500,55000,15300,57000,-2,31700,29000,27000,27000,27000,62000,31000,-2,52000,56000,77000,49500,39500,110000,110000,52500,95000,110000,51500,90000
1081,1,51000,3,1,51000,50000,55,71,76163,65000,60000,60000,75001,93000,100001,19000,36000,39000,27025,30200,33025,30000,31275,56000,-5,68000,34600,29000,38262,54500,47700,50000,40000,-2,146000
1082,5,51000,3,2,51000,50000,67,74,71597,65000,60000,60000,75001,100000,100001,100001,100001,1057448,87050,65100,90100,76100,88100,107200,106300,87100,95500,115200,140100,144000,240000,146300,122000,173300,302300
1083,5,-3,3,2,-3,25000,76,84,76983,22000,24200,31200,36233,29788,33600,31800,36500,48500,45750,46700,61800,60061,-5,-5,-5,-5,-5,-5,-5,-5,-5,-5,-5,-5,-5
1084,1,-4,3,1,9678,-3,14,11,10691,-3,15000,17960,17270,26000,25500,24000,33000,44000,49000,45000,50000,50000,50000,49000,-5,-5,-5,-5,-5,-5,-5,-5,-5,-5,-5
1085,1,25000,3,1,25000,-3,53,54,65317,34123,-2,-2,17688,20514,14132,17000,39000,32000,28000,31000,15156,14456,-2,1,24000,23000,29676,35349,36000,27001,38497,39957,56590,67182,70000
1086,5,39000,3,2,39000,40000,52,68,77119,40500,51000,53117,5000,4109,3200,11200,100001,51300,57300,67000,68500,-2,32500,974100,55500,-5,-5,0,79650,-2,-5,-5,-5,-5,-5
1087,5,39000,3,2,39000,40000,92,99,100000,40500,51000,53117,60000,65000,70000,19200,18300,22400,26874,32600,27678,26800,35750,41388,88100,80696,71000,56200,70750,76407,86500,78600,60643,73700,91080
1088,5,30000,3,2,30000,35000,99,99,98870,40500,-2,4504,19960,26510,37010,41100,36400,25100,16650,-2,75,25050,38650,38015,96700,86700,109000,-2,180000,270000,105000,107000,151190,226350,234000
1089,1,13000,3,1,13000,5000,6,4,1672,14470,20209,-2,1400,9040,25000,9000,17000,-2,16564,14528,-5,-2,-5,20000,15000,-2,-5,23000,35000,25000,25000,35000,31000,26164,0
1090,5,13000,3,2,13000,5000,16,12,12621,3500,6678,-2,-2,20600,13200,16800,1434,-2,14956,-2,-2,13850,17400,8140,-2,-5,-5,5200,1300,0,0,0,0,2328,2328
1091,1,17000,3,1,17000,5000,40,48,51083,12488,-2,10000,11000,15120,14500,12500,15600,15000,-5,19000,19000,-2,33000,24000,27000,22000,-5,29000,24000,25000,-5,-5,-5,-5,-5
1092,1,17000,3,1,17000,-3,43,54,59139,17000,23750,20000,9000,25000,18000,26100,11000,26015,21020,28000,22000,28000,35200,28500,-2,28000,20000,-5,15000,25000,-5,32000,-5,30000,30000
1093,5,50000,3,2,50000,74000,64,49,50614,70000,-2,75001,-2,-2,100001,21000,100001,24050,60118,66800,67400,68100,75300,83800,-2,-2,114000,64000,90000,-5,-5,-5,-5,-5,-5
1094,1,-3,3,1,-3,17050,49,46,32725,-3,17921,23000,23000,25208,24000,33050,46780,41000,40100,41100,28700,26935,30300,40400,42100,45700,-5,-5,-5,-5,-5,-5,-5,-5,-5
1095,1,10000,3,1,10000,6900,43,51,54507,17000,-2,-2,20000,20100,21500,27000,23400,25100,-5,-5,-5,-5,-5,-5,-5,-5,-5,-5,-5,-5,-5,-5,-5,-5,-5
1096,1,10400,3,1,10400,75001,16,13,15428,40000,70000,30000,-2,-2,40000,-2,27100,26045,20428,28030,28777,32599,38699,41920,-3,-2,42001,-2,68000,-2,70000,40000,31000,-2,70000
1097,1,37000,3,1,37000,29000,78,95,97926,45000,55500,7603,8356,9274,60000,60550,65500,-2,-2,68000,30030,26000,31000,35700,-2,46000,65000,65000,74000,65000,112000,106000,126000,122000,137000
1098,1,37000,3,1,37000,29000,83,99,98356,45000,55000,9808,12610,19353,22820,46559,48220,55120,58350,70000,68300,76200,-2,85700,-2,-5,-5,-2,108000,-2,-5,209000,173700,-5,-5
1099,1,37000,3,1,37000,29000,55,74,64442,45000,55500,52000,40000,41000,64000,64125,-3,-2,-2,78050,51060,-2,-2,35100,-2,54100,60300,-5,-5,-5,-5,-5,-5,-5,-5
1100,5,37000,3,2,37000,29000,29,43,52660,45000,55500,52000,-2,-5,-2,-2,26500,23510,-2,45500,-5,-5,-5,-5,-5,-5,-5,-5,-5,-5,-5,-5,-5,-5,-5
1101,8,23000,1,2,23000,0,94,87,89998,-3,-2,-2,30000,-5,-5,43000,50000,50000,59050,58000,64000,-2,79200,-1,98500,106000,157000,-5,207000,189000,-5,71000,73000,85822,-3
1102,1,40000,3,1,40000,5808,45,50,44711,50000,17815,20000,22900,24000,50000,68000,81000,1057448,146942,159805,839078,160097,189918,974100,-5,167000,390662,-5,429,454737,440692,497763,595986,922631,766958
1103,5,26000,3,2,26000,33000,91,84,75596,45000,-5,35000,-2,58000,12900,20300,40100,40300,146942,-1,56500,53000,61900,73000,72000,160000,390662,70000,-5,-5,-2,-5,-5,-5,-5
1104,5,26000,3,2,26000,33000,77,67,55829,45000,-1,29600,16530,21100,19100,100001,86000,65830,41200,66300,60512,94060,61750,84500,63360,73000,37000,50000,90500,60100,65030,48000,-5,-5,-5
1105,5,26000,3,2,26000,33000,68,64,65903,8770,45000,35000,-2,60000,88500,29114,35043,17045,68150,-2,81600,160097,28550,32600,40300,36500,89000,92676,125300,120325,141000,161000,164025,160226,157666
1106,5,26000,3,2,26000,33000,81,77,87203,45000,-1,1000,6000,3800,88500,18000,2700,7850,-5,30000,-2,-2,3000,7000,8012,38960,27504,32000,35000,70000,70000,51250,20000,0,80000
1107,1,-2,3,1,-2,50000,60,53,40507,21100,25300,29050,35200,40350,38030,39050,45030,58000,52050,55600,57040,58050,57600,63600,65000,77000,105000,124000,148100,167000,168600,174000,178000,178000,223000
1108,5,50000,3,2,50000,75001,33,27,24060,75001,30000,70000,15030,-5,-2,12000,18000,22000,20050,23440,64000,17040,42000,37000,45000,-5,-5,-5,-1,80500,-5,-5,-5,-5,450
1109,1,50000,3,1,50000,75001,75,76,72495,75001,75001,7000,-2,100001,80000,81400,14550,-2,146942,3200,7448,6420,5872,23000,8200,7728,-2,0,9384,-2,-2,-2,26652,-1,-3
1110,5,17000,3,2,17000,18000,35,35,42501,18800,-2,22000,-2,29220,30100,32354,28000,33000,-2,37000,40000,-5,-5,-5,-5,-5,-2,-2,42500,-1,47000,-1,72000,50000,-3
1111,5,-4,3,2,15765,-3,60,51,44401,32572,39300,38776,38030,37350,40010,38690,31500,37010,53000,51015,52010,56100,55001,73200,-5,80100,83000,88020,90000,104600,118010,122000,127000,113000,123000
1112,6,9000,3,2,9000,12500,21,27,41686,16000,16000,12000,-2,-2,19000,20500,19000,19000,23000,23000,23150,23060,18858,19000,23000,48000,47000,42000,42000,40000,51000,-2,56000,53000,58600
1113,4,23000,1,1,23000,15000,-4,-4,-5,-5,-5,-5,21543,-5,-5,-5,-5,28000,33000,53500,44700,30400,64000,47000,0,45420,43000,57000,-5,228800,20360,47148,36924,18684,50000
1114,8,-4,1,2,11000,15000,29,29,31751,-3,25000,29000,28860,37000,26000,28000,24536,-2,26000,32000,43560,34164,31218,26000,-3,63000,73000,93000,50000,40000,42000,9464,24732,33000,40000
1115,4,-4,1,1,7720,15000,37,30,26099,16000,-3,-5,-5,-5,-5,-5,-5,-5,-5,-5,-5,-5,-5,-5,-5,-5,-5,-5,-5,-5,-5,-5,-5,-5,-5
1116,8,4300,1,2,4300,55000,32,29,31890,16000,10000,18060,24500,14400,28000,40000,30800,5100,36300,23000,34000,96000,55000,50400,75000,100000,107400,64300,30000,36200,32000,32200,30300,29500,17600
1117,8,-1,1,2,-1,20000,41,40,38104,15000,22000,24000,24000,26500,31000,-2,38200,48200,43000,45400,57000,61700,56800,115000,82000,98000,165600,51800,53200,201000,51000,61600,54400,-2,-3
1118,8,2000,1,2,2000,7688,33,22,22955,3000,10000,3374,20000,28000,8580,24000,26000,38740,45000,41700,-3,-3,-3,50000,-5,27380,43680,48500,80000,110001,26000,40000,43000,50000,50000
1119,4,-4,1,1,-3,-3,71,78,65235,-3,23500,29300,37100,43190,52300,63000,66000,76833,78000,46000,40000,49010,-5,-5,-5,-5,-5,-5,-5,-5,-5,-5,-5,-5,-5
1120,4,13900,1,1,13900,8040,91,86,79870,-3,16830,12115,13330,13600,30000,-5,-2,-2,15000,26150,26000,-2,-2,34100,53000,50000,-5,-5,-5,-5,-5,-5,-5,-5,-5
1121,8,13000,1,2,13000,8000,-4,-4,-4,1500,-2,6000,12295,-5,-5,27000,-5,-5,-5,-5,-5,-5,-5,-5,-5,-5,-5,-5,32500,-5,-5,-5,-1,-1,-3
1122,4,-4,1,1,9350,18000,91,99,99147,22220,26500,22382,14105,34515,40670,45030,33000,43050,56050,23665,57830,89015,73020,39250,48000,113400,105121,130860,109100,91700,6325,26000,30800,168000,128000
1123,8,-4,1,2,-2,18000,48,51,46784,22000,26000,-2,-2,-2,40670,44400,28000,43050,56050,54050,70000,-2,70000,39000,58200,100400,-5,103800,-5,-5,-5,-5,-5,-5,-5
1124,4,-2,1,1,-2,-3,1,2,861,-3,15000,-2,8000,-5,-5,-5,-2,5000,500,-2,-2,-2,-3,-2,-2,-5,-5,-5,-5,-5,-5,-5,-5,-5,-5
1125,4,8000,1,1,8000,13000,-4,-4,-4,16000,13000,-3,14000,17000,22000,-5,-5,-5,28025,49150,56700,52000,60100,69200,64200,91600,78800,85300,80000,-5,-5,-5,121000,-5,-5
1126,8,8000,1,2,8000,-3,-4,-4,-4,-3,-2,36350,30016,32800,43349,41600,-5,-5,-5,-5,-5,-5,-5,-5,-5,-5,-5,-5,-5,-5,-5,-5,-5,-5,-5
1127,4,-2,1,1,-2,15000,41,53,56257,30000,55000,35000,50800,40000,80000,7000,-2,65000,80100,86000,38000,-2,13920,16000,20000,52000,-2,60000,56000,42000,32000,33000,-2,-2,-3
1128,8,-4,1,2,15280,-5,-4,-4,-4,-3,18300,22200,-5,-5,29150,-5,-5,-5,-5,-5,-5,-5,-5,-5,-5,-5,-5,-5,-5,-5,-5,-5,-5,-5,-5
1129,5,20000,3,2,20000,22000,1,1,440,20000,-2,-2,650,5100,6240,0,-2,-1,-2,-1,200,-2,-1,-2,-1,-1,-2,-2,0,-1,-1,-1,-5,-5,-5
1130,8,-4,1,2,14030,25711,42,45,50405,21500,50848,47025,41030,49005,67000,66800,71000,72020,82010,72120,76250,74000,74500,115000,97110,130150,167150,133880,173000,162500,174020,187700,92000,86000,85000
1131,8,-4,1,2,-3,-3,25,19,28786,49000,-2,50000,56000,-2,55000,-2,15000,-2,36000,31000,33000,36200,37000,41000,70500,32000,35786,36600,37000,42540,41000,54000,63000,66000,86000
1132,8,12000,1,2,12000,32000,21,24,25911,37000,57002,8780,-2,-1,41450,52000,47000,46000,46000,44000,66400,70200,61123,60500,67000,78050,41668,34536,37000,454737,35020,33000,34000,40643,40000
1133,5,25000,3,2,25000,40000,-4,-4,-4,18000,31422,41000,40000,-2,50000,50000,90000,40000,0,0,-5,24300,-2,-2,-5,-5,-5,-5,-5,-5,-5,-5,-5,-5,-5
1134,1,25000,3,1,25000,40000,53,61,65998,50000,3600,36000,38000,20000,30000,3000,-2,12000,12000,53000,35000,26000,29000,48000,42000,55000,64000,52000,53000,40000,-2,47000,75000,62000,80000
1135,5,25000,3,2,25000,40000,45,52,57671,50000,35000,55000,50010,65000,28800,48000,60200,66500,81000,82000,82500,85150,82200,103000,-5,107200,-5,-5,-5,-5,-5,-5,-5,-5,140000
1136,8,12000,1,2,12000,20000,98,99,98722,25000,20000,20000,10000,15000,21681,17301,26100,23100,74200,86300,86000,94005,189918,143300,133500,175000,160000,-5,-1,-5,-5,-5,-5,-5,-5
1137,1,50000,3,1,50000,50000,71,71,73416,7275,-2,10000,-1,-5,-5,-5,20000,-5,-5,-5,-5,-5,-5,-5,-5,-5,-5,-5,-5,-5,-5,-5,-5,-5,-5
1138,1,-4,3,1,6400,5100,81,66,58192,7600,18300,-2,75001,100001,-5,-2,-2,77000,77300,52200,65200,53185,36470,38500,-2,100000,36350,95000,58000,150000,112750,-5,108000,922631,170000
1139,5,50000,3,2,50000,60000,63,68,72569,40000,-2,-2,9000,16500,21400,-2,27300,31000,56000,52000,72350,30515,32750,43250,53000,72345,59150,49000,68500,96464,68340,44888,101732,46550,69819
1140,5,60000,3,2,60000,62000,67,67,53067,6000,15000,15560,9100,2000,21800,15500,36300,35400,146942,159805,-5,48000,65000,133600,79200,88400,57380,37476,57200,47200,47056,31000,54800,47200,170944
1141,5,75001,3,2,75001,75001,32,23,17614,75001,12060,19500,-5,31000,3575,21300,18100,20900,25600,19200,17500,16100,63000,49920,23800,21400,-2,27000,30000,-2,40000,28000,26000,-2,-3
1142,4,60000,1,1,60000,60000,88,89,80556,75001,15030,21050,25000,33400,75000,34500,-2,40300,51500,35000,31000,80000,80000,974100,160000,332808,210000,-3,175000,454737,178000,135000,301000,922631,250000
1143,1,60000,3,1,60000,65000,81,80,83528,70000,61700,75001,75001,100001,75000,100001,100001,43000,47000,57390,52000,70000,189918,974100,244343,332808,200000,250000,270000,260000,235000,250000,595986,289000,275000
1144,1,60000,3,1,60000,-5,79,78,79836,75001,75001,17000,75001,505,1500,2400,52500,-2,35034,35400,43000,-5,55200,65000,70000,332808,10000,97000,230000,150800,440692,150000,595986,160000,163000
1145,1,40000,3,1,40000,40000,84,92,89989,35000,-3,60000,25000,50000,40000,51000,-5,-5,-5,-5,-5,-5,-5,-5,-5,-5,-5,-5,-5,-5,-5,-5,-5,-5,-5
1146,1,8000,3,1,8000,29000,11,12,13533,-3,-2,1273,25000,60000,60000,-5,23000,41000,45000,49000,51300,52800,-5,-5,-5,-5,-5,-5,-5,-5,-5,-5,-5,-5,-5
1147,5,25000,3,2,25000,5000,55,57,58247,18000,-2,-5,-5,-5,8005,12020,27000,24500,-2,-2,-2,-2,50000,49000,54000,37500,-2,-2,17060,-2,25150,27910,29000,27000,31200
1148,3,5532,2,1,5532,15000,6,6,2509,8000,-5,-2,11441,11000,12480,6800,41700,30000,35520,20000,11000,12360,41505,40000,29650,85000,31130,29780,63502,31367,21004,26000,28840,42136,29400
1149,3,5532,2,1,5532,15000,5,3,3686,20000,-5,-2,-2,14309,22000,5000,39200,33000,36275,24000,-5,330,15000,-2,-5,-5,-5,-5,-5,-5,0,1890,-5,-2,-3
1150,3,5532,2,1,5532,15000,8,10,8719,20000,-5,-2,-2,-2,-2,29000,8000,39000,19260,23010,17680,8162,-2,16500,26000,22000,16400,-2,28940,37800,39680,-1,36000,38000,14400
1151,3,20000,2,1,20000,25000,-4,-4,-4,6000,15000,16000,6000,10000,21000,16000,-5,12000,25000,30000,44000,43902,38000,46500,53200,-2,-5,-2,16000,24690,10464,-5,-5,-5,-5
1152,7,20000,2,2,20000,25000,2,1,157,6000,15000,16000,6000,10000,6000,-5,-5,-5,-5,6072,-5,8100,-2,9852,9120,6408,-5,10376,10296,19356,-5,88000,8000,0,0
1153,3,20000,2,1,20000,25000,6,7,4843,6000,15000,16000,6000,4000,6000,2600,-2,-5,-5,4000,11180,340,-2,-2,-2,3200,5000,12000,-2,30184,3400,10044,22332,3500,-3
1154,7,16000,2,2,16000,21000,54,49,37463,35000,24000,-2,55488,58000,21000,97200,71600,99700,76500,83300,44500,44500,55000,-2,-1,76060,-5,-5,-5,-5,-5,-5,-5,104000,152000
1155,7,16000,2,2,16000,21000,25,19,25334,35000,4000,-2,55359,58000,48000,74500,-2,86000,36500,97100,32000,30000,39800,81840,71840,74000,-1,-1,99000,112600,111625,-1,121000,74000,137000
1156,3,20000,2,1,20000,25000,51,53,39245,30000,28000,-2,-2,60000,70000,14300,19480,15200,16100,-5,-5,-5,-5,-2,16000,24000,2043,20110,-2,30000,-2,29000,45000,48000,56477
1157,7,-4,2,2,10300,5300,59,65,70820,10490,-2,-2,75001,80000,95200,43100,21310,25500,31100,30030,35100,32100,37900,60600,75360,71000,79000,107000,117000,131500,140000,-5,-5,125000,134000
1158,7,25000,2,2,25000,28000,28,22,27018,28000,35000,-2,28129,40000,26000,41000,47776,53000,23000,25000,25000,35000,20000,50000,45000,47400,40880,51300,31000,40000,35000,40000,35000,36000,37000
1159,7,25000,2,2,25000,28000,35,35,45679,28000,35000,-2,38845,25000,45000,45070,17650,17050,12000,16050,16300,19000,21001,29040,34000,36000,39390,40000,-1,-1,52000,-1,-1,-1,31200
1160,7,25000,2,2,25000,28000,21,26,34867,28000,35000,19000,22000,21000,52050,38000,40000,39020,40050,45000,48000,50000,40000,64000,53000,77000,48,85000,65000,47000,44000,50000,43000,60000,64000
1161,7,10000,2,2,10000,5000,43,41,38966,20000,30000,12000,2772,2772,42012,-2,-2,1100,-5,18324,-2,-2,-2,0,0,-2,-2,0,0,0,0,0,-2,-2,0
1162,7,-2,2,2,-2,-3,2,5,10641,-3,2000,2508,2928,5000,12000,5000,500,-5,-5,-5,-5,-5,-5,-5,-5,-5,-5,-5,-5,-5,-5,-5,-5,-5,-5
1163,6,-4,3,2,100,8620,19,24,20274,1779,2800,3018,11600,11018,19000,27680,24000,26000,25000,20900,-2,7830,13350,1038,10160,17400,53400,76500,75320,71000,61186,36670,46384,-2,52800
1164,6,-2,3,2,-2,8000,-4,-4,-4,-3,-2,-3,9000,9000,4000,-2,-5,-5,-5,-2,40000,-2,-2,17000,10000,-2,5200,24000,38400,800,0,-5,-5,-5,-5
1165,7,-4,2,2,-3,10252,11,13,10734,4664,10152,7602,11303,14389,12194,-2,12500,13536,14088,16112,-2,15308,16783,14284,-2,26500,13000,-2,34000,30000,33600,51000,50000,50000,66000
1166,7,16000,2,2,16000,-3,29,45,42776,9400,10000,12285,33000,5381,22000,21000,33246,24000,34000,32000,38976,31000,30000,34000,36000,85000,47000,65000,68501,54000,-2,-2,-2,-2,96960
1167,5,70000,3,2,70000,50000,77,84,91438,75001,75001,75001,8264,81000,8560,31700,-2,45000,-2,-5,-1,-5,-5,-5,-5,-5,-5,-5,-5,-5,-5,-5,-5,-5,-5
1168,7,22000,2,2,22000,29000,10,12,8929,11960,2960,2832,2815,18140,9525,10000,4386,4000,26000,17000,4608,4248,4140,2000,12000,-5,-5,-5,-5,-5,-5,-5,-5,-5,-5
1169,1,-4,3,1,10000,14500,54,64,53364,17000,17600,18750,27400,31000,35000,45000,-2,44000,146942,62000,45000,59000,189918,63000,-2,94680,95000,115000,479983,145000,110000,-2,148000,150000,130000
1170,5,-2,3,2,-2,22000,27,31,33971,-3,36000,64000,75001,100001,100001,-2,0,-2,-2,-2,-2,-2,189918,-2,-2,-2,390662,-2,-2,454737,440692,497763,-2,-5,-5
1171,1,-1,3,1,-1,22000,34,24,26109,-3,12000,64000,34000,27200,-2,12000,10000,12500,10000,30000,57000,-2,-2,974100,49000,332808,-2,51500,56000,-2,125000,-2,29000,294000,-5
1172,5,-1,3,2,-1,7757,70,69,72620,21000,26501,26944,17394,20081,21250,22000,25000,28000,11000,24006,42000,84000,32040,55000,-2,96000,-2,165000,72500,104600,121200,58000,60600,53508,55200
1173,1,-1,3,1,-1,60000,48,44,50560,2500,8000,9840,-5,-5,-5,-5,-5,-5,-5,-5,-5,-5,-5,-5,-5,-5,-5,-5,-5,-5,-5,-5,-5,-5,-5
1174,1,-2,3,1,-2,25000,90,92,87820,36000,75000,23210,37100,41500,49200,55132,71500,59900,67000,77750,839078,56100,189918,160000,161000,332808,390662,222000,217000,139000,143000,250000,182000,200000,766958
1175,5,-1,3,2,-1,-3,92,95,94662,9050,16800,19900,-1,25200,30500,-2,-5,500,20400,20300,31000,26000,30000,64000,105000,110000,110000,132000,155000,180000,110200,155000,200300,203000,214000
1176,1,33000,3,1,33000,25000,47,42,62064,37000,37000,40000,1900,1250,63000,5870,26700,31700,34000,39100,37700,45100,44300,53300,58300,68000,77300,97900,100600,123200,118120,121000,140900,142100,157900
1177,5,-1,3,2,-1,38000,96,97,96106,55000,60000,60000,6170,27500,45100,44100,52800,43000,39510,50000,44000,46000,-2,53000,53000,65625,73000,83400,83000,101400,110500,107520,-5,126000,128500
1178,5,-1,3,2,-1,38000,66,64,67830,55000,-2,60000,16000,19000,12000,26200,29000,35000,36000,37020,57800,20380,48400,27045,30100,92400,89600,97600,93000,95000,105500,-2,-5,100000,67000
1179,5,0,3,2,0,32000,67,63,74366,55000,60000,60000,-2,21010,11300,11500,24000,27500,30000,35958,39282,49240,40020,46000,-2,69000,53000,46224,76000,70000,63566,60500,62400,74000,61000
1180,1,-2,3,1,-2,-3,18,17,14174,15000,13000,15000,26000,34000,29600,34000,30000,38000,30000,31000,50000,55300,37950,58000,40000,70000,390662,408473,479983,70000,50000,150000,200000,922631,250000
1181,5,50000,3,2,50000,-3,66,63,64846,14500,15700,26050,29100,32500,40300,100001,66000,67100,54200,52500,839078,-2,189918,-2,244343,170000,120000,-5,150000,-5,200000,-5,-5,-5,-5
1182,5,49000,3,2,49000,5750,94,89,91545,10500,-3,60000,15000,14200,22400,16500,18000,22500,23100,35500,34300,32035,32200,-2,41000,39500,48600,115000,113000,110000,144000,140000,-2,40000,60400
1183,1,40000,3,1,40000,2000,83,93,94005,60000,75001,4250,4800,13150,33150,-5,-5,-5,-5,-5,-5,46800,-5,-5,-5,-5,-5,-5,-5,-5,-5,-5,-5,-5,-5
1184,5,-4,3,2,6700,65000,95,90,90731,75000,24300,30060,75001,74500,86400,100001,100001,1057448,146942,159805,839078,63500,28000,100000,100000,113000,132000,-2,155000,144800,165700,142600,-5,-5,-5
1185,1,30000,3,1,30000,-3,93,99,100000,75000,75001,16800,45500,46740,49150,56000,40500,25950,21550,26800,25075,31083,40000,-2,75000,332808,390662,-5,479983,454737,-5,497763,595986,922631,766958
1186,1,30000,3,1,30000,65000,41,58,58930,75000,75001,8000,6400,3500,100001,15500,20050,50000,67000,49000,54000,66800,71500,97000,135000,152000,170000,59000,205000,199000,242000,260000,285000,255000,99173
1187,5,20000,3,2,20000,16500,70,87,86394,17000,19000,20000,30000,9070,31200,36000,-3,41100,42933,69444,47000,-2,46000,28200,37075,58000,73000,71500,82000,52000,96100,87000,89000,76300,79000
1188,1,20000,3,1,20000,22000,75,74,79064,17000,27000,20600,28000,49000,9600,19000,28000,30200,36700,31000,39510,62511,59400,55000,58500,65000,66000,80000,156000,113000,75000,223000,95000,36000,135200
1189,7,10238,2,2,10238,3460,35,35,31096,7641,14600,9144,10880,11829,13600,15000,15400,-2,-1,59530,55025,51000,55000,69000,-2,85200,87000,-5,-5,103600,157000,97100,-2,55200,-5
1190,3,10238,2,1,10238,5000,24,20,20717,13012,5000,7000,-2,-2,50000,22000,24000,22000,25000,31000,40002,37000,37000,-2,46000,49000,49000,46000,96000,-2,92000,72000,65000,65838,-3
1191,7,10238,2,2,10238,5000,20,17,15640,13012,5000,7000,-2,-2,50000,-2,-2,-2,-2,-2,20700,-2,-2,-2,23000,28000,-2,30700,-5,35000,-1,63000,70100,34004,43800
1192,3,10238,2,1,10238,5000,24,22,28225,13012,5000,7000,-2,-2,50000,-2,-2,46908,10611,-2,-2,-2,-2,-2,-2,-2,12300,20152,36032,158500,59471,41000,48168,47372,54660
1193,3,10238,2,1,10238,5000,12,14,32369,13012,5000,7000,-2,3000,9700,4500,19276,-2,65200,39900,-2,-2,-2,47000,20200,31600,26800,26800,30000,33000,34000,35000,26000,27000,19000
1194,3,-4,2,1,3084,-5,20,24,13798,-3,35000,-2,-2,40000,60000,-5,-5,33000,41050,39000,40000,44000,-2,40000,42200,55000,47000,59000,-1,-5,-5,-5,-5,-5,-5
1195,7,-1,2,2,-1,20000,65,72,70028,-3,5800,-2,8000,11040,18060,21000,24200,30080,20000,36200,-2,54100,-2,29100,-5,30000,46000,48099,66383,78100,60025,-2,70000,-2,80000
1196,1,25000,3,1,25000,-5,-4,-4,-5,-5,-5,-5,-5,-5,-5,-5,-5,-5,-5,-5,-5,-5,-5,-5,-5,-5,-5,-5,-5,-5,-5,-5,-5,-5,-5
1197,1,-2,3,1,-2,-3,46,59,74129,-3,-1,-2,-2,-2,-2,19935,33000,67200,61400,54000,51150,47900,50600,68000,-5,102000,161500,248000,479983,454737,-5,-5,-5,-5,-5
1198,1,-2,3,1,-2,-3,43,52,58587,-3,1500,6500,18000,100001,60000,100001,25000,20000,146942,52400,41500,38100,21984,25400,41500,44000,24322,50000,49800,58200,51813,72000,71000,70000,-5
1199,6,11096,3,2,11096,-3,30,29,17116,13800,11400,11940,8400,22844,2000,12280,17108,16576,-2,31600,26686,28000,25170,13423,-2,-2,49700,28000,19000,36000,39000,56000,48750,19282,18000
1200,5,10700,3,2,10700,3751,32,49,49449,-3,15000,14876,6043,11104,13400,19000,25702,13500,22780,22800,9030,6756,13410,17225,26920,-5,35000,13000,23000,12000,2000,4865,-5,-5,-5
1201,3,-2,2,1,-2,2500,17,22,23078,-3,-2,-2,-2,12513,15100,16100,18800,19988,21010,23030,26200,28020,38050,30012,36000,35513,53110,47110,51070,54000,-2,56000,60330,84000,-3
1202,7,-2,2,2,-2,10053,13,15,16511,17064,15700,16200,21800,18127,19000,21647,23000,23867,23800,22882,-2,23000,24000,22000,32700,-5,37000,35000,24000,33000,-5,-5,51000,46000,48000
1203,7,0,2,2,0,2500,10,17,17864,-3,-2,-2,-2,-2,26000,29000,25000,15000,26000,-2,-1,-1,-2,-1,-1,-2,-2,-1,15000,-1,20000,-1,-1,-1,-3
1204,1,0,3,1,0,8000,4,2,349,12363,-2,23786,17674,19272,-2,29840,-2,35000,30050,-2,33000,9702,11559,14000,22000,-2,20000,30000,30005,30000,34000,25000,35000,60000,35000
1205,1,-1,3,1,-1,-3,2,3,7028,3336,9833,8090,16816,16000,13112,21000,-2,20000,19000,29000,18000,25000,22000,30000,30000,-2,56000,30000,66180,36000,26500,38000,-5,-5,-5
1206,7,4000,2,2,4000,5400,15,17,22441,7428,9672,7155,8844,6000,9000,6800,-2,0,0,0,-1,-2,-2,-2,850,8000,2000,11008,3500,0,13000,18000,29203,10644,10870
1207,7,-2,2,2,-2,-3,13,17,24260,13980,-2,-2,-2,6960,6000,8000,20000,22000,27000,23000,-2,-2,-2,48756,3000,13251,-2,16000,20000,-2,-2,-2,-2,26204,-3
1208,7,13000,2,2,13000,19000,84,89,82941,19000,27030,31570,33800,28600,21500,27800,41000,37200,42200,45300,55000,54000,61000,-2,84000,96100,100000,112000,120000,-1,150000,150000,150000,-1,160000
1209,7,-4,2,2,7150,7924,6,9,2921,-3,7490,6650,9880,13656,4345,17600,43480,39480,28000,34000,38000,52500,39000,33000,23800,-2,44568,34256,38900,37988,-2,-5,-5,-5,-5
1210,7,-4,2,2,-2,-3,1,1,470,-3,-2,-2,7900,13268,9036,16053,3995,8000,6620,6600,-3,7699,-2,15412,-2,-2,4086,10000,10000,28092,-2,25989,14000,20000,44000
1211,3,5364,2,1,5364,5042,1,4,3778,-3,4500,-2,20000,-2,-2,7000,14000,5000,1586,12000,16000,-2,-2,-2,-2,0,22000,12000,22700,26500,25000,29000,35000,20000,-3
1212,7,-4,2,2,1050,2290,1,2,3310,3075,7440,6000,8180,9672,9800,10000,12500,12000,13000,11000,-1,14000,14000,14000,-1,-2,6000,15000,14300,9100,-1,0,-2,-2,-5
1213,7,2834,2,2,2834,8500,2,4,2636,8064,-2,4158,6600,5600,8748,-2,2988,3648,5802,4764,-2,-2,-2,6760,9139,-2,13608,8052,15396,9360,10236,9636,11814,9276,-3
1214,7,2834,2,2,2834,2496,2,1,4866,8064,-2,4158,6600,10500,-2,10800,11000,13000,14000,16100,15000,16000,15000,-1,-5,-5,-5,-5,-5,-5,-5,-5,-5,-5,-5
1215,3,3309,2,1,3309,2496,10,9,14118,8064,5976,-2,-2,-2,-2,11000,-2,9000,9000,9000,10000,7599,9597,-2,9000,10700,15000,18600,-1,27300,19000,34000,-2,770,50000
1216,7,3600,2,2,3600,3000,10,10,14231,0,3000,6092,5000,11604,20000,-2,12000,9000,12000,13000,14760,13520,-2,19340,22400,-2,-2,-2,70200,71000,-2,64400,-2,55000,-3
1217,3,3600,2,1,3600,3000,5,4,5543,4200,3000,2000,12000,4000,-2,7000,100001,9600,12200,14500,5000,-2,-2,0,-5,-5,-5,-5,-5,-5,-5,-5,-5,-5,-5
1218,3,3600,2,1,3600,3000,8,7,23888,4200,3000,-2,1200,16000,20000,30000,-2,40000,64500,61000,54000,57000,50000,80000,65000,-5,65000,55000,65000,68000,-5,-5,84000,-5,-5
1219,3,3000,2,1,3000,-3,3,5,16449,145,-5,-5,-2,3768,-5,-5,-5,-5,-5,-5,-5,-5,-5,-5,-5,-5,-5,-5,-5,-5,-5,-5,-5,-5,-5
1220,7,6000,2,2,6000,-3,4,4,4968,8904,9200,8000,11000,11000,7000,2712,3474,5737,1100,15000,11000,16824,15760,38640,45448,34400,36000,32000,33000,38000,45000,30000,0,0,2040
1221,7,5124,2,2,5124,10805,1,1,899,-3,16050,17294,18200,19000,18000,19000,19500,25000,21000,-2,31512,31524,-2,15050,15600,20000,45000,1500,20064,29100,6000,18798,18844,18000,18000
1222,3,5124,2,1,5124,10805,8,5,7510,-3,-2,-2,16800,27000,30000,-2,16000,17000,-3,28000,29050,30000,33000,37000,40000,38000,48000,56000,58000,82000,64000,53000,56000,49000,59000
1223,7,5124,2,2,5124,10805,4,2,1552,-3,-2,-2,-2,20000,30000,23500,30000,28000,16000,15000,15000,-2,-2,20878,12000,-2,22400,3800,15000,-5,-5,-5,-5,-5,-5
1224,7,7000,2,2,7000,5000,16,19,15040,1000,7000,11140,14198,10000,13683,-2,12440,14020,15000,15484,15884,20184,17352,21396,-2,-2,24500,25344,40948,22190,-2,39473,42560,25000,24700
1225,5,-4,3,2,26928,39350,4,2,1354,31360,36901,43100,31313,34200,32361,53018,40740,39500,38300,23000,36596,28400,-2,26400,37210,-2,-1,40172,67356,72180,135600,10859,72600,26880,-3
1226,6,-4,3,2,0,2000,15,13,12655,6600,7700,5862,2000,5000,6000,12000,48000,-5,2590,3144,10032,10236,9300,9732,8028,12128,12912,7008,9288,9424,-2,15596,-2,40428,30896
1227,7,5000,2,2,5000,2000,2,2,1210,6200,7920,4441,5286,6200,6186,6312,6960,7200,10160,11132,8000,9250,500,10000,7000,-2,22000,13600,9000,9000,10200,7000,3036,2304,-3
1228,5,14700,3,2,14700,24200,36,38,39856,11220,52888,8000,41000,-2,-2,-2,89500,25000,33000,31000,32000,-2,61500,20250,38000,-2,40000,8560,-5,-5,-5,-5,-5,-5,-5
1229,1,14700,3,1,14700,22276,45,41,48703,5500,52888,10000,-2,23000,22816,28136,29000,37300,31100,32000,43000,54000,59300,35200,48310,52000,68200,58900,86100,73000,78300,70100,77000,78900,98100
1230,5,-4,3,2,-3,13500,22,25,18945,-3,24500,26900,25100,27440,27500,33000,33000,30350,-5,39000,9000,6300,20499,22400,53300,34200,35000,60000,90000,25000,29000,27000,-5,19400,-3
1231,5,-1,3,2,-1,47800,60,74,86922,-3,15000,-2,3704,1743,4975,5000,12000,-2,45420,159805,92000,12000,73500,67000,75100,105000,125000,120000,100000,140000,141000,135000,140000,154000,166000
1232,1,-4,3,1,13000,13485,63,73,79533,11971,12000,13500,19483,10000,12000,11500,6327,17280,14000,13300,14000,23000,48500,58000,64000,109000,-2,-5,-5,-5,-5,-5,-5,-5,-5
1233,5,-4,3,2,18000,13485,33,40,36925,12600,8520,16581,30528,53849,23300,25900,47400,39000,37860,38800,45900,48453,35781,47040,-3,47900,86900,72712,72350,61000,27287,32118,7884,34062,-5
1234,5,-2,3,2,-2,29000,23,18,17520,20000,45000,35200,70980,100000,35000,-2,-2,1057448,146942,-2,52000,-2,58000,55400,-2,77225,115000,120000,-5,155000,-5,111760,152000,168000,-3
1235,1,-3,3,1,-3,29000,20,10,9121,-3,46000,52000,70980,100000,22300,25300,50000,55000,57000,65000,60000,61000,64003,-2,12000,44000,-5,28000,-5,60000,49000,64000,-2,88000,59300
1236,5,-2,3,2,-2,29000,27,22,38073,-3,43700,54000,70980,100000,35000,100001,17200,12000,13000,14000,-2,18892,18967,18000,62000,64000,51000,35986,70000,38000,43143,61000,90000,41600,112450
1237,1,-4,3,1,5000,-3,24,29,29091,8300,11900,13000,13800,11970,14000,10000,11000,12000,12000,13648,20005,22500,13000,13000,23000,26680,14000,23225,24000,32000,74000,32000,42000,40000,43000
1238,5,-4,3,2,8642,9905,55,62,54782,10160,10832,11674,12124,12748,15960,-2,20976,16796,19800,19353,16597,17331,18004,38753,-2,-2,-2,78000,104000,102000,89000,-2,73160,76019,-3
1239,1,-1,3,1,-1,-3,30,35,37981,-3,20000,-2,-2,-2,-2,-2,-2,-5,13000,23800,20100,21000,28200,28429,24000,92600,66000,-5,-5,-5,-5,-5,-5,-5,-5
1240,5,25000,3,2,25000,25000,74,71,70563,30000,30000,30000,35000,35000,35000,10900,14310,15700,17000,24000,47000,55002,55430,58500,65510,73630,79450,48000,52000,41627,48000,52300,50000,46750,55450
1241,5,-4,3,2,-3,-3,6,6,8278,7000,7200,-2,8664,7500,-2,-5,0,1467,7080,6852,7740,4392,5039,6000,7200,2000,6540,0,7236,7380,10068,8940,1400,-2,9000
1242,5,-1,3,2,-1,-3,15,9,14519,-3,8000,-2,30000,-2,-2,-2,5000,-2,8000,6000,1205,225,-2,19700,24896,13600,-2,30000,22000,-2,20400,41000,25250,36600,35000
1243,2,-2,3,1,-2,9780,37,46,51721,17000,18000,4849,3640,57203,-2,9500,11500,14000,27000,25350,17600,21038,18519,-2,25714,-2,44784,20600,-2,39000,-2,-2,3728,225,-3
1244,6,-2,3,2,-2,9780,6,7,9604,-3,-2,18000,4389,2651,17972,-2,8384,40400,3284,12014,9604,10600,14380,12048,-2,9048,10976,10000,-2,12000,-2,-2,20000,12000,9000
1245,1,-3,3,1,-3,-3,20,22,20120,9860,9922,64664,9000,23100,-1,37000,-5,-1,-3,-1,-5,-5,-5,-5,-5,-5,-5,-5,-5,0,-2,-2,-2,15000,10000
1246,5,17000,3,2,17000,17000,35,33,45325,20000,-2,-2,7160,10012,12745,16600,-3,32008,30796,26810,20600,40964,12691,24700,25303,-2,18170,20800,22000,-2,32000,32000,32000,54203,32000
1247,1,17000,3,1,17000,17000,13,10,12838,20000,4000,7000,8000,9200,19942,34000,24060,11000,23080,-5,-5,-5,-5,-5,-5,19000,-5,-5,8000,1913,2400,2400,11716,11318,26164
1248,1,19000,3,1,19000,23868,28,39,45437,2900,-2,30000,8000,25000,30000,-2,20000,-2,73000,-2,-2,14500,14928,17500,-5,-5,-5,-5,-5,-5,-5,-5,-5,-5,-5
1249,1,-4,3,1,12475,11960,73,65,64562,13780,14560,-2,19100,20000,24000,14020,30000,25000,18000,30000,30000,-2,65800,45000,48500,47400,55800,51600,191140,-2,37000,64000,57200,168000,83200
1250,5,-4,3,2,12475,1200,36,47,31365,-5,-5,-5,4750,4560,18000,21370,11000,-2,-3,13500,11964,3460,17315,57724,68995,91160,-2,93140,97000,113600,111000,117000,127760,121000,-3
1251,5,22000,3,2,22000,10000,32,29,36464,200,-2,-2,4255,9100,8000,10000,30000,-1,29000,37000,44000,35000,53748,41749,47233,80918,26000,36500,31000,21000,61000,-5,-5,-5,-5
1252,5,26000,3,2,26000,30500,65,62,54280,36000,-2,18030,22100,26650,30300,36150,36200,38300,43500,47000,52782,54000,56200,-2,102000,105000,184000,83000,18000,69500,76200,79500,58020,80000,60050
1253,5,26000,3,2,26000,30500,27,32,52948,36000,40243,43000,48628,-2,28035,-2,38500,30450,36500,45100,-2,49850,-2,61000,60127,72900,74360,86200,97500,103000,100200,107500,99200,107400,201800
1254,5,15000,3,2,15000,34000,47,47,57259,9600,9000,8560,-2,35000,42150,48000,53000,58000,63000,58500,70000,73000,80000,-2,-1,-5,-5,-5,-5,-5,-5,-5,-5,-5,-5
1255,5,15000,3,2,15000,25000,85,85,93903,-3,12100,45760,14142,-2,19000,28224,29000,-2,8000,8500,47200,52100,56000,62300,-5,-2,123000,122800,166000,63800,-1,-5,-5,-5,-5
1256,1,9056,3,1,9056,7000,12,16,17735,-3,12000,10000,8000,10500,-1,-1,13000,34000,39550,36200,37500,36000,42200,53400,49550,53000,-2,63600,76600,93000,80050,90097,100000,103543,116000
1257,1,18000,3,1,18000,20000,18,23,34121,12500,15900,32000,51000,13000,6060,81096,8200,7400,2000,-2,3000,8618,75464,12000,54000,27400,14000,27800,33504,44200,67500,39000,45000,128000,35480
1258,5,26000,3,2,26000,26000,79,73,62762,32000,54800,2000,3950,14700,15000,25000,22000,24000,30000,30000,48000,48500,31800,63000,-2,-2,-2,89000,63000,134000,-2,100000,-2,-2,-3
1259,5,13000,3,2,13000,14760,18,21,12013,-3,9000,13150,-2,15600,23000,21300,2500,-2,30000,-2,31500,39000,24000,-2,38000,63000,-5,-5,-5,-5,-5,90041,75000,-5,36000
1260,1,13000,3,1,13000,14760,11,11,10889,-3,28500,40000,16000,20000,50000,25000,26000,26000,17000,30000,18000,30000,28000,36500,40000,6034,63000,-2,58000,45000,66000,-2,50000,-5,-3
1261,5,-4,3,2,5400,-3,75,74,66079,4718,10000,10500,18010,26000,54000,37750,32860,42500,49000,62000,63425,65825,63000,57800,29800,53600,55000,62000,60000,15200,8400,14000,50000,30000,262000
1262,5,-4,3,2,4200,5000,89,87,83788,3750,4615,3800,3700,6000,5400,53000,18000,24839,31000,34000,43000,41000,50000,151000,244343,332808,112000,-5,-5,157000,170408,140000,9000,62000,70000
1263,5,-4,3,2,-2,-3,50,68,74608,-3,-2,22964,17420,18000,-2,11327,16050,14000,12320,30278,39150,32000,39000,35350,42000,65000,55000,55000,64499,77000,72000,73751,-5,-5,-5
1264,1,18000,3,1,18000,17500,60,66,71181,20000,21000,-2,-5,-5,25000,-2,-5,-5,-5,-5,-5,-5,-5,-5,-5,-5,-5,-5,-5,-5,-5,-5,-5,-5,-5
1265,1,11000,3,1,11000,25000,62,62,58315,22000,20000,15000,15000,28000,-2,-2,-2,6000,-2,-2,-2,-2,-2,8000,29000,6500,15900,18000,11100,1650,15150,17600,1766,-5,-5
1266,1,17520,3,1,17520,-5,-4,-4,-4,6500,-5,-5,-5,10500,12070,-5,-5,-5,-5,30200,23700,18200,-5,-5,-5,-1,77574,101900,9000,105000,92000,16800,10100,214000,95182
1267,1,17520,3,1,17520,-5,45,48,59704,-3,500,12000,8553,-2,37500,-2,54000,-2,-2,-5,60000,62000,-2,60800,75000,112000,124200,-5,38000,42000,48000,75000,58000,132000,99000
1268,1,23000,3,1,23000,-3,92,99,98102,8859,17775,26080,21000,25111,30100,39800,-3,49625,52100,62000,63100,65070,52000,67000,55400,79000,130800,129800,130000,138600,148000,-5,-5,-5,-5
1269,7,-2,2,2,-2,-3,72,72,52426,9200,11000,10470,-2,26250,22800,-2,18000,20000,20000,25000,24000,-5,-1,40000,-2,60000,-5,-5,-5,-5,-5,-1,-1,-5,-5
1270,7,-2,2,2,-2,-3,69,69,80192,25000,30000,34000,39000,8709,15000,19000,20000,22000,53100,44050,56000,56050,60010,70000,84000,-5,-5,-5,-1,-5,-5,-5,164500,-5,-3
1271,5,17000,3,2,17000,-5,29,18,28036,23500,-2,31000,7525,8039,6100,9084,0,10304,1568,-5,-5,-5,-5,-5,-5,-5,-5,-5,-5,-5,-5,-5,-5,-5,-5
1272,1,22000,3,1,22000,14756,32,30,37465,34950,27185,30000,30000,16802,24315,23766,-2,41000,38000,34000,36500,38520,59000,46010,55022,62000,62024,88110,84000,92500,-2,116000,85000,69000,107600
1273,1,22000,3,1,22000,20000,56,66,68375,29000,20000,28000,30000,17000,15900,-2,14000,17000,21500,23000,26500,-2,26500,27000,32000,35000,35000,45000,59000,43000,57800,-5,-5,-5,-5
1274,5,-2,3,2,-2,30000,51,59,73865,30000,-2,-2,40000,45000,-5,-5,-5,-5,-5,-5,-5,-5,33820,44660,-2,22500,-5,42800,-5,26450,27800,27932,11000,10025,10800
1275,1,25000,3,1,25000,35000,2,2,519,45000,42000,40000,16000,15000,15400,19000,16000,17000,30000,28000,21000,22000,25000,-2,39000,47000,41000,-5,-5,38000,-5,-5,-5,-5,-5
1276,5,35000,3,2,35000,39000,80,75,92033,37000,50000,36000,3500,9000,9460,15500,26000,22000,26000,13770,38000,42000,49130,36000,34400,17000,34000,38050,46000,45200,42000,49450,47100,63000,205100
1277,5,-1,3,2,-1,40200,46,56,62239,39300,37000,37000,41000,16001,12416,5000,19210,32030,33125,-2,27150,36000,-2,18500,26450,36027,97000,-2,-5,-5,-5,-5,-5,-5,-5
1278,1,-1,3,1,-1,40200,21,21,19149,39300,37000,30000,34000,73050,15061,23060,-5,35002,7483,17500,60000,20010,28000,65020,70000,40000,63796,48450,116000,67000,66000,-5,-5,-5,-5
1279,5,38400,3,2,38400,38000,89,86,81419,15100,24038,23000,-2,35360,28000,-2,-2,32000,51000,54000,-2,-2,63000,-2,-1,13000,116000,110000,-2,134000,-2,145000,145000,175000,140000
1280,1,-2,3,1,-2,7600,29,34,33843,7000,42820,35000,19200,11000,12000,36000,11000,21000,50000,20000,39000,160097,-2,29300,82500,44304,21000,197000,81000,62000,24000,27000,46000,50800,30000
1281,5,-2,3,2,-2,29600,53,79,92277,35000,25000,30000,30000,20200,26567,-2,55000,96000,56024,64000,95000,-2,-1,-2,-2,-2,40000,65200,479983,53600,30300,37300,31400,14000,16000
1282,1,-2,3,1,-2,12000,7,15,28888,10740,-2,915,2000,-2,21052,-2,3000,6000,0,0,0,-2,27500,1,0,0,2400,0,0,0,1200,1000,1800,8912,-3
1283,5,-2,3,2,-2,20000,96,95,96091,21000,-2,3860,5350,4750,32000,4100,4700,5000,13506,15506,17150,18500,17750,41018,39400,42500,37418,40471,28000,69500,-2,72650,80600,85800,98500
1284,1,22000,3,1,22000,26000,8,12,16366,27000,35000,-2,-2,-5,-5,-2,-5,30000,5300,-2,46000,-2,22000,17280,0,14000,-2,-5,-2,17000,-5,-5,-5,-5,-5
1285,5,22000,3,2,22000,26000,21,21,25934,27000,35000,31920,240,0,2000,18000,12000,12000,0,-2,-2,11500,62000,11200,0,7000,0,-5,3972,7260,9624,10524,11028,2328,2320
1286,7,18000,2,2,18000,10000,12,10,6841,8000,-2,24000,7900,18000,-2,37000,23000,17000,-2,-2,-2,16000,20400,18000,21000,29500,33000,-1,40000,35000,-2,34000,32000,40000,46000
1287,3,18000,2,1,18000,10000,8,11,7088,8000,26000,35000,40000,12000,14000,16000,61000,62000,-2,-2,-2,-2,-2,25500,60000,32000,74000,86000,130000,165000,154000,185030,175000,174000,180000
1288,3,4800,2,1,4800,-3,15,11,10393,-3,4600,10600,8000,10480,5000,12000,-2,-2,12000,-2,-2,-2,-1,25070,30700,-2,72000,81000,-2,-2,84000,112000,-5,-5,-5
1289,3,4800,2,1,4800,2940,18,17,26637,9042,15000,18000,5600,11480,24000,29400,31800,-5,-5,-5,-2,-2,-2,-2,17400,15000,-5,-5,-5,0,31980,23000,-2,7768,-5
1290,7,10232,2,2,10232,-3,33,42,38983,9000,3907,4732,5376,17468,-3,5910,8892,8316,8988,11224,10356,10292,8496,7355,13992,20000,20000,30000,36000,27000,18684,32000,39000,70000,48800
1291,3,10232,2,1,10232,-3,10,9,8107,19304,1000,20000,-2,35000,2600,15000,10000,15875,34000,30000,5555,12222,0,-2,-2,-2,61600,2200,23200,7644,8901,25376,9552,8796,14952
1292,3,-2,2,1,-2,-3,19,22,28932,2800,3883,6000,-2,9000,9000,10000,5735,10000,17540,15700,11000,11962,13726,13344,12440,149000,7800,-5,59000,55250,33975,-2,32800,-2,131600
1293,7,40700,2,2,40700,17000,37,35,35191,44000,28000,-2,22000,27000,27000,31900,34800,36600,48900,-2,-2,-2,53500,59000,62300,68000,115000,115730,108000,119600,129000,130000,179000,146000,132400
1294,3,20000,2,1,20000,16200,42,42,51781,-3,6000,3375,-2,48000,21030,25700,40000,33000,37100,29800,48160,43900,45000,68100,59530,70700,149744,68000,203000,33000,-2,-2,40000,67500,66000
1295,7,3972,2,2,3972,-3,2,6,5190,34600,-2,-1,-2,3324,0,652,4820,7848,4406,4164,4286,9000,-2,-2,18195,509,7788,6768,7440,66052,-5,-5,-5,-5,-5
1296,5,-2,3,2,-2,-3,32,27,37982,15700,-2,-3,-2,31422,20000,-2,15000,-2,10000,21000,14000,-2,17000,36000,480,-2,4840,36000,7000,-2,9040,2000,0,-2,12300
1297,7,-4,2,2,2558,5700,8,2,532,3420,5532,4968,4824,5328,6516,6756,10900,7308,6389,6684,5928,5688,-2,-2,6720,0,7044,5701,0,0,-5,-5,-5,-5,-5
1298,7,-2,2,2,-2,12000,32,37,39794,10000,-2,-2,7123,16000,17000,22000,-5,32385,-5,-5,-5,-5,-5,-5,-5,-5,-5,-5,-5,-5,-5,-5,-5,-5,-5
1299,7,-2,2,2,-2,12000,55,53,41461,-3,5650,12000,15000,44557,40065,36500,-5,-5,-5,-5,-5,-5,-5,-5,-5,-5,-5,-5,-5,-5,-5,-5,-5,-5,-5
1300,1,3000,3,1,3000,4994,13,12,35904,-3,8000,18000,-2,-3,-2,-2,600,25160,-2,25000,20683,-5,-3,-2,-2,59620,0,30000,-5,17000,-2,29552,3420,-2,10920
1301,1,-4,3,1,8180,8562,38,32,27851,6898,7330,10400,12000,16000,15890,15350,28276,-3,34650,5000,15000,16520,11260,4263,-2,30000,-5,-5,42000,60000,41838,64500,-1,-1,-3
1302,5,-4,3,2,-3,-3,31,21,27097,7534,-5,14700,-2,-2,10000,4080,4284,-2,12564,1088,1300,-3,-2,0,5777,6726,7344,7956,7608,-5,10248,9300,8700,-2,12480
1303,1,-1,3,1,-1,-3,65,64,75712,-3,-2,-2,5100,1400,4700,15000,-2,48800,43300,34300,27000,45000,44450,140700,244343,120300,119200,23000,87000,-2,158000,122000,126000,154000,148000
1304,5,-1,3,2,-1,-3,62,71,81201,-3,-1,-1,-1,11500,8300,17000,20000,19000,-3,30000,38000,48000,24000,94850,17000,-2,-5,-5,-5,-5,-5,-5,-5,-5,-5
1305,5,-4,3,2,2000,2300,47,39,41065,-3,17000,-2,-2,20500,28000,23050,27400,24000,28125,36500,53000,55000,70200,97000,-2,-5,-5,-5,-5,-5,180000,-5,-5,-5,-5
1306,5,-2,3,2,-2,1984,35,39,48847,1690,9000,7000,8000,32450,3300,4320,15180,14000,15000,-2,16000,14378,-2,25649,16130,38300,28370,59000,62000,56850,44098,52600,39000,43000,86000
1307,1,-4,3,1,2145,3584,30,30,20649,3000,3000,7000,5000,10000,7460,0,7000,8000,-2,8000,8000,15000,7000,20000,35000,-5,6000,15000,10000,-2,17400,3900,9900,2940,5922
1308,7,-4,2,2,-3,17220,11,11,6654,2340,3516,16200,14900,30840,10500,400,4300,4200,-2,6000,6816,-3,-3,516,5928,-2,-1,-5,-5,-5,-5,0,-5,0,-5
1309,1,-1,3,1,-1,13000,66,62,58331,3000,23800,15120,40050,25000,80000,46000,45000,1057448,30000,30000,60000,48000,189918,974100,60000,-5,-5,-5,-5,-5,-5,-5,-5,-5,-5
1310,5,-1,3,2,-1,13000,38,48,48538,17000,20000,15000,12000,57000,20000,6600,17000,11100,146942,50000,46000,55300,40200,60400,52000,50800,65000,80500,144000,132000,148750,142500,112500,180496,171000
1311,1,17000,3,1,17000,-3,53,51,46540,8000,28000,39000,35000,56000,38200,44208,35000,40000,-3,60000,56000,61000,61900,90000,107000,110000,84200,105500,170200,-2,31000,80000,100000,115000,200800
1312,5,16000,3,2,16000,5845,49,42,41138,21997,8800,17000,26000,37000,42035,43700,39000,37000,35120,37000,37000,40000,42500,40200,51500,59000,53500,60000,60000,87600,84600,80200,87800,78800,68200
1313,7,-3,2,2,-3,-3,2,1,1521,-3,-2,5932,-2,6104,-2,2436,-2,-2,-2,-2,-2,-2,7836,-2,6420,4620,-2,77200,-2,-2,20856,15000,15964,0,17000
1314,3,-3,2,1,-3,-3,11,4,2824,-3,1800,3860,-2,3700,-2,-2,22000,21000,-2,-2,1000,-2,400,-2,-2,40000,0,-5,-2,0,-5,-5,-5,0,-5
1315,1,40000,3,1,40000,45000,49,49,70510,-3,-2,75001,75001,100000,100000,7500,26700,36000,42000,39040,54138,19000,64000,155000,244343,-2,-2,173000,479983,454737,440692,286000,595986,922631,375000
1316,1,-1,3,1,-1,14000,29,27,26151,23640,24000,3000,74600,46000,22000,44000,-2,-2,-2,20208,-2,-2,26000,52000,15000,15000,37100,42800,33100,47000,-2,-2,-2,-1,-3
1317,1,-3,3,1,-3,14000,10,15,26157,23640,24000,20000,22000,-2,25000,-2,45000,43000,26500,32000,99040,47000,52000,41300,53000,-2,-5,-5,-5,-5,-5,-5,-5,-5,-5
1318,1,14000,3,1,14000,-3,16,17,22661,15000,30000,25000,18000,24000,23000,23500,-2,-2,30660,26608,-2,-2,-2,38054,31045,38314,33200,-2,37500,37400,37000,37050,37054,45100,45040
1319,1,14000,3,1,14000,-3,3,5,6629,15000,30000,7500,7000,10000,17000,19000,19000,21000,53000,61000,50000,26000,45000,61100,72000,65000,79000,74000,80000,70000,51900,80000,78000,58032,95000
1320,1,26000,3,1,26000,-3,78,99,100000,8000,11000,11500,34000,35400,44600,43000,49400,53000,56400,64500,79400,71000,68200,45234,45400,53140,71600,72250,78240,94000,84100,93000,82300,102700,107000
1321,1,-4,3,1,11500,-5,57,42,51798,20000,12000,16000,23000,26000,27000,32635,31000,31280,30640,35000,40750,-2,31000,35000,35760,30760,35817,40000,56000,55000,60000,62000,60000,60000,58000
1322,5,-4,3,2,-2,-5,17,18,16205,-5,-2,-2,-2,7000,-2,-2,20000,15000,-3,25500,-2,-2,31000,-2,-2,-2,0,40000,4800,-2,-5,-5,-5,-5,-5
1323,5,27000,3,2,27000,60000,62,80,85328,16000,625,-2,-2,7025,17440,26242,25438,26450,-2,51300,59000,54350,59300,65400,73500,80000,-2,108500,117000,116000,125500,142500,158100,169430,185474
1324,5,-1,3,2,-1,-3,29,25,34870,-3,-2,-2,-2,20000,-2,35200,35000,-2,-2,45900,-2,41500,47700,-2,-2,66220,66920,64000,94000,76000,53000,103025,-2,102440,43600
1325,1,12000,3,1,12000,30000,75,80,82181,2530,2200,4900,7500,35000,-2,13000,40300,60300,70200,70100,839078,160097,189918,-2,-2,170000,390662,-2,-2,100000,163000,100000,158000,175000,131000
1326,5,12000,3,2,12000,30000,39,44,55253,15000,-2,30000,34000,35000,30000,6000,-5,-2,-3,13130,21200,-1,-2,99500,120000,115000,135400,150000,150000,-1,100000,150000,200000,252000,-3
1327,5,21800,3,2,21800,13819,57,53,59279,-3,8000,41100,52306,25005,35800,37800,37000,45000,47530,47900,14000,19671,20316,24200,26162,56000,78000,46000,53000,127000,143300,102548,136004,90000,86600
1328,5,-4,3,2,-2,23000,20,12,10347,-3,24800,20800,24030,12000,7700,-2,25050,41580,35000,-2,839078,-2,96150,31570,-5,20000,0,-5,-5,-5,-5,-5,-5,-5,-5
1329,1,-3,3,1,-3,500,6,6,4631,-5,-5,-2,-2,1600,-2,6000,-2,-2,25000,-2,-2,0,-2,15000,14000,7000,8000,42000,65500,24900,0,0,15000,33150,40000
1330,1,-3,3,1,-3,-3,10,9,10551,-5,-5,-2,-2,-2,5000,3300,6496,-2,19000,-5,-2,3500,8000,7000,8000,10500,10000,10000,19000,0,10648,10776,12072,12082,10380
1331,1,-1,3,1,-1,-3,44,57,61304,-3,-1,-1,-1,100000,-5,-2,-2,-2,27000,-1,-2,-2,-2,-2,-5,-5,-5,-5,-5,-5,-5,-5,-5,-5,-5
1332,1,-1,3,1,-1,-3,38,44,53182,-3,-1,-2,-1,100001,-2,-1,-5,-5,-1,-1,-1,-1,-1,-1,-5,-5,-5,-5,-5,-5,-5,-5,-5,-5,-5
1333,2,4000,3,1,4000,5000,1,1,448,5000,6000,5394,-2,520,-2,0,-2,-2,-2,-2,-2,-2,-2,-2,6230,-2,6824,4900,590,-2,-5,-5,-5,-5,-5
1334,5,-4,3,2,6615,13700,74,70,61893,19900,18640,24735,25000,75000,70000,30000,55100,-2,57700,62600,63000,-2,-2,58796,23320,10000,32903,-5,-5,-5,-5,-5,-5,-5,-5
1335,5,-4,3,2,3000,21000,26,23,22195,34000,9000,23000,52000,75000,-2,32500,33160,42680,41800,46900,68980,61150,59000,63400,21120,2700,-2,18636,20700,14520,-5,-5,-5,-5,-5
1336,5,-4,3,2,500,-5,-4,-4,-5,-5,-5,14160,18521,16400,20600,21400,-5,-5,-5,-5,-5,-5,-5,-5,-5,-5,-5,-5,-5,-5,-5,-5,-5,-5,-5
1337,2,-4,3,1,6866,9304,11,10,7949,-3,-1,6000,8492,10000,4500,8400,-3,5700,14200,-2,20000,-2,-5,35000,50000,-5,-5,-5,-5,47000,50000,14340,-5,-5,-5
1338,1,11000,3,1,11000,-3,58,56,66383,6768,7276,7401,11411,10766,21000,24000,10000,-2,16000,16000,43500,18000,13886,15000,28000,11000,125000,58000,42000,36000,36000,38000,36000,14640,18000
1339,5,22500,3,2,22500,0,11,8,11492,802,4000,-2,-2,3000,7056,-2,7000,-2,1600,9363,0,-2,9000,44000,20000,-2,2000,-5,0,18348,29058,11380,2496,5200,7495
1340,1,8486,3,1,8486,6014,19,22,25124,12320,-2,2746,-2,2496,-2,-2,-2,-2,24000,-2,21610,-2,-2,-2,-2,37000,25000,-5,-5,-5,-5,-5,-5,-5,-5
1341,5,8486,3,2,8486,6014,19,18,16803,12320,6796,2700,2778,2496,4100,-2,-2,16000,-2,20000,21900,-2,-2,-2,33000,35000,37000,37000,15000,16688,13754,-2,0,-2,-3
1342,1,-4,3,1,10000,12592,3,4,10129,8330,7062,11098,10418,-3,11920,16258,17500,20500,16480,12000,20120,32000,-2,19760,0,6000,8500,0,0,0,0,0,0,2376,7764
1343,5,-4,3,2,10000,12592,31,26,28553,8330,7062,11332,10380,-2,11939,15500,17000,20000,18472,12000,20120,32000,-2,19760,16000,-5,-5,-5,-5,-5,-5,80000,-5,-5,-5
1344,5,10000,3,2,10000,7048,59,62,67442,-3,-2,18400,21500,21525,24000,27000,28000,-2,-2,58000,68600,-2,-2,36060,-5,31000,-5,44000,72000,80000,-5,97000,20000,-5,110000
1345,1,-1,3,1,-1,-3,62,54,50722,20450,10607,33593,36725,47800,48100,48540,46600,33200,35530,48500,49550,-2,53500,44500,53000,55000,62000,55000,93000,101000,94000,95000,110200,120000,115000
1346,1,-1,3,1,-1,-3,21,22,32361,-3,-1,30000,44000,45000,-5,34770,35100,34555,38300,40800,-5,62500,-5,-5,74225,-5,-5,-5,-5,-5,-5,-5,-5,-5,-5
1347,5,18000,3,2,18000,-3,45,47,50056,3400,17200,9000,12300,12800,18000,20000,100001,76000,146942,85000,81500,42000,46000,85000,62500,110800,190000,135000,230000,223000,155000,260000,225200,225000,230000
1348,5,14400,3,2,14400,15000,82,75,90144,1190,5250,9900,18000,13400,40000,18082,25060,-2,25000,49000,-5,-5,-5,-5,-5,-5,-5,-5,-5,-5,-5,-5,-5,-5,72000
1349,1,15000,3,1,15000,15000,-4,-4,-4,3000,6035,-2,8423,10507,11335,15622,28630,25000,26000,26907,29507,28000,31100,35250,33508,-2,-2,50000,-1,57000,-1,-1,-5,-5,-5
1350,1,15000,3,1,15000,15000,-4,-4,-4,18000,7300,7265,8200,12000,12004,13000,13600,-2,15000,15000,18000,20050,22000,24200,39000,48000,54300,-5,48000,28500,75600,118000,75000,157000,145000
1351,1,15000,3,1,15000,15000,27,31,54619,18000,25000,25000,20000,20000,-5,10025,9500,1000,12000,10000,18000,18000,25000,21427,44000,27000,30000,32000,13000,10000,21000,27000,30000,23000,24000
1352,5,-4,3,2,23180,18900,38,44,44286,26574,30000,29010,21340,21280,19349,24100,27000,30000,34000,32000,36800,33000,38000,46200,67000,26000,80000,89200,96935,125000,94433,120150,127000,175000,27000
1353,1,23000,3,1,23000,29000,38,43,50963,28000,30000,15624,13280,2805,11060,14000,24700,17500,19600,18700,18000,30000,31000,38000,41000,-2,48000,52000,35600,244512,19956,21600,-5,-5,-5
1354,1,18000,3,1,18000,15000,-4,-4,-4,25000,-2,30000,40000,50000,60000,60200,69100,70800,75400,78000,76500,82000,96500,50000,98000,122500,-2,-2,-2,-2,-2,-2,198000,214000,216000
1355,1,18000,3,1,18000,-3,-4,-4,-4,45000,-2,28100,31450,39900,35000,41500,45600,46000,48400,57000,61500,66500,-2,74500,81500,123000,100000,115903,-5,-5,-5,-5,-5,-5,-5
1356,5,-1,3,2,-1,40000,87,84,87399,-3,-2,-2,-2,-2,-2,20000,35100,36500,42200,58500,56000,-2,50000,37000,-2,103000,-2,103000,101650,110000,130000,32000,32000,34000,95000
1357,1,13000,3,1,13000,50000,8,5,5401,40000,75001,-2,29000,26000,30000,36000,-3,-2,31000,34000,-1,-1,38000,-2,57000,-2,30000,-2,83000,-2,-2,-2,-2,-2,-3
1358,1,23000,3,1,23000,50000,40,46,45132,40000,75001,-2,-1,42018,40175,48112,52200,60800,60000,70800,-1,72000,-1,-5,-2,121500,121000,-1,-5,-2,-1,-1,-1,-1,-3
1359,5,-4,3,2,6000,8000,58,53,61346,9000,14000,15000,-2,-2,-1,-5,-2,32900,-5,-2,-5,-5,-5,-1,-2,-1,49000,50800,50800,59800,59144,61138,62044,52000,77200
1360,5,-4,3,2,6000,6000,35,33,28956,7300,9000,6000,9700,9568,10694,9000,-2,49000,30,33600,47000,63800,93350,50000,70000,17000,-2,87000,106200,116800,110000,134000,36000,40000,51000
1361,5,10000,3,2,10000,10000,19,17,24454,570,13000,19500,16000,21000,22900,55000,41500,15000,9600,0,54000,37000,-2,974100,-5,0,11700,0,0,31500,3200,17000,2280,13000,-3
1362,5,13000,3,2,13000,12000,98,98,96033,-3,14000,50000,60000,50000,2300,25200,30800,28600,34900,55980,57000,65400,67100,70000,54704,66277,70200,73500,114200,-2,59275,50200,67300,79800,63086
1363,1,-2,3,1,-2,2700,59,65,56984,13500,27000,23000,20000,50000,65000,46000,-2,-2,146942,159805,95000,160097,189918,115000,127400,332808,390662,175000,165000,105000,18576,114228,135000,135000,118000
1364,1,-1,3,1,-1,40000,59,75,79925,40000,58000,40000,45000,40000,47000,60750,50050,47800,34000,-1,39000,-1,-5,-5,-5,-5,-5,-5,-5,-5,-5,-5,-5,-5,-5
1365,5,-2,3,2,-2,40000,-4,-4,-4,-3,-1,-5,-5,-5,-5,-5,-5,-5,-5,-5,-5,-5,-5,-5,-5,-5,-5,-5,-5,-5,-5,-5,-5,-5,-5
1366,5,75001,3,2,75001,75001,47,50,36305,75001,75001,75001,75001,100001,100000,100001,100001,1057448,146942,159805,839078,160097,-2,-2,60250,87500,93096,-2,97800,39100,38000,-1,-2,-2,-3
1367,1,75001,3,1,75001,75001,84,88,85660,75001,75001,75001,75001,5000,12000,-2,39000,43600,41070,49600,62000,-2,64000,66500,-2,-2,48000,62000,71000,-2,-2,112500,119000,111000,-3
1368,1,75001,3,1,75001,75001,84,99,96899,-3,-2,75001,-2,49200,34015,-2,46000,56400,40000,33050,-2,21210,28000,38050,48500,34000,31150,70000,-1,49000,54500,80000,73000,84000,75000
1369,1,-1,3,1,-1,-3,51,54,52740,-3,-1,65000,-1,70000,35336,-2,-1,30000,-2,159805,38000,35000,-1,55000,-2,-2,-2,-2,143000,-1,-1,-1,-1,-2,-3
1370,5,-1,3,2,-1,-5,12,9,12913,-3,-1,-1,-1,30000,-1,-2,-2,-2,-2,-2,-2,-2,-2,21500,2000,-2,12000,-2,-2,103000,-2,22000,-2,0,0
1371,1,-3,3,1,-3,75001,22,23,17148,50000,15000,14000,10000,3000,4000,-1,90000,-2,-2,20000,-2,-2,20000,-1,-1,-1,-1,-2,-2,-1,-2,-2,-1,-1,-3
1372,1,-2,3,1,-2,75001,-4,-4,-4,36550,-2,9800,12400,9950,23700,19500,21030,36020,37005,41150,39800,-2,50000,24010,35001,60000,-2,-2,-2,24000,28600,60800,50000,50000,31000
1373,1,35000,3,1,35000,50000,43,43,43702,-3,2730,5700,7500,-2,28000,20033,20000,10000,7500,-5,-5,-5,-5,-5,-5,-5,-5,-5,-5,-5,-5,-5,-5,-5,-5
1374,5,35000,3,2,35000,50000,55,56,69216,-3,-2,-2,6435,15500,16300,15050,16550,21050,15000,-2,35600,55350,42000,56000,48740,60020,-2,100100,236900,454737,16500,60000,66000,95000,96000
1375,7,-2,2,2,-2,-5,25,29,27373,-3,6000,10126,31000,38000,17000,12000,9759,15370,25000,19055,21055,19800,19800,-2,23000,29000,-2,18532,18000,23000,22000,22178,26000,30000,-3
1376,7,6240,2,2,6240,4000,28,17,17999,-3,8800,-2,27288,3912,3948,3903,10936,5625,14936,6992,10000,0,-1,13000,16000,30300,21336,18240,12936,7000,5000,11303,16000,0,35000
1377,7,6240,2,2,6240,4000,51,61,72864,-3,1068,-2,-2,8056,3416,6000,7000,14000,-2,-2,-2,13000,23000,19000,21000,-5,-2,-2,34000,54000,40384,6645,2280,2312,-3
1378,7,6240,2,2,6240,4000,21,19,27402,-3,1011,-2,-2,7056,7830,-2,-2,15000,34000,28000,-2,31200,32000,33000,35000,62500,53000,-2,65000,55600,35000,58000,60000,64000,64000
1379,3,4334,2,1,4334,11000,24,25,38627,11000,12000,18000,21000,17000,15000,38500,28200,-2,28325,18505,18500,20500,20000,34505,40500,58000,61000,66000,35600,75000,100000,152500,78000,85000,85000
1380,7,4000,2,2,4000,8000,14,18,25147,13000,8000,-3,7643,8000,15000,14300,16000,17400,18000,-5,-5,-5,-5,-5,54000,55000,-5,-5,-5,-5,-5,-5,-5,-5,-5
1381,7,11000,2,2,11000,2275,2,2,3013,4476,6576,2940,-2,8220,8000,9564,-2,-2,-2,1849,7184,11196,-2,3357,0,6144,15948,7860,10512,10212,15312,8436,11208,10048,12984
1382,7,10000,2,2,10000,16000,18,28,28114,-3,12000,11000,12000,11500,12000,16600,-5,-5,-5,-5,-5,-5,-5,-5,19200,22980,-5,-5,-5,-5,33000,15780,15300,0,15336
1383,3,22000,2,1,22000,35000,2,3,2991,29000,38000,7200,11568,25000,32710,35000,33050,37300,44740,42200,43000,46400,53000,63020,67200,78000,88100,86000,108000,115000,119675,100000,35000,40000,87600
1384,3,22000,2,1,22000,35000,12,14,13400,29000,3000,6274,9400,13000,14000,-2,-2,9450,13000,35000,17000,27000,27000,22000,-1,20000,32000,25000,35024,28000,8000,1140,28000,-2,-3
1385,7,22000,2,2,22000,35000,28,30,44576,29000,38000,37000,1560,15724,35000,30000,44000,43000,48500,54000,57000,52000,83000,49000,60000,32000,-2,34800,38800,45000,-5,70000,54000,922631,75000
1386,3,2000,2,1,2000,1200,24,22,24991,8000,16000,9100,0,11000,-5,25532,18000,17500,-5,46600,45000,-2,51900,54000,62000,77104,-2,92600,233000,99200,114500,-5,106500,102000,89000
1387,3,2900,2,1,2900,2604,2,4,6394,-3,-2,-2,-2,-2,-2,8124,-2,0,3000,1350,-2,-2,-2,1428,2705,166,6912,7272,500,-5,-5,-5,-5,-5,-5
1388,7,2900,2,2,2900,2604,6,6,3922,-3,-2,-2,-1,-1,-1,-2,-2,-2,-2,-2,-5,-5,-5,-5,-5,-5,-5,-5,-5,-5,36000,-5,-5,-1,-5
1389,7,-2,2,2,-2,9600,23,37,48443,6850,3000,20000,5000,1075,870,6384,18000,18000,18000,20250,-2,38800,920,40000,56000,67700,92944,97000,91000,80000,87500,120000,140000,132000,150000
1390,3,-2,2,1,-2,9600,19,25,33299,6850,-2,8000,8500,9500,11450,14000,15200,27000,49000,-2,15190,-2,21500,0,9000,-2,42000,86000,62000,81000,78000,97176,14300,29692,34764
1391,7,8371,2,2,8371,10344,2,3,4819,2508,948,2416,1800,14822,2112,55897,16956,10870,17642,16138,19844,-2,-2,6060,5340,6144,-5,8976,8880,-5,-5,-5,-5,-5,-5
1392,5,-4,3,2,23820,2989,3,2,332,26473,7680,10528,18832,7618,-2,8798,9239,13404,-2,12612,7261,-2,-2,-2,14420,15550,0,-2,10800,9600,-2,9360,20400,9600,-3
1393,2,-4,3,1,12030,15746,69,73,66493,16443,17574,-2,-2,42700,47530,11765,34000,51075,41100,68070,62175,-2,-2,-2,96100,42220,82500,97000,131000,135000,154000,164000,166000,178000,184000
1394,6,-4,3,2,12030,15706,71,55,67269,16443,17642,30105,30090,44120,47150,19925,35020,51076,58070,68090,70200,84300,92600,83000,96500,50000,88000,98150,123620,135000,161000,160000,166200,163050,178300
1395,5,18000,3,2,18000,16000,47,37,45317,20000,30000,30000,29020,-2,25000,4000,9500,9298,44005,48000,42500,34800,44500,93000,78000,92500,85000,77000,85004,90000,101000,-2,118000,332000,202000
1396,1,24000,3,1,24000,27000,31,37,49766,33000,37000,35000,48000,40000,50000,67875,21600,21600,23000,23550,24050,27100,27200,30200,34200,-2,58500,-5,-5,-5,-5,-5,-5,-5,-5
1397,2,17000,3,1,17000,26200,34,42,26780,24000,-1,20000,25000,27000,30000,43400,-2,31020,-2,33030,29012,35000,38020,48252,59500,64500,76570,74540,79000,42115,53000,59000,-5,-5,-5
1398,6,3500,3,2,3500,7656,27,26,26210,5832,7630,12000,8070,7210,8040,-2,-2,1000,0,20000,11000,30000,-2,6600,700,12484,20000,34110,32750,24000,22848,20000,-5,-5,6000
1399,8,20000,1,2,20000,23250,73,63,74636,33000,36000,-2,46000,67000,19600,42000,44600,41600,38000,42850,46000,47100,49000,64050,69800,88100,99200,105000,111000,75000,78000,77000,183700,192020,206000
1400,8,7500,1,2,7500,-3,1,1,144,-3,-2,6178,-2,-2,6000,-2,-5,-5,-5,-5,-2,16000,-2,0,-5,-5,15000,50000,6000,17000,20800,-5,-2,10000,20000
1401,8,3076,1,2,3076,-3,24,24,27325,1432,4644,-2,-2,-2,-2,1201,10674,9072,0,6628,7904,7637,11115,10000,-5,23000,33000,-5,29000,23000,12200,10800,35000,32600,22000
1402,8,20000,1,2,20000,18000,92,95,97237,35000,40000,41000,36000,7700,38800,47850,52450,53040,59500,69200,-3,84515,97800,103050,129700,69150,85000,84025,100000,110100,136020,130000,130250,121000,405000
1403,4,-2,1,1,-2,-5,62,67,74155,-3,-2,25000,-2,-5,-5,-5,-5,-5,-5,-5,5000,36000,22000,-5,0,12000,-5,4000,-1,-1,18000,-5,-5,-5,-5
1404,4,-2,1,1,-2,-5,14,17,23686,-3,-2,-2,-2,-2,22000,-3,-2,20000,13000,-2,-2,-2,28000,30000,18000,20000,32000,-1,30000,120000,35000,50000,-2,60000,35000
1405,4,5000,1,1,5000,-3,-4,-4,-4,-3,-2,-2,-2,17500,23000,-2,-2,30000,30000,28000,-2,-2,2900,-2,-5,14000,-2,0,4160,4160,3120,-2,2745,3120,-3
1406,8,5000,1,2,5000,3000,8,5,2946,-3,-2,-2,10368,500,4709,11450,11960,13330,15192,11000,12000,16200,16165,10344,-2,12000,-5,23000,23000,-5,-5,-5,-5,-5,-5
1407,5,18000,3,2,18000,23500,-4,-4,-5,-5,-5,-5,-5,-5,-5,-5,57000,59000,-5,-5,-5,-5,-5,-5,-5,-5,-5,-5,-5,-5,-5,-5,-5,-5,-5
1408,1,-2,3,1,-2,26000,40,53,60978,42000,20000,40000,15000,8000,12000,18000,31545,33000,37300,54000,62000,46500,51800,76000,62800,99500,76000,78600,77980,109000,128500,167000,161000,169000,222000
1409,5,25000,3,2,25000,31000,27,28,33509,27000,40000,19000,24500,23600,25500,35500,11860,13700,11800,12850,22000,-2,14600,27040,26300,-2,67100,74450,81000,68000,71000,55000,52000,-2,72000
1410,5,-3,3,2,-3,-3,76,76,80352,42000,19746,16501,18338,24728,33000,36000,100001,1057448,146942,159805,839078,160097,41930,73100,36350,-5,74000,80800,93000,98000,-5,-5,-5,-5,-5
1411,5,8300,3,2,8300,-3,37,48,45789,18200,-2,3005,-2,21100,25000,26000,26000,30610,33542,39500,-2,-3,8675,12000,19700,101300,14100,67000,16000,0,-2,10000,-2,18000,13000
1412,5,-2,3,2,-2,18000,16,17,15238,-3,-2,20000,-2,-2,40000,60000,10000,38200,-2,-2,-2,-2,-2,46000,17000,10000,6000,0,0,5554,0,10000,0,0,0
1413,4,-4,1,1,3000,10900,7,5,1650,-3,10000,7000,16000,8000,8056,8620,8000,8000,6000,774,3856,21223,21960,17500,18500,17000,17000,2000,28000,20000,19000,19440,33072,41360,43130
1414,8,1500,1,2,1500,2100,4,6,7282,-3,1000,1102,0,0,0,0,0,52250,65100,159805,89000,65000,85000,-1,-2,56000,60000,-5,45000,26312,-5,-5,-5,-5,-5
1415,8,-4,1,2,5000,7298,6,6,5068,-3,-2,11000,-2,-2,15000,5496,3008,9240,9600,10482,-2,10380,10464,10596,7200,3000,-2,10000,8990,9000,9458,0,0,15023,3064
1416,6,15888,3,2,15888,23000,15,14,20731,5500,10000,12800,10400,8200,9624,26700,8693,-2,776,-2,17028,16488,21086,19962,8000,77000,131000,30700,25200,60200,57200,55164,61000,36000,-3
1417,2,15888,3,1,15888,23000,18,16,24893,16400,-2,16000,10320,4010,-2,12000,12638,7900,8111,9949,8000,15756,-2,19000,21385,19000,24000,23022,31500,32500,34000,38404,33600,-2,0
1418,4,24000,1,1,24000,5000,30,37,61570,-3,20000,36496,19600,21077,49500,42016,-2,45925,43000,44500,54000,51000,32900,21065,52600,60300,57000,54000,66000,66000,86000,87000,94000,50000,77000
1419,8,24000,1,2,24000,5000,3,4,4111,25432,13068,43915,-2,45295,6500,46000,48000,48110,60000,-2,4945,7928,62500,-2,19000,25456,15500,15000,22000,22100,49984,47688,75400,35000,35000
1420,1,5000,3,1,5000,8000,41,45,52880,28000,-5,-5,5200,15000,12000,-2,23174,15000,-5,9000,3000,16000,19600,12000,-5,20000,20000,2000,-5,-5,-5,14400,1500,-5,-5
1421,5,30000,3,2,30000,34000,75,75,69413,38000,58650,42096,-5,-5,-5,-5,-5,-5,-5,-5,-5,-5,-5,-5,-5,-2,-5,-5,-5,-5,-5,-5,-5,-5,-5
1422,5,30000,3,2,30000,34000,14,13,10990,38000,-2,40000,-2,-2,-2,-2,-5,-5,-5,-5,-5,-5,-5,-5,-5,-5,-5,-5,-5,-5,-5,-5,-5,-5,-5
1423,5,-4,3,2,-2,13273,60,57,50462,9703,17501,9500,27000,21469,29634,48740,36800,27500,35000,30000,33900,33000,18000,42500,43000,57900,66000,66000,83500,84000,48066,62400,66196,66392,76020
1424,1,35000,3,1,35000,26000,-4,-4,-5,-5,55000,21642,65300,-5,15500,-2,-5,57530,71800,31000,839078,97800,-2,-5,-5,-5,-5,-5,-5,-5,126000,159200,-5,-5,-5
1425,1,20000,3,1,20000,30000,63,68,77186,29000,2900,8500,10550,-2,12000,-2,-2,16848,18000,20462,26200,27900,25000,26000,31000,37000,30030,40000,43000,39000,41613,48000,45000,48000,-3
1426,5,20000,3,2,20000,15000,56,48,54506,30000,-2,28200,32000,37150,43135,48000,49500,51000,49000,-1,-1,68500,65000,34116,35500,-2,-2,84300,63056,53200,67000,58000,64544,65043,60100
1427,5,-1,3,2,-1,-3,81,70,84308,25000,40000,2520,2188,9000,-2,14830,15050,13520,16500,19552,-2,31800,34800,49060,64000,91045,75000,84000,93000,90000,105065,94000,104000,104000,-5
1428,1,45000,3,1,45000,70000,79,70,64816,12000,9500,7000,9065,17600,17600,16700,33000,51000,29000,37600,46500,73000,69590,31000,-5,-5,-5,-5,-5,-5,-5,-5,-5,-5,-5
1429,1,50000,3,1,50000,2200,83,81,82219,50000,75000,45000,75001,4000,20800,22280,14000,20000,20000,21000,27000,30000,15000,21000,25000,20000,35000,5000,30000,40000,-5,65000,60000,70000,60000
1430,1,50000,3,1,50000,50000,39,57,59004,75001,75001,212,-2,2,6870,13460,23100,29110,36200,39500,41200,43100,47657,94000,120000,-2,66000,68300,71000,115000,82500,87200,99001,95600,96100
1431,1,20000,3,1,20000,19000,26,23,35119,35000,-3,55500,-5,45000,-5,-5,-5,-5,-5,-5,-5,-5,-5,-5,-5,-5,-5,-5,-5,-5,-5,-5,-5,-5,-5
1432,3,10000,2,1,10000,12000,17,18,18811,-3,-1,2556,-2,-2,19000,31000,35500,38000,36000,36000,37500,41000,45000,43000,42000,48000,54000,56000,70500,83000,83000,93000,106000,112000,115000
1433,3,10000,2,1,10000,12000,27,32,36667,16000,10000,-2,-2,-2,2300,29400,30000,25500,27000,-2,68000,30200,35000,34000,39000,116000,122000,130000,75000,173000,180000,115000,193000,200000,766958
1434,1,6200,3,1,6200,10000,2,1,1985,-3,10200,10200,12809,18800,21200,25050,52365,27912,30360,25780,28000,-2,-2,-2,-2,0,50000,-2,78260,53860,70720,71200,83440,-5,-5
1435,7,-4,2,2,-3,-3,14,12,14857,-3,-2,-2,-2,-2,-2,-2,21000,22400,-3,-1,9000,11820,14315,16252,15600,17000,17000,42775,48100,63000,68000,-2,29000,9200,-3
1436,7,1968,2,2,1968,10856,4,6,8681,8212,-2,12000,-2,3324,3444,4512,5940,-2,5280,5712,3744,9182,9466,9612,9984,10920,-2,-2,11500,4500,11000,17000,15000,16000,21085
1437,7,1968,2,2,1968,10856,11,10,8625,8212,-2,12000,-2,-2,4440,5460,5700,5712,6876,6900,5360,7530,8586,-2,-5,-5,-5,-5,-5,-5,-5,-5,-5,-5,-5
1438,7,1300,2,2,1300,4500,6,4,4199,-3,-2,16000,-2,20000,2740,10913,3537,6096,6228,6454,6312,6732,-2,-2,6000,14000,36460,25000,30000,39800,32200,39600,26000,32000,48000
1439,7,1300,2,2,1300,4500,6,5,6415,35000,-2,16000,33000,-2,7000,-2,1800,-2,-2,-2,6040,3700,-2,-2,1128,8160,8551,0,0,10356,17748,11020,9288,19840,-5
1440,7,0,2,2,0,-3,9,11,10283,-3,-2,-2,-2,1000,-2,5152,-2,14563,13699,-2,11005,23451,-2,25000,2000,16000,-2,20800,26808,2400,-2,20000,20000,19000,20160
1441,8,10000,1,2,10000,3000,6,8,4354,4433,4000,9350,9432,10000,11000,11000,33000,38000,-2,13000,14124,9360,17000,19000,23000,24000,21000,15500,29000,37000,18302,17000,12934,332,27000
1442,8,10000,1,2,10000,12000,7,10,13340,2500,-2,15500,19000,17800,18000,21600,30200,35000,27000,26000,31000,31000,40000,38800,68120,50000,55000,67500,82000,87000,83500,93000,115000,112000,294000
1443,6,8200,3,2,8200,27000,90,90,92833,13700,15000,23353,18117,22400,26430,28620,31650,29050,26740,27200,30283,29246,-2,36250,50040,55850,-2,70450,7835,68300,95750,93173,86000,97400,117140
1444,8,12000,1,2,12000,10000,39,44,53272,17000,14000,-2,29400,23000,23000,24025,25000,26000,29900,35000,37000,35082,67000,56000,60000,67000,91000,104000,-5,103010,101000,-5,-5,-5,-5
1445,8,12000,1,2,12000,10000,27,29,39305,17000,-2,-2,11525,-2,-2,-5,-5,-2,52700,44500,54287,47945,-5,-5,-5,-5,-5,-5,-5,-5,-5,-5,-5,-5,-5
1446,7,-1,2,2,-1,17000,-4,-4,-5,-5,-2,-2,18000,-2,12780,23200,7500,35000,36000,51000,58800,55200,61100,60000,53400,35000,45000,40000,73000,102000,80600,78500,88000,125000,75200
1447,1,45000,3,1,45000,30000,-4,-4,-4,45000,60000,50000,12000,16200,30000,-5,-5,-5,-5,-5,-5,-5,-5,-5,-5,-5,-5,-5,-5,-5,-5,-5,-5,-5,-5
1448,3,2000,2,1,2000,-5,4,5,4007,16500,-2,4000,2500,29000,23000,18000,25100,14100,23600,19000,26000,20000,0,-5,-5,-5,-5,-5,-5,-5,-5,-5,-5,-5,-5
1449,4,-2,1,1,-2,-3,16,11,10664,-3,-2,18000,-2,30000,-2,12136,12000,13000,12000,16500,21000,23000,-3,-5,-5,-5,-5,-5,-5,-5,-5,-5,-5,-5,-5
1450,4,-2,1,1,-2,-3,8,6,6269,-3,-2,-2,-2,-2,-2,12520,-2,12000,-2,-2,-2,9200,12200,-2,14000,-2,16000,14600,44000,16000,39000,-1,-5,-5,2250
1451,8,-4,1,2,129,-3,9,10,17810,-3,-2,-2,20500,17720,20000,-2,-5,-2,-2,-2,14106,-3,-3,-5,-2,-2,-2,15000,12000,22000,24000,-2,-2,-2,20320
1452,4,-2,1,1,-2,-3,8,6,9502,-3,-2,35600,-2,14600,44000,25500,15000,17000,18000,18000,18000,27000,27000,35000,-5,-5,-5,-5,-5,-5,-5,-5,-5,-5,-5
1453,1,11700,3,1,11700,900,-4,-4,-5,-5,7000,18500,-2,-2,6000,-5,-5,-5,-5,-5,-5,-5,-5,-5,33077,-5,-5,-5,-5,-5,-5,-5,-5,-5,-5
1454,8,14000,1,2,14000,20000,34,33,50481,-3,28000,21000,21000,23700,33964,32000,37560,39403,88000,64200,839078,-2,74000,-2,49200,47000,-5,74000,-5,-5,-5,-5,-5,-5,-5
1455,5,-4,3,2,16000,3700,12,15,14511,18952,-3,27496,35169,-3,26503,6760,-2,-2,24000,31719,35000,31789,-2,-2,30020,36000,-2,-2,67000,14106,10887,7523,12264,-2,-3
1456,1,25000,3,1,25000,-3,26,26,34476,50000,-1,63181,70000,15500,85000,65816,4100,-2,5000,12000,-2,-2,0,10000,-5,0,8000,-5,0,0,-5,-2,0,800,19000
1457,1,-2,3,1,-2,8400,-4,-4,-5,-5,-5,-5,-5,16800,-5,-5,-5,-5,-5,-5,-5,-5,-5,-5,-5,-5,22000,-5,-5,-5,-5,-5,-5,-5,-5
1458,1,-4,3,1,11625,-3,40,36,39235,-3,10000,10000,12000,16000,-5,-5,-5,30500,-5,-2,31376,39000,39700,44000,38000,62000,88250,74400,-2,90800,85600,91600,111844,104740,127940
1459,5,10404,3,2,10404,12000,64,71,85258,1800,2000,5870,3500,9208,31300,36200,11830,-2,-2,40050,19001,20000,21000,-2,28385,-2,36000,45015,40005,50000,50100,60150,50020,62000,36030
1460,5,-4,3,2,2700,-3,43,50,57318,43000,25000,10078,13307,15440,54110,58000,75300,84200,60050,54776,51022,60050,-5,-5,-5,-5,-5,-5,-5,-5,97557,-5,-5,-5,-5
1461,1,-4,3,1,8600,-3,75,63,62549,-3,25000,20560,70000,-1,30000,9200,0,-5,-5,5000,-5,-1,-2,-2,-5,-5,-5,-5,-5,-5,-5,9492,8760,8772,9684
1462,1,-4,3,1,15000,25000,55,51,33171,22500,31000,29593,32000,26000,27009,-1,0,-1,-1,-1,-2,-2,17000,8000,27764,27900,18500,-2,28600,-1,22254,-5,-5,-5,-5
1463,5,-4,3,2,6785,6005,60,45,39391,10010,12000,15012,15025,15000,15000,-5,-5,-5,-5,-5,-5,-5,21011,-5,-5,-5,38000,-5,-5,-5,-5,-5,-5,-5,-5
1464,1,6000,3,1,6000,-5,-4,-4,-5,-5,-5,-2,30500,13500,25800,15000,-3,8752,7000,7230,1250,-2,0,1500,0,30000,57000,-2,59160,65339,54000,96500,97000,96000,95000
1465,5,17112,3,2,17112,0,12,14,17597,8268,4500,3717,-2,6458,6400,-2,5280,500,6156,3976,0,13771,23500,4000,8500,9494,3060,2605,5900,73650,500,60000,96440,0,30000
1466,1,9050,3,1,9050,12000,5,3,4488,50000,-5,-2,12000,-5,-2,-5,-2,-5,33000,7800,-2,-2,189918,-2,-1,-2,-5,-5,35000,-2,-5,-5,-5,-5,-5
1467,5,-1,3,2,-1,4832,1,1,582,6000,6000,30000,25985,13200,26800,10296,21000,-2,-2,-2,-2,14400,0,5516,-2,-2,-2,-5,-5,-5,-5,-5,-5,-5,-5
1468,1,52800,3,1,52800,-3,46,41,36634,44000,50000,75001,73000,56000,64000,-2,49268,61000,53600,33264,43436,43250,-2,-2,-2,69000,49000,42480,32050,53150,68000,95300,67000,74500,78000
1469,5,-4,3,2,11137,8408,26,22,20960,-3,-2,-2,22680,-2,41500,45000,60877,-2,14600,16013,12000,18200,11000,13500,16400,-2,-2,60000,62533,73500,87490,73611,76000,87000,70000
1470,5,-4,3,2,0,3445,56,55,64514,10000,25000,-2,6743,30000,41580,51015,77175,88050,83980,81100,81000,93020,100000,147200,117000,113200,114000,137400,133000,130000,113000,85000,-1,69000,74000
1471,1,-4,3,1,7600,11000,22,19,15586,40000,-5,-2,-5,-2,-5,-5,18000,3760,9900,12000,-2,23752,12000,19000,35400,-2,-2,58000,50000,88000,-2,60000,-5,100000,110000
1472,5,-2,3,2,-2,15000,15,15,15521,20000,-2,-2,-2,-2,-5,-5,-5,-5,-5,-5,-5,-5,-5,-5,-5,-5,-5,-5,-5,-5,-5,-5,-5,-5,-5
1473,1,-2,3,1,-2,-5,-4,-4,-4,12000,24000,32400,30050,93570,32168,40000,46000,-2,34000,29700,-2,30000,31500,34000,45000,-5,-5,87300,135000,-5,70000,-5,63000,-5,-5
1474,5,-4,3,2,10300,19040,77,64,72829,30220,-2,31057,46583,27920,40700,40430,37634,37000,28300,41000,45000,53000,-2,45408,41762,75280,68760,69700,65250,454737,78280,-2,81640,46800,36372
1475,2,-4,3,1,4900,13007,-4,-4,-4,21000,38000,37500,-5,21213,26000,24000,26890,-5,27890,26060,24060,-5,-5,-5,-5,-5,-5,-5,41150,-5,-5,-5,-5,-5,-5
1476,1,10000,3,1,10000,14000,29,31,39784,18000,30000,40000,18000,-5,12000,21009,17026,32021,30026,48004,-5,47043,50615,49400,110040,67250,50000,98000,-5,-5,-5,-5,-5,-5,-5
1477,1,30000,3,1,30000,20000,46,61,48936,-3,-2,60000,6500,10000,20500,16500,24500,26580,28000,28000,31000,45300,25000,26500,32300,47400,53000,58400,72640,62640,53000,-5,94440,-5,-5
1478,5,-2,3,2,-2,-3,65,57,54932,-3,-2,-2,-5,-5,-5,-5,-5,-5,-5,-5,-5,-5,-5,-5,-5,-5,-5,-5,39000,37000,36000,43000,111000,120000,150000
1479,1,60000,3,1,60000,2810,94,93,97372,6900,7700,7330,4810,11020,17275,19050,21350,34700,27700,30700,38500,35000,41000,37000,55500,78000,69000,80500,103650,142000,230000,195000,210400,195500,766958
1480,3,-2,2,1,-2,-3,4,4,3765,-3,700,-2,-2,3200,5000,-5,10000,6400,0,10000,2000,-2,3000,18000,-2,19000,20053,21000,20000,8190,6470,0,10000,0,6000
1481,3,-4,2,1,5342,12720,54,61,49641,22500,31500,32000,37000,36080,-2,48500,-3,56500,58600,61150,54300,62375,68800,72000,-2,-2,99000,102000,110000,116000,118000,127000,123000,130000,132000
1482,7,3072,2,2,3072,5000,3,2,2788,-3,2720,7029,8492,11990,100001,29000,-2,41424,-3,46000,-2,35714,28602,20885,25000,-2,93000,-2,90000,58600,94000,35000,37000,-2,55600
1483,7,561,2,2,561,7588,1,1,4102,3000,-2,-2,6816,-2,-2,14000,-2,15500,3000,8840,7230,-2,12004,9000,2000,13000,13000,14000,-2,-2,23412,23102,3000,3000,-3
1484,7,7044,2,2,7044,3000,4,3,2513,3000,-2,-2,5000,8166,-2,71673,24160,12716,-1,2160,10035,-2,22099,20600,-2,35600,-2,32000,40000,49020,33000,-2,-2,26000,20000
1485,3,-2,2,1,-2,2000,1,2,3917,16400,15000,13980,13000,12000,-2,1200,17000,9000,1200,9500,0,-2,-2,0,0,21000,13000,-5,14400,24000,32000,30000,40000,108000,80000
1486,3,25000,2,1,25000,12000,32,35,33156,-3,40000,25000,43040,32000,47275,23000,24000,-2,48000,49000,52000,75000,52000,64190,71300,34000,-2,40000,50000,65000,67400,96000,58000,170000,180000
1487,7,12000,2,2,12000,30000,47,34,42852,25000,18000,10100,12500,-2,31000,35800,23500,19000,21480,17900,21000,25000,22000,26000,18700,20500,31400,38400,73000,80000,91000,106000,96000,124000,114000
1488,3,-2,2,1,-2,10000,14,12,10987,16000,-2,27000,23000,-2,-3,37000,22000,25500,22000,-5,14000,-5,-5,16000,9000,8000,15000,6828,0,17720,7200,0,9756,960,9175
1489,7,4512,2,2,4512,8500,6,9,9359,7709,7500,14400,17492,3330,-2,-5,11152,18000,15000,13320,13140,23628,57134,-5,-5,29100,40000,-5,-5,58000,-1,-1,35000,38000,-3
1490,7,8460,2,2,8460,7800,16,13,19642,6000,10102,10400,-2,-2,-1,-1,26000,-1,-1,24250,25000,25000,27900,28001,41800,-5,25800,27000,25000,-5,-5,-5,36000,40000,73000
1491,7,7000,2,2,7000,-3,14,16,14083,17733,17000,13729,6816,10000,8774,11109,6000,13000,8300,12304,16200,5752,21344,13700,35000,67000,47000,46000,39000,55000,3372,36184,56260,-1,-3
1492,1,41000,3,1,41000,36000,66,78,82535,11500,8000,21600,-2,23500,25000,26000,25000,33000,32000,-2,-2,44050,45080,50000,50050,58050,47000,50100,67000,76000,-5,78000,-5,62535,-5
1493,5,19000,3,2,19000,19000,45,48,65038,-3,11015,17525,15800,24000,15000,-2,20000,-2,70240,84040,50000,62000,72500,62500,83000,70000,100000,250000,479983,454737,160000,200000,595986,922631,766958
1494,5,-2,3,2,-2,-5,54,45,51198,12000,1564,1500,39000,16000,19000,21418,6600,15639,33665,20114,27000,26352,19744,17800,56000,-5,-5,-5,-5,-5,-5,-5,-5,-5,-5
1495,5,-4,3,2,19000,21000,30,25,19342,22000,22797,26000,31000,31736,28948,23730,11600,40000,40000,41000,40000,44000,50480,59456,29536,36560,38000,47000,50000,66000,55000,52000,24800,45000,41000
1496,1,-1,3,1,-1,30000,80,84,89320,25000,25000,9600,-2,40000,16000,22000,27400,41000,43000,45000,45000,-2,-2,45600,68000,72000,90300,78000,98000,110000,112000,67000,595986,-2,264000
1497,5,27000,3,2,27000,8645,88,94,95463,10400,16905,20204,26520,75000,41335,30610,37745,53050,58100,62850,71050,-5,-5,-5,100300,113750,-5,-5,-5,-5,-5,-5,-5,-5,-5
1498,5,-2,3,2,-2,-5,-4,-4,-4,-3,-5,-5,-1,-2,-2,-2,34000,30000,32000,-2,32000,-2,-2,23430,21400,-2,-5,12900,479983,-2,-5,-5,-5,-5,-5
1499,5,-4,3,2,21700,28000,59,50,47406,29000,28700,26629,22084,29380,20770,18650,20000,20120,22250,25100,21230,-2,30039,31100,33100,33100,36525,61010,49000,50005,64025,63884,50002,74384,70429
1500,1,26000,3,1,26000,-5,17,28,24715,18560,18000,21000,27308,35500,35700,-5,37000,38000,47000,43000,50000,55000,-2,36000,42050,42020,48500,-2,-2,58600,0,62000,65000,71000,70000
1501,1,45000,3,1,45000,50000,85,94,97458,-3,60000,-2,10000,5500,2230,20000,50500,61000,47536,56000,48800,58120,55700,60000,45250,51500,56100,130000,138000,118200,135400,134700,148800,153000,172500
1502,5,45000,3,2,45000,50000,94,92,98242,-3,60000,75001,75000,50000,-2,13000,24000,48500,71000,70500,39000,48500,57000,68800,93000,106800,144200,202500,479983,273500,-2,-5,-5,250000,-5
1503,1,8000,3,1,8000,15000,78,84,84661,13000,17716,16520,18000,26800,20000,4000,9200,11400,-2,10250,18240,38630,11300,29500,47071,-2,53000,61000,60000,68620,-5,-5,113000,110000,-5
1504,1,-2,3,1,-2,2000,98,94,93087,26000,600,15000,30000,32000,36400,57740,60550,53100,49500,58200,47700,160097,189918,112000,244343,332808,390662,408473,479983,454737,440692,210000,595986,135000,185000
1505,1,-2,3,1,-2,29000,86,80,77446,7000,60000,41000,-2,50000,50000,-2,32000,19204,15000,21800,38600,45735,51100,-2,74000,74000,88370,94200,86500,103500,112000,108000,134000,139000,170000
1506,1,-4,3,1,20795,10000,80,81,88937,5000,11520,9512,52500,10500,9000,9000,12250,2400,6690,12737,-2,-2,-5,44000,56000,-5,-5,70000,42045,87000,86000,58200,45600,51600,51600
1507,5,20000,3,2,20000,23000,58,49,60833,36000,18000,45000,24528,22000,50000,13480,11400,8057,20000,26900,30020,18925,50270,34800,44860,41025,41500,39000,26000,34960,53073,59928,48000,67384,-3
1508,1,20000,3,1,20000,23000,98,92,96289,36000,23000,6000,16600,18448,23000,28500,34200,1057448,42000,37040,38000,44400,43000,48000,-2,56000,35600,77000,35000,37000,13904,30000,-5,-5,-5
1509,1,-4,3,1,4000,35000,94,85,90493,25000,60600,54000,70009,50000,8000,12000,15000,7000,20000,38400,41200,-2,49000,47000,-1,-2,9000,23000,25000,29450,3800,54000,58000,58500,75500
1510,5,12000,3,2,12000,15000,46,54,66956,20000,35000,36000,45000,52111,53000,60000,-3,-2,30050,31010,34515,-2,-2,20025,-2,56513,26000,-1,54025,61025,67050,63080,43900,47000,50000
1511,5,-2,3,2,-2,15000,69,64,63161,23000,35000,41472,46000,52111,53000,44700,73100,-2,28150,31500,34600,-2,-2,21435,26030,35000,22000,-1,60000,74000,77200,72450,70344,54000,49260
1512,5,30500,3,2,30500,34000,93,82,80758,30000,30000,7000,35000,18060,18787,19053,21000,51000,-2,-2,36000,-2,-2,-2,100100,65800,56500,75800,196000,116020,132000,115000,110500,-2,165000
1513,1,30500,3,1,30500,34000,18,24,19818,30000,30000,52000,20000,20000,17000,-5,-5,14000,32000,27020,18000,22000,18000,56003,-2,-1,-5,-5,-5,-5,-5,-5,-5,-5,-5
1514,5,50000,3,2,50000,40000,44,48,45160,60000,65000,19000,27008,28000,28000,33054,28074,28068,28065,29000,28000,35000,29060,39530,56000,69000,79000,50000,51000,56000,51000,28000,29200,36000,43500
1515,1,50000,3,1,50000,40000,40,42,44773,30000,35000,62000,45000,50000,60000,36025,44100,45100,64230,48840,52030,50100,56100,86000,127000,70300,72000,120000,103000,123000,222000,497763,595986,178000,178000
1516,7,-4,2,2,10500,12000,20,15,8674,12000,16000,15670,16400,16292,23522,19526,16596,25000,10000,13150,19264,14798,13175,12883,22960,23869,19282,21020,23300,25600,1412,34104,30854,32492,32000
1517,7,12400,2,2,12400,12000,7,9,3585,6025,7766,15000,8999,13000,10530,26000,18625,23000,22000,17000,21000,20200,40000,40000,-2,-5,-5,-5,-5,-5,-5,-5,-5,-5,-5
1518,3,12400,2,1,12400,-3,15,16,12830,-3,13000,4800,3624,8136,12000,13000,20500,15500,18000,25000,13000,12000,16000,30800,36000,49100,47500,-5,-5,-5,-5,-5,-5,-5,-5
1519,7,31730,2,2,31730,50000,27,41,47054,47000,49000,-3,3404,15460,36000,10500,14956,6050,33556,40000,1000,17784,18864,23300,-5,35200,64000,36000,-5,45000,-5,-5,60000,42000,65000
1520,3,-4,2,1,10070,-3,8,7,6090,12000,15000,-2,22000,-3,24000,30010,32005,40530,39800,33000,45000,-2,-2,39000,46000,47000,26980,26025,28000,33000,38000,33000,38000,38000,40000
1521,3,16000,2,1,16000,5397,23,18,21457,-3,12000,10600,18323,22387,20500,31121,20000,14040,-2,13844,20000,27000,39000,50000,80000,77700,80000,80200,79000,-2,94000,-5,-5,-5,-5
1522,7,21000,2,2,21000,15000,79,78,67176,15000,25000,8500,11400,13000,51000,14500,17103,1057448,30100,32500,37000,36000,46000,47000,-2,67070,69020,78000,80300,88000,62236,46000,56500,28556,35630
1523,3,16000,2,1,16000,-5,23,28,36895,15000,25000,18000,18000,35000,51000,58000,18000,-2,-2,-2,19000,21000,21000,-2,22000,-5,-5,-5,-5,-5,-5,-5,-5,-5,-5
1524,7,7000,2,2,7000,0,3,3,3263,0,1416,1250,-2,-2,22000,27000,34000,9000,26000,29600,14000,24000,23040,26400,19200,20460,8000,9000,800,12337,6000,12000,13000,-2,18000
1525,5,-4,3,2,14200,9000,27,25,24670,13100,11731,8108,21060,648,12739,47500,-2,30000,0,-2,-2,18000,-2,-2,36000,33000,43000,41000,46000,51000,54000,52000,49000,84000,54000
1526,1,-4,3,1,-3,9000,78,88,81260,14210,13132,11575,18060,16156,21540,14324,6876,11300,23800,11694,19405,25000,25731,30904,40000,-1,50880,54536,4000,-5,-5,-5,-5,-5,-5
1527,3,-4,2,1,8200,-3,5,3,2099,-3,11400,-2,17000,8546,8808,10010,10000,14000,17000,18092,22000,-2,25000,40800,31760,21000,24000,32000,38000,42000,26000,30000,35000,50000,56000
1528,3,-4,2,1,-3,7000,15,13,13552,6000,9000,11750,-2,15182,-2,9000,15000,15000,17000,14500,17318,-2,12000,7000,13000,30000,35000,27500,27000,17944,45344,37116,29580,49756,-3
1529,7,14000,2,2,14000,12000,25,34,35947,11000,18000,-2,-5,-1,13500,-5,-5,-5,-5,-1,32640,-2,-2,27000,-2,25000,22800,23560,23000,27000,27000,22800,27000,27000,-3
1530,7,14000,2,2,14000,12000,21,22,30909,-3,12000,-1,-1,8000,25000,12400,-2,13004,28000,14780,13000,-2,-2,16000,19620,22000,-1,53000,61000,72535,59006,42120,-2,80000,-3
1531,5,22500,3,2,22500,23700,46,40,44428,17050,7032,9007,9838,10000,12500,13000,34400,49300,15250,17700,19300,20300,21300,21200,23000,22000,29000,27648,51000,67000,30000,35000,32000,35000,20000
1532,5,22500,3,2,22500,23700,36,35,57544,17050,20000,20000,20000,9700,10000,10500,34000,12000,24000,17115,800,4600,25200,-2,20300,18385,-2,37600,18507,40028,-2,-5,-5,-5,-5
1533,8,3428,1,2,3428,10280,27,22,28873,-3,-2,150,1503,4428,5716,4856,5947,5065,6672,6948,7272,22296,-2,14700,7900,12016,11712,9124,13332,8375,4200,11800,13275,21925,9000
1534,8,26000,1,2,26000,16500,30,23,27174,40000,29000,30000,34080,33000,28000,42000,46000,59500,55000,47000,46000,58000,82000,83000,80000,96000,100000,131500,119600,133000,61000,-5,101600,116200,113000
1535,4,26000,1,1,26000,16500,19,25,29084,40000,-2,40000,40500,40000,40000,-2,-2,-2,-2,-2,-2,-5,-5,-5,-5,-5,-5,-5,-5,-5,-5,-5,-5,-5,-5
1536,4,26000,1,1,26000,16500,16,19,22903,40000,10000,40000,40500,40000,-2,5000,-2,9000,12000,9000,18000,-2,11460,-5,-5,-5,-5,-5,-5,-5,-5,-5,-5,-5,-5
1537,4,35712,1,1,35712,-5,-4,-4,-4,11000,14000,26760,35000,37000,44692,33000,15000,33000,12000,37000,37000,7000,5800,-5,-5,-5,-5,-1,-5,65000,50000,80000,30000,-5,42000
1538,8,4500,1,2,4500,-3,28,24,30590,-3,-2,-1,-2,20231,38000,39190,-3,22420,18520,55500,56016,65250,66000,40000,51000,60000,64000,64000,45000,82000,86600,114000,84000,120000,240000
1539,6,-4,3,2,2500,4327,66,69,77510,-3,6000,5600,9090,7005,-2,9427,17300,18212,32715,14935,44677,25600,18000,29300,33168,55000,57000,83000,66400,53000,127500,98020,133700,136000,106400
1540,8,21000,1,2,21000,18000,32,32,48275,-3,-2,-2,18000,3676,4400,-2,13000,18000,21000,-2,18000,-1,-2,-2,45004,50000,93440,115005,126000,190000,162000,48100,-5,-5,-5
1541,5,24800,3,2,24800,15000,25,23,22337,11600,26200,22933,14628,20616,16517,-2,15000,23200,33040,44100,46100,45160,49000,61012,87400,52500,-2,86800,81400,120000,76800,72000,60000,45250,85000
1542,1,-4,3,1,3800,6560,14,15,15292,12550,-5,-2,-2,-2,-5,-5,0,-5,-5,-5,200,6240,6052,-2,4320,0,6240,4560,7551,7200,0,-1,0,-2,-3
1543,1,24800,3,1,24800,23000,13,16,19054,30000,11300,32000,13000,-5,-2,-5,-5,-2,-5,-5,13000,18000,-2,26000,28000,45000,-5,-5,-5,-5,-5,-5,-5,-5,-5
1544,5,-4,3,2,-2,6860,27,22,23388,12550,7775,2170,-2,4406,6084,27605,16610,25650,30500,-2,25000,46770,-2,-2,52000,-5,-5,-5,-5,-5,-5,-5,-5,-5,-5
1545,1,24800,3,1,24800,23000,11,13,8137,2000,40000,-2,-2,20700,12000,7000,7000,7600,13000,2000,20000,30000,10000,10000,10000,33000,-5,13000,-5,15000,55870,-5,-5,-5,-5
1546,6,-4,3,2,800,22662,26,21,19853,17493,23500,13500,25000,17750,12050,11200,13000,22700,22000,21132,24400,15000,14490,33700,45000,33500,17000,-5,-5,-2,28370,57000,-2,85000,-3
1547,1,-4,3,1,13000,32000,55,44,43214,18000,11500,10000,13340,12951,25000,16500,28272,34038,34000,31000,44000,26000,35340,32000,28600,26000,-2,-2,85000,45430,38000,38684,41560,67508,76000
1548,5,-4,3,2,5172,32000,38,39,40716,18000,11000,10100,8890,12900,100001,22000,28172,34038,31000,33000,21000,21000,23000,25000,19000,10990,35000,13247,4000,2500,6000,3100,6000,21000,30000
1549,5,-4,3,2,-2,14364,22,25,30043,9478,8700,4033,2583,15297,17000,18000,-2,16500,26332,36568,1400,16595,17252,4768,11676,34168,3060,7524,83676,7476,10528,8376,11868,9552,-5
1550,5,23000,3,2,23000,27000,63,75,60577,25200,-1,-1,26800,-5,-5,-5,-5,-5,-5,-5,-5,-5,-5,-5,-5,-5,-5,-5,-5,-5,-5,-5,-5,-5,-5
1551,5,28009,3,2,28009,26400,33,35,25797,21500,24589,26000,37069,34000,29400,37000,36000,31000,33940,39000,40000,26000,21304,45000,58120,45000,-2,23000,47000,43000,-2,40400,20660,20916,24432
1552,5,-4,3,2,23000,34000,32,27,24669,5000,11200,7000,20000,6000,26800,20700,35400,33020,7213,15174,15000,54059,11468,15396,-2,81000,90000,88408,68200,72511,87274,99000,0,22600,22500
1553,5,-4,3,2,18012,21000,91,81,79584,21300,7030,12000,10000,19000,23700,20000,18030,30200,26010,35000,28000,54000,20000,27020,46025,52400,66400,66020,75000,-2,85160,76720,58500,70000,57000
1554,1,29900,3,1,29900,5945,57,58,52176,9900,39725,26307,26100,17000,22500,21400,27400,23000,29000,34000,38000,47000,43000,46000,33000,45000,38075,50000,59000,70000,53000,62000,61000,82000,56000
1555,1,29900,3,1,29900,30000,68,75,69185,-3,35000,-2,3400,50000,-1,10121,12000,14000,10000,14500,17000,22400,25000,20992,13697,22000,25800,34000,30062,32100,36000,36500,38000,35000,45000
1556,1,29900,3,1,29900,30000,59,65,69556,-3,-2,-2,-2,-2,16801,16070,17900,14900,4147,33110,31189,36434,39623,43249,44075,25485,51146,47670,67916,73778,92286,100412,98254,79467,70000
1557,1,25000,3,1,25000,32600,25,21,19563,3049,6247,8540,7000,9668,37000,-2,13400,-2,-2,11820,21004,33975,24650,19000,21000,42000,53000,55000,55000,87000,72000,77000,13679,38000,75000
1558,5,25000,3,2,25000,23000,64,44,60233,-3,40000,17000,22500,13010,8000,31590,-2,-2,-2,-2,18000,20000,32962,-2,24873,29588,76156,60480,12500,14000,0,13080,13788,14052,-3
1559,5,891,3,2,891,-3,22,27,25929,4956,-2,32000,10000,9600,-2,17148,12641,-2,47992,-5,63000,0,56000,-2,28000,71000,56000,50000,75000,-2,13608,61200,-2,31200,53844
1560,1,22000,3,1,22000,19000,26,21,21060,20000,9000,15200,6880,6300,-2,17000,15800,9000,18400,10005,20840,-3,8586,360,-2,-5,43500,50200,19000,20000,30000,15000,3600,11820,-3
1561,4,40000,1,1,40000,40000,46,45,55967,72000,2360,2060,700,11300,3000,800,6000,2000,-5,-5,-5,-5,-5,-5,-5,-5,-5,40000,300,-5,-5,-5,40000,30000,40000
1562,5,-4,3,2,1500,-3,73,75,81621,-3,23120,6625,7500,15100,-5,16800,15100,17300,12400,21900,16303,15355,-5,-5,-5,-5,-5,-5,-5,-5,-5,-5,-5,-5,-5
1563,1,30000,3,1,30000,-3,95,96,95429,-3,4535,1000,2500,23000,1600,18300,24200,39500,34250,38400,43000,86300,90200,-5,-5,-5,-5,-5,60000,60500,82000,102200,87000,105500,22000
1564,5,40000,3,2,40000,-3,80,75,84972,-3,30300,7500,75001,5000,14000,12668,13484,13600,12668,12000,15000,-2,30240,54325,33523,34500,42660,20035,28512,40120,-2,38650,40027,45000,51000
1565,1,40000,3,1,40000,-3,69,81,89831,30000,70000,75001,75001,38000,50000,-2,21619,27200,23600,24600,-2,32634,37368,32120,90035,140000,155000,-5,-5,-5,-5,-5,68100,61000,61300
1566,5,-4,3,2,19916,13000,65,67,65249,10450,10800,12000,15000,17040,20720,20360,35000,40000,60000,60100,-2,-2,-2,142350,62500,13500,26000,42200,114100,163400,96000,116500,-5,63000,-5
1567,1,29600,3,1,29600,30000,84,78,70283,24150,32200,38000,-5,46300,50000,53000,59000,36000,64000,64300,65000,68000,74150,-5,53100,62000,-5,-5,-5,88000,70000,91000,110000,-5,145000
1568,5,28000,3,2,28000,32000,58,73,79707,48000,60006,54100,9500,9300,13500,14300,89100,61800,83000,159805,62600,76570,74300,118000,92000,80000,79400,109000,121000,-5,-5,-5,-5,-5,-5
1569,1,25000,3,1,25000,5000,60,68,72895,-3,4000,-3,-2,32000,15000,10120,13000,14000,2060,2000,3700,17000,28300,-2,48000,59000,68000,75316,88000,105800,111000,93000,92000,98700,103400
1570,1,-4,3,1,750,4000,42,59,59313,5424,-5,-5,-5,-5,-5,-5,-5,-5,-5,-5,-5,-5,-5,-5,-5,-5,-5,-5,-5,-5,-5,-5,-5,-5,-5
1571,5,25000,3,2,25000,35000,56,65,77537,-3,5550,13300,19400,17166,47000,40530,32000,37150,34678,49500,13020,15400,16200,13430,24000,24600,31500,35500,125000,149900,52800,54000,54000,120000,131400
1572,8,-1,1,2,-1,35000,-4,-4,-5,-5,-5,-5,18100,24000,26708,-5,-5,-5,-5,-5,-5,-5,-5,-5,-5,-5,-5,-5,-5,-5,-5,-5,-5,-5,-5
1573,4,-1,1,1,-1,13446,-4,-4,-4,-3,16620,19180,17973,19030,23010,24000,42000,40000,44030,43500,29500,-2,30000,66000,59000,73500,86000,100000,101000,92000,58000,62000,56000,66000,70000
1574,1,40000,3,1,40000,45000,81,88,90317,-3,75001,69100,75001,100000,43000,63000,68500,63500,70500,83000,86000,160097,189918,64000,46000,70000,77600,20600,47000,79000,110000,95000,90000,98000,100100
1575,1,29000,3,1,29000,10045,48,42,33184,24000,25000,26050,29300,39000,25000,25000,40000,76500,75000,74400,82000,160097,189918,974100,244343,332808,-1,408473,479983,454737,440692,497763,595986,922631,766958
1576,1,29000,3,1,29000,8000,-4,-4,-4,10610,13600,14800,75001,65000,79000,-2,22000,13000,-5,45100,-3,44000,78000,82300,62000,-5,-5,-5,-5,-5,-5,-5,-5,-5,-5
1577,1,29000,3,1,29000,3505,58,58,60110,8005,6300,26010,8112,31500,-5,-5,-5,-5,-5,58220,52520,63020,189918,47000,-2,56900,86000,74700,70500,70000,62000,68000,73296,61500,77000
1578,1,29000,3,1,29000,50000,12,17,17678,-3,60000,5500,62640,-5,79000,8000,57500,26000,-3,25000,-1,52000,60000,55000,43000,-5,30000,67600,187000,5001,35000,100,1775,12000,45000
1579,5,32000,3,2,32000,38000,24,17,14602,36000,50000,55616,53000,50000,74000,66000,39050,32420,45500,49550,45100,40400,40010,40050,50018,49052,55000,33996,61375,65000,0,36200,30000,34569,35008
1580,1,32000,3,1,32000,38000,15,18,21756,36000,50000,54700,-2,45000,74000,84000,24000,-2,34000,34000,35000,55000,42000,25000,56000,75000,70000,62000,91000,-5,-5,-5,-5,-5,162000
1581,5,7000,3,2,7000,8000,14,11,7984,-3,-2,-2,-2,-2,25542,-2,-2,-2,40900,45890,41300,-2,-2,44500,-2,75000,-2,-2,57200,-2,-2,-2,-2,-2,-3
1582,1,-4,3,1,8960,13000,69,62,48450,14754,14366,17950,22000,32018,36050,40500,-5,-5,53500,43700,53600,60400,6800,15400,-5,29000,-5,-5,-5,-5,-5,-5,-5,-5,-5
1583,5,-4,3,2,7544,13000,52,46,39966,16100,14982,-2,19100,32018,40048,41539,-5,-5,53500,43700,54000,60400,62600,-2,-2,-2,58500,-2,132774,-2,-5,-5,-5,-5,-5
1584,5,5150,3,2,5150,-3,80,76,88626,1750,7600,13500,41000,4828,9000,13000,9296,-2,26600,39753,12000,14600,17299,16700,47200,53600,65503,72924,38575,40000,95150,63905,30430,-5,-5
1585,1,30000,3,1,30000,30000,46,44,54802,25000,3340,5002,-2,18100,-2,22400,18000,21400,21000,31240,36252,41000,36897,-2,47200,49000,40000,59320,60000,85000,85000,95000,77935,80000,100000
1586,5,30000,3,2,30000,30000,52,61,69894,25000,30000,2100,38000,-2,-2,-2,8000,16300,16000,18600,28000,20000,25000,-2,24000,0,63000,61000,104000,102000,67160,75600,76800,106800,-3
1587,5,30000,3,2,30000,15000,96,91,92892,-3,6500,9113,12479,15406,14550,12092,20400,23300,24375,25876,29900,29600,30300,37275,38400,41670,43800,48311,54700,61400,60900,64000,74000,85500,85950
1588,1,15000,3,1,15000,15000,-4,-4,-4,20000,3552,24974,10245,13145,19490,20239,20610,21405,24500,37500,41900,42551,44600,47700,52000,35400,38500,28000,25500,35000,41000,118000,121000,130000,142000
1589,5,-1,3,2,-1,-3,64,62,64806,75001,-1,2050,8140,6600,50000,18600,12300,13350,14000,12175,22500,19000,11500,29000,76000,90000,48000,50200,76000,90000,70000,70000,95000,110000,196000
1590,1,14000,3,1,14000,28000,26,21,22782,879,6463,8035,8600,35000,-2,8449,13897,8800,11800,15000,10600,9000,12000,22000,19500,20000,6200,14300,19000,21000,19000,21000,24000,25000,-5
1591,1,14000,3,1,14000,28000,30,29,33418,27000,3500,7510,7500,9085,30000,18500,10000,18000,36000,12000,18000,21000,13000,38000,48800,32000,34000,33000,33016,24000,12276,21600,13200,23200,49100
1592,5,14000,3,2,14000,28000,22,19,27228,27000,25000,-2,13000,2005,5473,21620,6000,22200,7000,115,35908,42370,6200,11000,21000,30600,42500,17700,26000,32000,35000,57000,55000,52000,54000
1593,5,-4,3,2,22595,22925,30,23,14232,36648,39684,33892,12676,20415,28951,21360,-2,0,800,4806,10671,8567,6065,10361,11680,13108,15000,17800,17000,17000,23060,11030,13000,-5,-5
1594,1,-4,3,1,8000,-3,49,47,41694,6700,3260,8115,8507,26000,5800,11000,30000,22000,66000,159805,14000,12000,18014,10000,24000,17120,-5,-5,-5,-5,-5,-5,-5,-5,-5
1595,1,24000,3,1,24000,21000,35,37,44794,28000,45000,30000,-1,-5,-5,-5,-5,-5,45000,45000,40000,35000,15006,50000,0,-5,-2,40000,120000,130000,0,-2,10000,-1,1000
1596,6,-4,3,2,2670,6284,1,1,637,4272,4632,6360,6948,7812,-3,-3,11604,13916,12144,13888,18656,12392,7796,6000,4000,10605,20280,48000,-5,8062,8400,10824,10956,-5,-5
1597,1,15000,3,1,15000,24000,56,63,67922,4421,9914,17674,22791,25500,31225,43600,35000,29002,25000,11000,11000,13200,27000,11374,14400,28200,-2,55000,88000,-5,-5,76000,67000,138000,99700
1598,5,15000,3,2,15000,24000,54,62,70988,6200,10000,10310,7306,17000,-2,11000,9754,9800,14000,38010,37342,22000,22000,40000,22735,57894,74000,75000,45200,42000,58416,52000,48000,46000,-3
1599,5,-4,3,2,11962,11961,63,59,43417,17006,22005,16950,22640,-2,12312,28326,12224,16507,21700,29010,24900,64020,62000,51030,87100,50050,87040,86400,82000,95234,80226,27352,33076,94000,56500
1600,6,-4,3,2,5435,7162,60,52,60940,4632,7836,7897,9567,9672,-2,7544,10029,13544,12863,10688,13120,21350,27999,33000,-2,0,7500,8000,62000,46000,42000,0,34000,54000,33000
1601,1,15000,3,1,15000,32569,49,43,53921,-3,56968,1350,-2,-2,26075,25600,22900,44450,52000,43500,60000,67000,72500,86900,73500,85500,138000,-5,-2,454737,255000,-5,-5,-5,-5
1602,1,15000,3,1,15000,32569,41,45,54571,35000,56968,-2,5254,14000,20000,25515,26500,32000,42000,40000,36076,44000,43608,43120,46000,56050,36035,-2,180200,100000,49000,214400,276000,258000,245000
1603,1,16889,3,1,16889,9000,57,48,45157,13000,23650,8433,-2,45200,36700,42000,-5,11000,16000,15700,47400,-2,52200,-2,58000,56000,-2,-2,-2,-1,79910,-2,37000,-5,-5
1604,1,-4,3,1,13306,17000,-4,-4,-5,-5,-5,-5,-5,-5,-5,-5,-5,-5,-5,-5,-5,-5,-5,-5,-5,-5,-5,-5,-5,-5,-5,-5,-5,-5,-5
1605,5,-4,3,2,12586,17000,38,42,40773,19800,24580,11547,-2,26200,26000,30000,27000,21600,80000,36050,-3,52050,75100,72000,26050,45600,43000,62776,80000,78600,78100,75727,83300,89000,87965
1606,5,-4,3,2,5759,8300,73,58,52053,8900,10000,15000,33822,44250,38080,34500,22000,26400,50025,60050,86400,80200,97200,76000,-2,-5,-5,-5,-5,-5,-5,-5,-5,-2,-5
1607,5,-4,3,2,7599,16200,57,54,48830,13500,12686,8145,12019,11632,14700,16000,21000,19000,17045,24300,31400,32000,33000,31000,33970,38000,28020,19000,47500,41388,43660,46800,53000,51400,70000
1608,5,-4,3,2,8075,24792,52,54,58110,10444,14375,19555,15746,-2,14449,17430,27860,8148,24875,23700,25871,26860,37000,39819,42740,49620,41000,27512,162747,-5,-5,-5,-5,-5,-5
1609,5,-4,3,2,9600,10350,51,50,43768,15400,17137,15000,26500,-2,18000,23000,19000,24000,27020,25000,25000,30100,44984,43200,60720,92800,73200,76000,81964,-5,62096,126400,-5,-5,-5
1610,5,-4,3,2,6920,-3,28,32,29107,7000,1050,5850,16296,15816,17404,21500,28000,27300,26500,26200,30100,30700,38580,43760,47000,-2,50000,95000,63000,64000,81000,87440,90000,85500,60000
1611,1,20000,3,1,20000,20000,66,73,80297,22000,40000,5500,21000,13500,31850,34000,33060,30030,-2,37085,37000,36520,33850,47800,60000,-5,-5,-5,-5,-5,-5,-5,174000,185000,235000
1612,1,11200,3,1,11200,10000,62,57,66377,1000,10334,8580,9800,8800,7296,8546,15285,18005,16000,15229,13458,-5,-2,37500,33000,9200,22524,-5,-5,-5,-5,0,-5,-5,-5
1613,1,11200,3,1,11200,10000,43,51,61013,13000,25000,20000,-2,8411,12000,10100,-2,5300,-2,-2,47000,64367,60686,-2,11000,-5,-5,-5,-5,-5,-5,-5,-5,-5,-5
1614,1,10000,3,1,10000,-5,-4,-4,-5,-5,-5,-5,-5,-5,-5,-5,-5,-5,-5,-5,-5,-5,-5,-5,-5,-5,-5,-5,-5,-5,-5,-5,-5,-5,-5
1615,5,10000,3,2,10000,-5,-4,-4,-5,-5,-5,-5,-5,-5,-5,-5,-5,-5,-5,-5,-5,-5,-5,-5,-5,-5,-5,-5,-5,-5,-5,-5,-5,-5,-5
1616,5,-4,3,2,15000,-3,93,87,83875,11500,19000,18320,12165,10185,13180,24020,29015,31050,34150,34020,38030,43000,45030,43360,41000,40000,58000,57000,31000,22025,32241,34140,28800,28400,37200
1617,5,20000,3,2,20000,-3,35,28,21965,-3,15320,7158,10751,14520,2520,-2,15000,20000,12000,27017,24756,27000,36000,25000,26000,28468,37000,97400,34000,31000,25000,24000,28000,32000,-5
1618,1,19000,3,1,19000,3186,65,62,68017,6341,28000,5210,9930,9734,9160,15000,12612,-2,18000,36033,-2,39186,40192,49000,-2,0,-2,-2,-5,-2,50000,40805,-5,-5,-5
1619,1,50000,3,1,50000,-3,59,57,58937,4000,8000,15000,14000,15290,-2,32000,32010,32100,50005,159805,839078,-2,189918,78000,95500,89000,164800,54000,220000,-5,-5,-5,-2,159000,-5
1620,1,-4,3,1,4840,8400,87,84,61849,7000,31000,38000,-2,-2,43000,-2,56000,1057448,-3,159805,839078,160097,-5,-5,-1,-5,-5,-5,-5,-5,-5,-5,-5,-5,-5
1621,5,50000,3,2,50000,75001,91,89,87899,75000,75,75001,-2,-2,-2,350,5234,9400,18100,-2,36900,-2,-1,-2,26040,69,30590,34075,36062,38150,38650,41050,48000,49000,78300
1622,1,23000,3,1,23000,11000,75,70,55357,25000,23000,7600,9800,6200,7200,16000,20000,32100,30000,40030,35010,-2,23875,47440,78040,100000,66850,45000,60100,75000,65010,78735,170000,150000,150000
1623,5,50000,3,2,50000,7190,89,99,99819,15264,19490,21800,20775,-2,100000,75030,-2,-2,6105,12224,12645,11720,14276,15152,16510,19037,13036,12462,1542,1440,6000,5000,11466,22668,25242
1624,5,-1,3,2,-1,-3,99,99,99486,40000,-2,-2,5983,6187,75000,-2,16300,25425,60200,66500,74500,73400,84000,110400,125400,171000,201000,408473,479983,75400,212000,497763,595986,922631,766958
1625,5,-1,3,2,-1,-3,84,87,92670,-3,-2,-2,-2,2086,6350,2905,4000,17480,24300,22762,43400,47200,28700,-2,64371,86683,77300,90180,211545,-2,-5,-5,-5,-5,-5
1626,1,23000,3,1,23000,32000,98,96,96046,11400,56000,75000,1420,26900,4000,34300,2000,18040,30700,40200,40025,49600,47040,47200,47600,90000,56000,71000,73600,68000,70030,93000,90000,95000,126000
1627,1,23000,3,1,23000,32000,24,27,36485,11400,29000,28000,1250,7228,8892,9108,9600,9800,7534,9000,6000,4000,4345,11000,20000,-2,16000,8000,21600,-2,-2,23000,-2,11150,2098
1628,1,16800,3,1,16800,20000,59,66,59202,30000,25000,5200,13800,16700,19100,19700,21400,21350,23000,26500,31000,29100,28200,31000,36100,38200,43500,48000,49800,53110,64050,68200,91000,50000,94600
1629,5,16800,3,2,16800,20000,53,59,65439,30000,15966,30505,19089,20276,34100,40050,47444,50842,57200,70200,69250,71440,78928,80402,91900,76260,113500,-2,156500,-2,120650,110650,143500,156600,171200
1630,1,16800,3,1,16800,20000,55,71,74216,30000,25000,19000,4400,18000,50000,31508,17300,37000,36520,43500,41815,53790,49000,-2,49000,52275,33000,48000,49000,120200,105000,68800,64350,105020,-5
1631,1,23000,3,1,23000,30000,98,98,96226,10390,15004,16767,20255,19965,17783,16010,10200,24892,-5,15064,16570,23128,29800,56300,65426,103767,100546,96364,98000,153000,148700,150500,150000,-2,145000
1632,1,23000,3,1,23000,30000,96,99,98630,35813,42000,4502,6502,7644,-2,11000,28000,42560,45000,51000,54040,56400,60086,85000,78000,53000,66000,74000,119485,144050,140300,174800,239000,220050,255000
1633,5,23000,3,2,23000,30000,79,71,86213,35813,30000,-2,2270,-2,2400,2315,3000,6000,2326,35000,-2,45000,51100,61070,52020,85000,96000,97000,100500,172500,171000,173000,189000,143000,130000
1634,5,20958,3,2,20958,24903,94,96,97825,-3,35000,47000,44000,25150,31600,26921,38760,45841,-2,48310,57750,73120,78750,86125,100500,75300,92000,99378,111696,136624,166776,253798,196663,189219,205620
1635,1,20958,3,1,20958,24903,39,41,53399,-3,35000,13502,13750,13840,16883,38602,42600,43622,15912,17923,19015,19962,21008,18008,22020,21120,39600,40000,66368,59850,50343,58709,71880,66378,76570
1636,1,20958,3,1,20958,24903,40,39,49697,-3,35000,47000,44000,-2,24030,37040,16020,45015,18044,-2,45022,58030,65140,35017,61400,67080,48100,46000,56000,64000,44000,63500,74000,155500,79000
1637,1,30000,3,1,30000,34000,49,53,60861,35000,35190,11420,25513,16240,12740,16300,20000,21575,25500,28030,29000,18075,-2,66000,11000,-2,36000,39000,48000,72000,45000,22000,86000,17000,60000
1638,5,-4,3,2,16500,15900,81,77,75843,12300,-2,75001,10741,18000,24242,28418,-2,30950,25050,26800,48100,58036,-5,-5,45120,57100,71000,51800,52500,36000,19500,66000,83000,0,55000
1639,5,50000,3,2,50000,30000,98,97,93451,-3,300,25000,26000,14745,14000,20400,23250,23250,21500,25580,28000,57040,93283,158000,244343,171000,9800,207900,201700,190800,252000,167000,176100,200600,250200
1640,5,-4,3,2,6085,5798,65,61,51871,12000,-2,20000,22180,22400,24404,-2,-2,-2,-2,37700,-2,39062,34449,33000,36300,36770,39860,43300,48000,39658,53000,64078,63000,77200,-3
1641,4,-4,1,1,11000,12915,85,77,62029,22725,28600,26500,25300,26700,27000,22482,28000,20200,51600,31200,10200,28200,-1,35400,46000,58000,77000,68000,112000,-1,-1,150000,-2,-2,-3
1642,8,6000,1,2,6000,5000,4,3,1532,15000,-2,14300,14400,17200,10700,12000,32000,33000,53000,60000,60000,40000,19500,-2,49000,53000,37000,49000,75000,19000,21500,22000,41000,72806,46075
1643,4,5000,1,1,5000,5000,-3,-3,471,12000,-2,-2,-2,-2,16000,18000,18000,12000,16000,24000,-2,30000,12000,20000,-5,-2,40000,134000,57000,109000,59000,81000,79000,98000,88000
1644,4,12000,1,1,12000,-3,38,35,43409,75001,25000,19000,20000,30000,30000,34800,51200,43000,42700,51700,37868,55900,-2,29300,-2,-2,27000,-2,60320,14920,-2,-2,7412,57232,12936
1645,4,12000,1,1,12000,6000,16,17,16378,8000,15000,21010,21347,16102,4200,32000,-5,-5,52000,51000,32000,-5,31680,47000,43000,55399,-5,-1,-5,51000,14000,-5,51200,52000,50800
1646,8,-3,1,2,-3,20000,14,14,21105,20000,30000,-2,33926,46000,30000,-2,-2,62000,38000,43000,45000,30000,33000,35000,36000,0,40000,44000,44000,52000,96000,75200,81676,82000,68000
1647,6,6200,3,2,6200,-3,49,41,42266,8000,12836,6620,6400,10376,-2,-2,0,-2,12015,12480,11000,11495,11000,7200,15000,10000,-5,-5,4000,14000,13000,1729,-5,13000,-5
1648,6,6200,3,2,6200,-3,14,5,2274,8000,14216,6620,-2,10376,-1,18120,-2,-2,-2,14200,18000,13616,-2,17500,10000,8160,-5,-5,24960,36000,38400,45600,-5,-5,-5
1649,8,-2,1,2,-2,25000,5,4,2532,16000,13000,17000,-2,10112,18636,12348,-2,7440,-2,11988,10356,-2,-2,-2,10128,11052,0,4800,3600,13596,13632,13908,15437,18250,11700
1650,8,-2,1,2,-2,25000,10,10,13431,16000,13000,17000,-2,9040,13356,17622,-2,-2,-2,16600,-2,-2,-2,-2,1260,6060,-2,8550,17500,-2,44000,21000,21000,23000,23000
1651,4,24000,1,1,24000,20000,71,71,71136,23000,38000,34000,35000,13038,36020,51200,62500,51300,56100,64300,77000,85500,189918,115300,244343,182000,209000,88000,258000,454737,440692,497763,270000,290000,340000
1652,5,-1,3,2,-1,25000,91,89,94422,31000,-1,52000,4000,10152,26800,28100,32150,32100,35030,37020,-2,-2,49550,57500,-2,9483,70000,-5,-5,-5,-5,-5,-5,-5,-5
1653,1,45000,3,1,45000,60000,83,84,60385,1700,15000,23000,24000,19000,35100,60200,71000,-2,77000,87000,72000,57000,-2,50500,102200,-2,143000,151000,223305,105000,93000,174000,146000,160000,135000
1654,1,-1,3,1,-1,-3,68,57,47119,-3,-2,46525,14000,22296,24252,28000,41000,40000,35419,38565,36653,41323,50000,-2,32500,18000,47400,30567,48000,-2,-5,-5,-5,-5,-5
1655,5,-3,3,2,-3,-3,58,55,42639,-3,-2,13600,14125,35400,33472,-2,43636,40288,38000,47000,-2,51825,53430,43075,-2,69000,63400,80730,173800,196140,190005,497763,220500,139500,233400
1656,5,60000,3,2,60000,5952,59,50,51885,10239,10000,12004,10000,25000,25757,11770,14480,-2,-2,71000,34800,50200,53300,-2,244343,77100,90000,36000,81000,-2,51100,48125,63100,65000,48000
1657,5,60000,3,2,60000,25000,89,87,91394,40000,20000,25000,22000,-2,31902,35000,31604,28400,25220,42024,35080,-2,-2,49139,47228,56946,62000,54659,60203,63808,-2,80000,90000,79731,83284
1658,5,60000,3,2,60000,25000,86,95,95760,40000,20000,-2,12280,14880,15000,17483,20311,22000,21660,21000,-2,46479,-2,-2,47533,49300,42833,52000,57420,65000,55000,66000,64100,28000,40000
1659,1,60000,3,1,60000,25000,49,53,61986,40000,20000,25000,22000,20000,40000,51000,55080,25000,57400,58000,35000,-2,-2,38000,32000,45000,10000,85,26000,34000,38000,43505,-1,-1,19800
1660,1,-2,3,1,-2,35000,24,25,20299,49300,-2,-2,-2,-2,15000,12000,22000,-2,-2,-2,-2,37200,-5,-2,-2,27300,-5,-5,-5,-5,-5,-5,-5,0,24000
1661,5,-2,3,2,-2,8400,13,21,26343,11220,-2,18000,55000,-2,15000,2000,-2,3000,0,-2,-2,1332,-2,-2,8000,-2,21000,-5,-5,-5,-5,0,8340,1558,-3
1662,5,-2,3,2,-2,41000,62,47,60474,3605,16400,18125,28579,23656,-2,-2,92000,23000,21399,28400,19416,9992,11088,10838,17900,13800,11974,7272,150201,152372,2004,7260,15840,-2,-3
1663,4,-1,1,1,-1,41000,23,26,36896,49300,3400,-2,5000,50000,30000,100001,15800,7000,20980,36400,7944,44445,18500,110300,18000,101508,28000,19448,15720,6800,9600,9632,37684,41328,76360
1664,4,-1,1,1,-1,25000,14,19,19718,25000,41780,42000,41000,40000,20000,100001,-2,1057448,146942,-2,41000,-2,18000,20000,-2,-1,-5,-2,25000,-2,-1,-2,27000,-2,0
1665,4,-1,1,1,-1,25000,74,73,83224,40000,41780,42000,41000,-2,-5,-5,-5,-5,-5,-5,-5,-5,-5,-5,-5,-5,-5,-5,-5,-5,-5,-5,-5,-5,-5
1666,8,-1,1,2,-1,25000,13,8,6066,40000,41780,42000,41000,60000,33800,36350,35000,30000,30010,32000,39020,35000,36500,77250,51000,54000,88000,118900,39000,62000,115000,52000,54000,82000,146000
1667,1,8000,3,1,8000,-3,40,46,65989,-3,6600,8932,-2,8000,18000,-2,39000,41000,37000,48200,47100,-2,14500,-5,24000,16000,-5,25000,-5,-5,-5,-5,-5,24396,16248
1668,4,24000,1,1,24000,14000,58,48,49464,4426,60000,-1,-2,-1,89000,4184,-2,-1,26200,-1,31112,-2,-1,40000,48000,82000,97000,-1,-5,-1,-1,-1,-1,-1,766958
1669,4,24000,1,1,24000,42500,63,76,84474,57000,60000,-1,-2,-2,16050,32250,31237,-5,-5,-5,84900,-5,-5,-5,-5,-5,-5,-5,-5,-5,-5,-5,-5,-5,-5
1670,1,45000,3,1,45000,49000,94,94,96168,53000,55000,4805,6102,6000,-2,31005,100001,1057448,146942,159805,839078,50880,67975,77575,75640,110500,59500,81820,125000,213001,-2,172625,125200,142200,150500
1671,5,34000,3,2,34000,32000,77,73,73417,45000,-2,45771,-2,-2,-2,44000,-5,-5,-5,64820,67400,63375,-5,-5,-5,-5,-5,-5,-5,-5,-5,-5,-5,-5,-5
1672,1,34000,3,1,34000,32000,58,53,69784,50000,40000,55000,75001,25020,-2,56304,100001,32150,146942,-2,15000,32000,-2,122000,-2,-2,-2,38000,-5,-5,-2,40000,-2,120000,54000
1673,1,24000,3,1,24000,14500,26,31,29823,-3,22000,24600,16700,-2,-2,3800,-2,-2,-2,3200,11470,4032,3272,-2,0,1500,7000,0,10000,20680,14779,16724,-2,30476,-3
1674,5,24000,3,2,24000,300,17,13,18407,5000,22000,24600,3547,3496,22000,-2,-2,-2,4155,-2,23200,-5,10911,-5,10776,19680,-2,5600,7200,10000,18538,0,2400,-5,-5
1675,5,-2,3,2,-2,20000,89,84,81370,42000,-2,16080,-2,-1,48264,-2,59500,63550,77100,80821,89139,97688,90040,98100,90200,105022,135700,153000,189750,207000,209000,-2,252000,-2,262000
1676,5,-2,3,2,-2,20000,80,86,91124,42000,-2,-1,-1,56292,37611,47500,55400,57550,50040,48451,51800,73460,68548,75450,-2,-2,-2,126100,125500,125175,-2,146300,-2,189771,203000
1677,1,-2,3,1,-2,20000,56,58,70900,-3,-2,-1,-2,-2,-3,20200,58300,59400,53875,66500,64756,42219,42500,52000,50500,59000,72500,86200,99200,111700,93200,115500,122700,154100,156150
1678,1,45000,3,1,45000,65000,86,95,93133,35000,-2,66000,25900,-3,91300,-5,-5,-5,-5,-5,-5,-5,-5,-5,-5,-5,-5,-5,-5,-5,-5,-5,-5,-5,-5
1679,1,45000,3,1,45000,65000,58,61,63569,10000,11700,23500,35000,-2,-5,-5,-5,-5,-5,-5,-5,-5,-5,-5,-5,-5,-5,-5,-5,-5,-5,-5,-5,-5,-5
1680,5,-2,3,2,-2,18500,44,35,36938,28371,23000,29858,33792,-2,-2,41012,-2,-2,-2,-2,-2,-2,-2,-2,38300,2400,30000,35000,37752,45400,46090,79980,107000,-2,26000
1681,1,-1,3,1,-1,2021,49,53,57385,8300,4900,9100,13750,26200,21000,25300,60000,70000,-5,159805,96000,160097,100000,-2,244343,-5,-5,-1,-5,-5,-1,0,-5,-5,-5
1682,1,18000,3,1,18000,34000,28,42,39965,22000,15000,4776,-2,9500,8500,40000,40996,42996,-5,40000,19760,90280,38000,95000,48000,-2,27800,14626,29900,19488,15120,22560,24052,85760,52196
1683,5,-1,3,2,-1,24020,-4,-4,-4,30600,25100,31400,23600,36200,42350,57030,52100,59200,70000,70000,79200,80100,80200,61600,92100,115000,136000,-2,104000,-5,128000,162000,148000,140000,150000
1684,1,9000,3,1,9000,500,17,13,9501,9704,15000,15000,-2,-2,10000,-2,-2,-2,0,0,8640,-2,-2,19000,-5,-5,-5,-5,-5,-5,-5,-5,-5,-5,-5
1685,7,7032,2,2,7032,4620,13,19,12831,1570,9611,5100,8712,-2,6480,13755,12000,15500,15936,18000,23000,23600,26200,25000,31981,31984,0,0,34000,28000,47000,36000,17719,25200,-3
1686,3,7032,2,1,7032,2661,7,8,13896,785,-2,2120,7800,-2,1000,600,1041,-2,-2,-2,-2,-2,-2,-2,-2,8656,16000,-2,0,10800,23100,10020,10236,24320,28560
1687,3,7032,2,1,7032,2500,1,1,320,876,-2,0,900,-2,0,-2,-2,5536,-2,-2,-2,8528,-2,7236,-2,9772,0,-2,8740,0,0,9072,10248,24600,11260
1688,7,-4,2,2,1050,2436,2,4,4370,2406,-2,7774,3048,11000,10400,1000,600,-2,0,-2,-2,-2,-2,-2,7800,-5,-5,-5,-5,-5,-5,-5,-5,-5,-5
1689,8,-2,1,2,-2,10000,24,18,17974,16000,17880,18000,-2,18000,-5,-5,-5,-5,-1,28340,-2,-5,-2,-2,31000,46100,-5,-5,-5,-5,-5,-1,-1,-1,-5
1690,8,-2,1,2,-2,5000,12,8,10018,-3,8000,10000,9000,6000,8110,6000,24000,13800,15000,13000,10000,22000,23000,23000,65000,78800,58000,66000,67000,0,-5,-5,-5,-5,-5
1691,8,-2,1,2,-2,-3,9,14,8827,-5,8000,11000,29000,14000,27000,28000,18197,-2,31200,37100,54090,-2,-2,-2,-2,9240,-5,-5,-5,-5,-5,-5,-5,-5,-5
1692,4,-3,1,1,-3,-3,6,11,7715,-3,8000,13000,18550,18000,40000,45040,87788,-2,-3,35784,-2,-2,41000,34000,38100,-5,-5,-5,-5,-5,-5,-5,-5,-5,-5
1693,4,-2,1,1,-2,11500,7,6,12322,11000,-1,30000,-2,15940,20015,27050,-2,23040,32500,-2,93000,32000,24000,24000,35000,36000,47000,45070,-5,-5,-5,-5,-5,-5,-5
1694,8,-2,1,2,-2,-3,7,7,5542,10000,19000,14780,-2,21000,-2,-2,37000,-5,35000,-5,-5,27000,-5,-5,-5,-5,-5,-5,-5,-5,-5,-5,-5,-5,-5
1695,4,5760,1,1,5760,3640,3,6,7259,-3,-2,-2,-2,12000,-2,-2,-2,-2,1940,13216,18160,-2,-2,38000,-2,-5,-5,-5,-5,77000,45720,16640,14300,3000,-3
1696,4,-2,1,1,-2,18000,16,18,17369,-3,-2,-2,-2,40000,-2,-2,-2,28000,50075,54400,53000,-2,-2,-2,-2,42000,30000,39000,55000,67000,68400,-2,67900,66000,65000
1697,4,-2,1,1,-2,30000,23,23,27193,50000,-5,-5,75001,33570,36000,12040,24100,24000,28200,15400,-5,30500,-5,-5,-5,-5,-5,-5,-5,-5,-5,-5,-5,-5,-5
1698,4,-2,1,1,-2,18000,13,8,12721,-3,-2,-2,-2,-2,-2,-2,-2,1057448,27000,-2,-2,-2,31000,35000,-2,20998,7200,-2,15816,14400,15600,14400,14556,75360,17000
1699,8,-3,1,2,-3,18000,27,18,22942,-3,7000,-2,-1,-5,-5,-5,-5,-5,-5,-5,40000,-5,-5,46080,74000,-5,-5,-5,-5,-5,-5,-5,-5,-5,-5
1700,4,-2,1,1,-2,-3,52,57,52362,-3,-2,52000,-2,18200,18200,35300,33200,40300,42075,46730,48150,37300,37000,45100,44000,45000,-5,-2,70000,80500,75300,-5,80000,90100,36000
1701,4,-2,1,1,-2,26400,-4,-4,-4,56000,42000,43100,70000,37200,-5,-5,-5,-5,-5,-5,-5,-5,-5,-5,-5,-5,-5,-5,-5,-5,-5,-5,-5,-5,-5
1702,4,-2,1,1,-2,12800,34,35,34645,25000,23000,19500,-2,30000,42000,40000,44000,48000,83000,72600,88500,70000,90000,83200,109200,115400,-5,100000,120000,120000,-5,115000,110000,110000,130000
1703,8,24000,1,2,24000,30000,41,33,43083,31000,33000,34000,47000,55000,65000,91450,14150,17000,22100,24000,-1,-2,-1,-1,-1,-2,-5,155000,117080,-1,-1,-1,-1,-1,-3
1704,8,-3,1,2,-3,30000,-4,-4,-4,36000,40000,30500,20000,15425,-5,-5,-2,45500,-2,52000,63720,70000,60150,110000,65000,10000,0,14000,22000,33256,25000,104000,170000,112000,-5
1705,8,-2,1,2,-2,30000,7,6,3733,-3,-2,-2,-2,-1,17400,1000,7944,9372,-5,-5,-5,-5,-5,-5,-5,-5,-5,-5,-5,-5,-5,-5,-5,-5,-3
1706,1,25000,3,1,25000,39000,41,32,21872,30000,-1,-1,15000,-2,-2,-2,-2,35000,25000,21000,18572,22025,-5,-1,-2,-2,-5,-5,-5,-5,85000,-1,56729,-5,90000
1707,5,-1,3,2,-1,1400,81,71,72599,5819,7103,12816,14030,18300,18250,13750,19500,18500,19900,22500,27600,45644,52400,122464,-2,332808,213700,408473,479983,454737,440692,-1,595986,-1,388000
1708,1,-3,3,1,-3,-3,74,86,76350,-3,10000,-2,-2,-2,18200,-2,-2,13000,10000,12000,-2,18000,27400,23000,50000,60000,64000,66600,37000,-2,-2,37400,45600,49260,405500
1709,1,-2,3,1,-2,-3,78,88,96230,75000,-5,-5,-5,-5,-5,-5,-5,-5,-5,-5,-5,-5,-5,-5,-5,-5,-5,-5,-5,-5,-5,-5,-5,-5,-5
1710,1,-4,3,1,-3,800,58,64,68547,2400,-2,10600,2000,17250,10100,10000,-2,9684,15000,20800,19010,24700,40988,38000,55000,71800,-2,62469,60000,79000,95000,74587,77331,103636,89903
1711,5,20000,3,2,20000,25000,-4,-4,-4,33000,22500,30000,36480,46200,60000,60650,50150,11175,11200,-2,5300,1410,-2,1550,-2,36987,36471,45314,800,-2,25674,22409,35577,37966,-3
1712,5,20000,3,2,20000,25000,98,93,95513,33000,17600,21673,22900,22820,25856,22200,-5,27900,33000,31700,33200,35520,46620,52000,44500,27587,46800,45400,53829,63183,69580,63414,61600,61565,89044
1713,7,27000,2,2,27000,35000,71,72,73632,7400,4450,2400,7950,12000,16000,15100,13038,2000,0,36000,40000,41500,-5,-5,-5,-5,-5,-5,-5,165000,0,-2,17252,9200,9500
1714,7,-4,2,2,200,1500,3,4,3804,1000,4528,7072,-1,20000,9600,15000,-2,20000,12630,-2,13000,-2,-2,7332,27740,23536,41000,15700,1300,8908,22453,9624,10088,24984,10075
1715,3,22000,2,1,22000,-3,42,56,65144,30000,36000,50000,35000,35000,-5,-5,-5,-5,-5,-5,-5,-5,-5,-5,-5,-5,-5,-5,-5,-5,-5,-5,-5,-5,-5
1716,7,34000,2,2,34000,35000,44,35,39531,50000,46000,52000,75000,11317,12357,12000,12000,17000,-5,-5,-5,-5,-5,-5,-5,38184,-5,-5,-5,-5,-5,-5,-5,-5,-5
1717,3,34000,2,1,34000,35000,55,49,56157,50000,46000,52000,75000,15050,31065,-2,25500,28500,35300,39000,40500,42600,45500,45500,54200,-2,-5,-5,75500,96150,87000,100000,106000,-5,64912
1718,3,34000,2,1,34000,-5,-4,-4,-4,6715,7241,52000,75000,100000,28200,35500,30300,35500,42300,43300,46000,45000,-5,23120,46432,53920,80000,-2,162000,176000,-2,-2,186000,90500,-3
1719,7,55000,2,2,55000,60000,49,53,48050,70000,70000,75001,50000,22000,-2,26800,28000,32000,35000,-2,49000,64000,35000,-2,60000,90000,90000,-2,140000,200000,-5,-5,-1,180000,-5
1720,7,55000,2,2,55000,60000,33,25,25265,70000,70000,0,0,5500,18000,61000,54000,54000,44000,51413,10000,-2,-2,-2,20286,0,50000,85000,120000,120000,145000,119000,141000,155000,310000
1721,4,37000,1,1,37000,-3,17,6,7672,30000,50000,65000,50000,50000,50000,36200,-2,-2,-2,-2,-2,67000,-5,-5,-5,99000,71000,86000,80000,81000,100000,100000,120000,126900,142800
1722,8,10000,1,2,10000,25000,38,30,31652,30000,50000,65000,50000,-5,-5,-5,-5,-5,-5,-5,43160,25000,35000,-2,59500,-5,-5,-5,-5,-5,-5,-5,-5,-5,-5
1723,8,10000,1,2,10000,25000,32,24,22559,30000,50000,65000,30000,50000,-5,17500,-5,-5,-5,-5,839078,-2,39000,-2,68000,-5,38000,-2,-5,-5,47200,-5,-5,-5,-5
1724,4,37000,1,1,37000,-3,20,18,28446,30000,50000,65000,50000,50000,50000,-3,-5,-5,-5,-2,65100,50000,57000,105000,150000,332808,204000,408473,479983,145000,-5,176000,260000,-2,-5
1725,5,15000,3,2,15000,6000,14,10,7182,20000,13240,14880,11300,-2,20000,-2,-2,-2,-2,-2,25000,30000,22000,-2,9900,-2,25000,-2,28000,31800,65915,20400,10714,5028,300
1726,5,12000,3,2,12000,7000,23,20,29948,-3,29000,40000,37000,83000,-2,30000,-5,45200,55200,56840,95040,77000,80000,93000,111000,174100,-5,-5,-5,-5,-5,-5,-5,-5,-5
1727,5,12000,3,2,12000,7000,16,18,36181,25000,29000,-2,12050,14540,17200,27150,43100,68500,58000,37000,30500,34000,43000,56000,48500,332808,390662,150000,200000,250000,440692,125000,150000,-2,200000
1728,4,-4,1,1,20000,14400,11,12,12719,12000,20000,18000,-3,-2,-2,24000,32000,-2,-2,-2,38000,-1,-1,40000,-2,52000,-5,-5,-5,-5,-5,-5,-5,-5,-5
1729,8,-4,1,2,9700,3900,35,27,30508,6744,7152,7296,-5,24200,-5,-5,-5,-5,-5,-5,20000,15738,9958,22001,1500,17000,20000,12290,24000,-2,-2,-2,2400,-2,11328
1730,5,-4,3,2,14000,20388,85,74,66596,12900,21000,12200,9892,37000,45000,16472,18604,23100,54000,50000,54000,58000,67500,55000,71920,0,96077,61000,52000,58200,53200,54000,-5,68282,-5
1731,1,15000,3,1,15000,-3,73,61,77552,-3,-2,-2,30160,42000,60000,44000,42150,-2,20000,20000,27000,-2,-2,0,0,-1,-5,-5,-5,-5,-5,-5,-5,-5,-5
1732,5,14000,3,2,14000,4695,68,70,62993,-3,27100,33184,48550,56200,40900,52160,60140,66600,68500,159805,96000,90100,92000,122230,151600,332808,390662,408473,479983,-5,-5,-5,-5,-5,-5
1733,5,14000,3,2,14000,-3,76,79,84465,10000,-2,22225,75001,20000,54800,76250,90200,1057448,94000,88496,839078,160097,189918,974100,90100,102500,187000,222000,245000,454737,440692,497763,595986,263000,202500
1734,5,-3,3,2,-3,-3,84,84,80413,-3,13700,12000,75001,30600,31644,61700,40400,1057448,146942,51800,839078,43000,82300,68400,79800,80300,80600,85300,91000,178400,79366,115000,-5,-5,-5
1735,5,20000,3,2,20000,-3,60,59,63611,45000,55000,7000,5015,4000,40000,23800,32000,36000,25000,48600,40000,42000,34000,63908,-2,74700,75000,51030,-2,92000,49176,-1,68944,78000,-3
1736,5,20000,3,2,20000,50000,47,52,66802,-3,55000,65000,75001,100000,-2,3000,15000,68500,22025,24000,33050,64000,-2,67000,65000,75000,100000,-2,100000,150000,200000,153000,1800,35000,90000
1737,8,10000,1,2,10000,11246,85,92,92639,15000,4415,7103,6800,5900,9960,8900,8500,24000,36000,45000,67600,63010,55100,-2,-5,55090,76000,-2,120040,-2,-2,-2,-2,47000,50000
1738,5,-4,3,2,6000,12000,67,46,35190,14000,19200,17000,18000,15900,47000,1800,0,51888,85600,65000,14000,3224,52636,-2,-5,-5,-5,-5,-5,-5,-5,-5,-5,-5,-5
1739,1,40000,3,1,40000,50000,89,97,95901,3500,40000,5000,50000,80000,75000,7150,8020,32300,37812,47625,70000,57075,62500,61000,68500,60000,82600,5500,20000,33440,48000,53000,60000,70000,52000
1740,5,40000,3,2,40000,9200,54,50,49857,11243,4000,6000,6000,10000,8000,12000,16000,18000,18730,15080,13800,8400,-2,80000,79000,75200,100000,-2,-2,160000,-2,160000,-2,224000,229000
1741,1,14000,3,1,14000,10600,32,19,26424,9000,6700,75001,10000,-2,-2,6500,-2,17800,-3,10000,14560,0,13315,600,19677,-5,-5,-5,-5,-5,25000,17507,22000,-5,-5
1742,1,18000,3,1,18000,50000,94,94,90258,50000,29100,36800,26600,32100,33520,35000,36020,24000,25020,36020,44100,47500,51000,55050,83200,-5,-2,408473,131350,140500,146500,210200,280150,130000,150000
1743,1,-4,3,1,4800,30000,46,38,37853,-3,-2,3552,9000,25000,-2,25000,-2,2000,9856,13156,2052,20164,-2,24000,-2,-5,-5,-5,-5,-5,-5,-5,-5,-5,-5
1744,1,32000,3,1,32000,75000,57,68,67544,30000,40000,40000,35000,55000,60000,23000,27050,36400,34050,-2,-2,62500,58000,61400,72000,52200,52100,55000,60000,63020,144000,150000,99000,60000,90100
1745,5,38000,3,2,38000,35000,83,79,89799,35000,41000,45000,70000,65000,5100,6545,11500,34015,37232,50891,55000,61200,35750,38200,98000,112000,128000,65000,67000,69000,138000,-2,136000,138000,149000
1746,1,-4,3,1,3715,4001,96,96,96851,3000,2500,4003,4001,50000,4200,24004,26000,12000,12000,32000,36000,36000,80000,-2,126100,151000,-2,218000,236000,250000,440692,497763,595986,335000,385500
1747,5,-4,3,2,1124,974,51,43,46668,6103,4864,4095,-2,3000,8270,13078,25000,26000,21168,11500,13300,15250,21600,17200,28200,32400,56500,60000,42000,15800,31067,35000,17540,13000,-3
1748,1,35000,3,1,35000,-3,78,85,96189,40000,2920,7800,9900,-2,65000,8000,7000,11080,17300,59074,5000,22600,-2,-5,-5,-5,-5,-5,-5,-5,-5,-5,-5,-5,-5
1749,7,-4,2,2,-2,-3,20,27,18993,30,5000,1540,10000,5880,-2,-2,6720,7200,7560,0,-2,0,1803,14712,-5,-5,-5,-5,-5,-5,29340,0,-5,-5,-5
1750,4,7000,1,1,7000,11000,42,42,47189,18176,15000,21500,21000,48000,21000,16692,31000,70000,70024,53400,68000,68000,72000,58000,39800,86000,108000,134000,146000,110000,40480,-2,42000,44400,42000
1751,8,7000,1,2,7000,11000,12,8,4888,4000,13370,8300,6000,18000,25000,26000,27000,32000,34000,35000,29000,16000,6043,26526,17140,25500,28000,32000,35000,34000,40000,38000,-2,45000,45000
1752,8,7000,1,2,7000,11000,8,9,13451,11067,15000,8000,15000,-2,11717,17000,23000,22000,-2,5714,-2,16568,21016,20630,27100,29525,30132,13215,25992,21440,-5,-5,-5,-5,-5
1753,3,9000,2,1,9000,23000,10,11,8127,-5,-5,-5,-5,-5,-5,-5,-5,-5,-5,-5,-5,-5,-5,-5,-5,-5,-5,-5,-5,-5,-5,-5,-5,-5,-5
1754,7,9000,2,2,9000,12000,6,5,5521,11800,6254,25900,35000,30000,-2,-2,-2,-2,-2,12700,20000,-2,39000,-2,-2,12000,-5,0,50000,10800,31200,60800,-2,-2,12000
1755,3,9000,2,1,9000,25000,34,27,37067,15000,12000,12000,35000,30000,50000,28000,7000,-2,-2,-2,-2,-2,-2,-2,-2,13940,-2,68000,61000,-2,147568,38900,15120,15408,16800
1756,4,9600,1,1,9600,7000,84,91,90905,13000,13000,10700,3000,36000,3200,49500,27000,29000,43000,50000,49500,40000,47000,-5,-5,332808,105000,120000,230000,100000,-5,497763,-5,250000,-5
1757,7,-4,2,2,4728,102,-4,-4,-5,-5,-5,15000,13000,14413,21013,20000,-5,-5,-5,-5,22000,-5,-5,-5,-5,-5,-5,-5,-5,-5,-5,-5,0,-5,-5
1758,7,25000,2,2,25000,30000,10,8,5654,30000,40000,19000,-1,1200,1556,1800,19000,28000,-2,39000,43000,22000,21400,22000,-2,22000,96000,27000,18600,38000,38000,53000,54000,63000,56000
1759,3,-2,2,1,-2,5500,16,12,9773,6500,1649,11000,10000,25500,3900,2000,9364,8880,-3,-2,19740,11832,15752,13000,54000,13000,37200,34000,43000,52000,-1,-2,20300,-2,-3
1760,7,-1,2,2,-1,7700,1,1,756,-3,30000,24788,-3,15000,7900,23200,836,35184,10340,5900,2000,42000,22340,-2,-2,19600,-1,-2,92000,-2,-2,-2,108000,62000,42000
1761,1,-1,3,1,-1,-3,49,36,50011,-3,8100,-2,-1,50000,18000,22000,27500,38000,36100,41010,39000,52500,-5,-5,-5,-5,-5,-5,-5,-5,-5,-5,-5,-5,-5
1762,1,-1,3,1,-1,-3,15,19,25485,-3,-2,-2,-1,-2,-2,-2,-2,-2,20550,-2,839078,-5,90300,-5,87000,110480,80000,-5,-5,-5,-5,-5,-5,-5,-5
1763,4,17596,1,1,17596,25000,57,69,69733,6920,7400,8600,8000,7000,4720,3471,8200,13800,4085,8500,4680,12000,18800,21000,46000,30000,41137,49700,67000,131000,127300,140000,140000,72000,81000
1764,1,38000,3,1,38000,36000,13,21,42424,-3,1500,3000,-5,7600,20000,-5,14360,10000,20000,-2,30000,25007,26010,31017,27002,46000,-5,-1,39000,-1,46336,-5,-5,-5,-5
1765,1,60000,3,1,60000,30000,96,90,89216,40000,30000,2520,7510,3210,5015,23002,7500,3802,20000,16620,35080,31236,-2,34870,21000,52000,52000,65000,59010,65000,75000,75500,92000,107020,113200
1766,5,-4,3,2,4022,4447,88,85,78662,5000,10000,-2,13100,19000,-2,21000,-2,22624,21000,32804,42000,58000,189918,110060,150000,14250,27600,14500,18000,20000,16000,34000,46000,68000,60000
1767,1,60000,3,1,60000,30000,74,80,78713,41500,30000,-2,15610,15100,-5,-5,-5,-5,-5,-5,-5,-5,-5,-5,-5,-5,-5,-5,-5,-5,-5,-5,-5,-5,-5
1768,5,20000,3,2,20000,15000,39,40,36710,26000,32200,38000,48000,65000,71000,63004,41000,23416,30750,26000,25010,32144,30000,36742,37000,7000,42000,3000,8000,17000,24000,41000,32000,28000,16000
1769,5,20000,3,2,20000,15000,25,21,27375,26000,32200,21080,21630,20030,19000,21200,23000,30000,30000,30000,34188,34026,19000,-2,24224,24700,51188,63500,61068,57050,60056,69965,75080,66000,152550
1770,5,19000,3,2,19000,8055,-4,-4,-4,-3,22000,-2,-3,-2,15000,20000,-2,-2,35000,40780,48000,-2,50000,38360,33000,52000,48400,56650,66196,68868,69000,-2,-5,60000,-3
1771,1,19000,3,1,19000,-3,-4,-4,-5,-5,-2,-2,15000,12161,-5,-5,12000,10060,-2,39164,-2,-5,-5,-5,-5,-5,-5,-5,-5,-5,-5,-5,-5,-5,-5
1772,2,3360,3,1,3360,6000,17,14,14380,6320,2400,25600,6600,4800,-2,6500,11100,-2,998,2270,700,922,8452,8748,15360,8040,0,9600,10632,7632,9004,9960,1764,-2,18000
1773,1,8000,3,1,8000,9000,98,97,96768,12600,18000,12690,14628,10573,17000,13480,9000,11000,11000,-5,-5,-5,-5,-5,-5,-5,-5,-5,-5,-5,-5,-5,-5,-5,-5
1774,8,21756,1,2,21756,49472,26,29,28644,42000,-2,34000,29000,-2,-2,18000,-2,-2,-2,-2,-2,-2,65000,49000,45000,48000,-5,70000,78000,82000,101780,80000,90000,85000,110000
1775,8,27000,1,2,27000,20000,32,27,35079,18000,342,-2,44944,28000,5988,6078,24000,-2,23000,26335,37171,21000,25000,24000,43443,-1,-2,-2,101000,87000,-5,103800,-5,-5,-5
1776,5,12000,3,2,12000,12000,30,45,50946,-3,6100,15277,24000,12000,18250,19000,23000,-2,-2,24000,23403,25077,23640,45400,40500,36050,-2,72610,88020,-2,166100,135100,90600,178030,209050
1777,1,12000,3,1,12000,8000,78,62,59015,9000,9200,22500,24100,19100,20000,13000,15000,98000,146942,35200,37000,34000,-5,-5,-5,-5,-5,-5,-5,-5,-5,-5,-5,-5,-5
1778,5,-4,3,2,12312,14568,55,45,46099,18940,18000,27369,34867,40435,38500,53000,10000,-2,10920,11000,11220,10500,46160,15328,22878,18000,34336,45000,8000,16000,10212,3000,0,0,0
1779,4,18000,1,1,18000,22000,23,24,28861,40000,-2,42000,-2,35000,32000,38500,-2,-2,41000,16012,12000,25892,61600,63001,73000,80960,78000,55000,86000,106000,98000,115000,107000,136000,62000
1780,1,16000,3,1,16000,20000,74,77,73734,12000,14000,26000,20000,10000,-2,10100,13860,16600,26720,23360,25912,27600,25000,26200,25200,26400,21000,29000,50000,60000,55000,60000,56935,30500,32000
1781,1,-4,3,1,4000,30000,65,53,39081,30000,30000,-2,16010,48000,46000,30500,52040,31500,64400,159805,19200,40200,45000,57000,20000,-5,45000,75000,141200,75300,65600,95000,89000,110000,99000
1782,4,-1,1,1,-1,32000,51,58,70068,58000,35000,22000,51005,-5,-5,7000,-2,-2,11000,12000,13000,13100,13400,13300,8700,3200,-5,-5,-5,-5,16000,-2,-5,-5,-5
1783,1,6000,3,1,6000,2500,7,6,2479,3036,51280,23150,25000,-2,11100,9600,1500,19000,-2,730,0,-5,0,26400,-2,4160,10000,-5,-5,-5,-5,-5,-5,-5,-5
1784,1,5000,3,1,5000,18000,62,77,81518,-3,28000,45000,-3,31061,4500,2700,17000,-2,9100,20000,12490,26303,20670,26240,47800,60000,78020,-2,70000,-2,-2,144852,105800,124000,134000
1785,5,6000,3,2,6000,3720,10,8,9875,8440,-2,12098,-2,9194,16000,-2,30000,26000,16200,1200,9040,11808,21264,25900,29890,56316,-2,23900,29000,27000,37000,45000,38000,47000,122000
1786,5,6000,3,2,6000,12000,25,25,37054,10000,18800,28000,30800,35900,40700,63000,-3,48000,62000,43400,-2,54630,51600,56700,-2,60000,67000,81000,126800,158000,106000,112000,95000,105000,50000
1787,5,10000,3,2,10000,10889,30,37,47805,16500,11200,3780,7440,15000,14000,14500,17145,-2,2200,10010,16060,14584,47122,75040,73020,83030,104000,104000,108500,56000,62000,47399,30000,33000,30000
1788,1,18000,3,1,18000,20000,62,59,77653,21000,-1,30000,38000,44000,-2,51340,-2,52230,20450,27400,29248,34600,29988,33040,32120,36600,-2,48650,61092,61700,70650,74000,86500,-2,319000
1789,5,16500,3,2,16500,-5,-4,-4,-4,0,14940,19000,28000,45000,17400,54200,17750,27000,36860,83100,839078,-2,189918,-2,244343,-2,-5,-5,-5,-5,76000,-5,-5,-5,220300
1790,1,8800,3,1,8800,18000,59,65,71533,15000,56404,58000,75001,13000,2000,10010,10264,12000,13000,12000,14510,27800,20541,18700,30000,38000,37000,47000,48000,53000,40000,76044,80100,57400,57000
1791,1,27000,3,1,27000,-3,47,59,62787,40000,40075,45000,58720,-1,-2,36000,-5,53050,56500,54000,-5,-5,55100,-5,-5,-5,-5,-5,-5,-5,-5,-5,-5,-5,-5
1792,1,24000,3,1,24000,21000,76,80,87518,28000,44000,74000,69000,-2,-2,12000,44000,44000,146942,37000,-2,-2,50000,96000,85000,85000,2000,84000,80000,93000,71000,45000,40000,45000,60000
1793,5,-3,3,2,-3,40000,59,61,70892,37000,40000,40000,40000,-2,75000,72500,100001,18000,30000,23000,28000,73000,-2,34000,-2,11500,4000,38100,42000,52000,-5,-5,-5,106000,60800
1794,5,25680,3,2,25680,11700,-4,-4,-4,8600,15700,12416,12000,20300,11392,152,-2,-2,-3,38760,1550,8460,31644,33609,44045,-2,61600,69680,65904,78231,95746,23936,33000,23738,28819
1795,5,-4,3,2,18700,22000,63,49,40415,20000,25000,12000,-2,35000,11785,11100,81500,1057448,87000,159805,839078,160097,128000,104637,147134,332808,205000,200000,217538,230000,238000,245200,269000,279000,312000
1796,1,22000,3,1,22000,20000,57,42,43711,4500,-2,22800,16250,4300,-2,33368,-2,-2,-2,-2,-2,-2,1476,-2,7744,21000,18317,20000,-5,-5,-5,20000,-5,-5,-3
1797,5,-4,3,2,0,22000,51,49,56703,-3,24000,5400,5544,5916,6220,-2,-2,6408,-2,-2,12579,10880,10500,7980,-2,-2,-2,7000,3040,-5,19816,13204,15000,14000,-3
1798,5,21200,3,2,21200,24000,64,77,85903,30000,-2,36500,4000,7773,-2,-2,-2,-2,31500,14000,15600,16000,15600,17000,-2,22000,106300,30000,27100,29600,37500,36000,42000,43500,45000
1799,5,22100,3,2,22100,10000,39,35,49292,29000,40000,20500,39220,-2,-2,-2,62100,-2,83050,95100,91500,-2,98000,115000,-2,179000,157000,160000,-2,3600,457,107200,7200,155000,260000
1800,5,35000,3,2,35000,40000,97,93,92644,42000,45000,13987,14840,15300,18300,20000,23600,23500,-2,23000,27000,27030,28050,12600,4000,4000,20000,-5,-5,-5,40000,-2,-2,82000,80000
1801,5,-4,3,2,-2,7946,90,79,82873,9285,13000,16416,16002,-2,-5,4000,1800,2000,-5,2000,-5,-5,-5,-5,-5,-5,-5,-5,-5,-5,-5,-5,-5,-5,-5
1802,1,40000,3,1,40000,30000,65,71,77562,-3,52000,-1,-2,75000,75000,10000,11000,13842,12000,12425,24299,-2,16273,-2,-3,17500,25000,32710,27915,26013,23113,31620,30816,52898,-3
1803,5,22000,3,2,22000,18000,73,73,70548,28600,35000,4600,1500,14000,6131,-2,45000,49500,73000,64000,-2,71140,63500,67491,86000,-2,-2,188000,36300,78500,95400,93600,87350,97000,147000
1804,5,40000,3,2,40000,40000,98,90,91449,40000,4800,10100,20400,27500,36000,34000,59040,59600,62450,56500,50800,56250,-2,81500,76200,83700,95000,88250,87500,116000,102200,108500,99300,100800,137000
1805,1,40000,3,1,40000,40000,41,46,61837,42000,55000,-1,60000,82000,92000,-2,-2,-2,19100,21105,24050,-2,22000,-2,30100,31500,-2,48500,55000,55000,44466,-2,64284,97000,95200
1806,1,-3,3,1,-3,5000,50,51,55796,6500,-5,15900,15000,18900,22700,17450,29329,36600,41200,45400,52300,68200,69500,4000,36000,33000,-5,-5,-5,-5,-5,-5,-5,250000,-5
1807,4,29000,1,1,29000,28500,25,27,28020,-3,43000,-2,8000,11000,49775,22300,15000,19000,44000,45660,-2,-2,-2,59000,75000,-5,-5,-5,-5,-5,93000,62000,-1,-2,-5
1808,5,-4,3,2,3840,12000,94,90,89408,21000,21295,20000,33500,38000,43000,43000,51000,71000,73000,67050,84020,160097,100000,76000,108000,-2,155000,180000,185000,202000,175000,190000,230000,-5,-3
1809,1,75001,3,1,75001,60000,47,46,53998,75001,50000,-2,50000,22050,6000,23000,13020,-5,82010,38010,60000,38000,60520,54010,75012,92768,52000,188870,124100,140020,88020,-5,-5,-5,-5
1810,1,75001,3,1,75001,60000,49,39,53687,75001,75001,-2,50000,60000,-2,31000,-2,61100,64790,58670,839078,160097,80036,974100,120500,54500,80500,408473,479983,120200,150200,497763,595986,255600,266000
1811,4,8400,1,1,8400,13862,24,22,26227,5000,13184,9000,10555,10320,16353,13560,35000,38800,31200,46880,43968,4580,-2,12648,22800,38000,57800,94000,175000,117000,100000,-2,82000,-5,115000
1812,4,8400,1,1,8400,13862,9,9,16592,9456,13184,9240,11800,4000,26720,-2,25000,-2,19500,15370,17000,-2,-2,25000,34000,50000,63000,61600,70080,32000,-5,43000,83000,89000,95000
1813,1,16459,3,1,16459,8778,14,22,20562,655,1574,13906,5000,7686,16712,9000,-5,15560,19981,23792,11108,25124,20809,21810,28276,36136,16040,-2,29875,20796,-2,9600,0,-5,-5
1814,8,-1,1,2,-1,-5,42,37,36147,-5,-5,-5,-5,-5,-5,-5,-5,-5,-5,-5,-2,32300,38000,46650,40341,-5,-5,-5,-5,55700,-5,-5,-5,-5,-5
1815,8,57000,1,2,57000,-5,-4,-4,-5,-5,-5,-5,-5,-5,-5,-5,-5,-5,-5,56000,48000,56219,59000,58600,65000,38000,-5,49813,63000,56011,85000,103020,65000,78000,154000
1816,8,6000,1,2,6000,4500,19,12,13736,5609,-2,7310,778,8400,-2,10127,8400,9552,11412,10400,19711,13182,5976,0,-5,22000,31000,7000,19000,0,2544,2400,-5,-5,0
1817,4,-3,1,1,-3,-3,38,32,48100,-3,-1,7700,-2,-2,-1,19472,-5,-2,-2,63000,0,39600,16000,20000,30660,38568,36352,10123,-5,-5,-5,0,40000,15000,14000
1818,8,-2,1,2,-2,-3,7,4,3815,-3,-2,28100,-2,39132,10800,-2,-2,-2,-2,-2,-2,11612,-5,-5,-5,-5,-5,-5,-5,-5,-5,-5,-5,-5,-5
1819,4,22000,1,1,22000,21000,83,74,79036,-3,28000,2670,-2,-2,13400,14800,15840,17400,17000,18500,18352,-2,59500,22000,23000,24000,25000,25000,29000,34000,25000,28000,42000,42000,38000
1820,4,8000,1,1,8000,6000,-3,-3,13650,9000,10000,10000,6110,10000,-2,-2,-2,5540,3052,5933,5350,-2,-2,4660,8496,-2,7540,4039,8000,12270,13742,18492,12234,28124,15168
1821,4,8000,1,1,8000,-5,-4,-4,-4,-3,13095,8877,3167,10000,-2,-2,-2,-2,-2,-2,-2,-2,30000,8400,-2,-5,-5,-5,-5,-5,-5,-5,-5,-5,-5
1822,4,10000,1,1,10000,17749,3,5,10564,-3,2946,-2,1797,-2,2198,1150,2600,13000,12000,2800,1881,1332,777,0,-2,2000,9384,3936,1848,-5,-5,950,11460,11880,11880
1823,4,10000,1,1,10000,17749,9,10,28584,12211,-2,75001,-2,-2,14250,5000,-2,12700,-2,15500,21924,-2,-2,16384,7500,-5,8400,9732,0,10116,9720,10032,11832,10692,-3
1824,8,20300,1,2,20300,6044,3,5,6023,3400,8000,9594,-2,-2,3696,6052,4020,27500,-2,33986,39000,57000,52000,43000,45000,69840,7200,37000,32000,41000,39200,38300,14000,40000,0
1825,8,-4,1,2,-3,-5,-4,-4,-4,-3,-2,-5,9912,10481,-5,12752,10691,12252,-2,285,-2,47600,28300,-2,-2,-2,-2,-1,-2,-2,0,-2,-1,0,-3
1826,6,5600,3,2,5600,-3,68,54,62879,8000,-2,18000,-2,55000,68500,73979,82700,83800,83300,91200,93500,160097,189918,112500,126000,120000,136860,228300,243000,162640,95000,84985,302360,15760,209872
1827,2,4582,3,1,4582,32600,55,44,49943,25000,-2,12000,11000,-2,1500,19800,19400,15500,25000,25000,-2,17100,23000,-2,0,-2,-2,17000,24000,-2,57000,-2,20800,14000,12000
1828,6,4582,3,2,4582,4900,10,8,10991,-3,-2,1428,300,2606,12240,5400,17160,4000,3360,7752,14000,414,0,8545,0,3000,10250,0,0,0,28000,34450,33000,20000,39960
1829,7,700,2,2,700,1000,9,9,8102,3107,12900,6133,12352,12060,-3,8640,-5,10320,9552,10679,12072,11604,11786,7142,2400,4780,3285,3605,0,18984,7680,13200,-2,776,10920
1830,3,700,2,1,700,1000,15,17,7878,3966,4406,9576,10176,6689,7534,3500,-5,9250,-2,-2,0,0,-2,0,0,0,-5,-5,0,-5,-5,-5,-5,-5,-5
1831,7,900,2,2,900,1000,21,21,24374,4150,16242,3880,2500,19614,-2,-2,-5,-5,-5,7870,-5,-5,-5,-5,-5,-5,-5,-5,138000,-5,-5,-5,-5,-5,-5
1832,7,700,2,2,700,1000,20,14,16095,-3,5000,-2,-2,-2,-5,-2,-2,-2,-5,-1,-2,-5,-5,-1,-5,-2,0,-2,-5,-5,-5,-5,-5,-5,-5
1833,8,-4,1,2,7800,6000,7,6,2225,9000,6000,5000,7137,11418,8312,-3,13000,14128,34800,31560,28920,30910,33900,28000,27918,27000,7546,27000,30000,23000,26000,16000,21000,13000,24000
1834,8,3560,1,2,3560,-3,21,21,21741,18000,-2,11460,13800,18000,18000,30000,42000,-2,-2,-1,-1,-5,-1,-5,-5,-5,-5,-5,-5,-5,-5,-5,-5,-5,-5
1835,4,5000,1,1,5000,-3,32,27,30175,6400,16000,-2,-2,28000,20916,21000,20000,22500,27000,39900,30400,27550,-2,35000,36000,38000,52000,40000,52000,-2,75000,55000,60000,65000,73000
1836,4,5000,1,1,5000,-3,47,42,51237,7100,-2,-2,-2,-2,14686,-2,-2,13000,-2,-2,25936,25950,25000,-2,40000,35000,40000,50000,50000,-2,-5,1935,-5,-2,-3
1837,4,5000,1,1,5000,-3,23,18,17492,7100,14615,7200,3600,7387,9548,24700,11664,-3,8700,-2,14400,-2,-2,-2,-2,-2,34200,-1,48400,31000,87000,75000,-2,89200,0
1838,8,12000,1,2,12000,12000,18,13,13046,20000,20000,15404,10364,8780,19765,20000,-2,14708,20000,21560,-2,-2,39160,41088,33600,36872,81750,33482,17000,38000,31115,33000,30170,42000,48000
1839,8,12000,1,2,12000,12000,11,5,6120,20000,20000,-2,26000,35000,12000,11000,14200,14585,13244,12934,12000,21000,11200,20718,33001,31000,34400,38000,40000,33000,38444,-2,-2,37000,37200
1840,8,8000,1,2,8000,32195,16,13,22108,25000,15000,18596,12088,5806,3276,6876,-5,7464,7200,7164,7320,7608,7584,14000,15000,7200,0,4800,0,14400,-2,10464,10236,-5,-5
1841,5,25000,3,2,25000,40000,88,92,92678,16650,43200,68500,73000,85000,23665,24000,26980,35300,37300,47000,50500,56400,51000,48000,54000,52000,65000,79000,86000,93000,81550,96000,105000,100000,108500
1842,5,-3,3,2,-3,2600,65,65,74942,30000,50000,65000,10020,10820,14525,14550,16030,17050,48600,53070,35544,55100,49610,54150,-2,69832,102537,108100,0,139500,-2,191300,-2,325800,320100
1843,1,-4,3,1,-3,-3,99,97,93330,-3,31627,35800,36150,42410,93652,50600,53600,56000,49100,53712,64600,53800,55200,79250,91800,100000,119500,149500,479983,454737,440692,-5,-5,-5,-3
1844,5,-4,3,2,11270,-3,96,85,87281,-3,31928,36600,36150,42260,44080,50800,57255,57500,50300,50450,55600,52800,52600,79440,-2,96700,113650,137500,479983,-2,-2,-5,-5,-5,-5
1845,1,-4,3,1,2000,2400,81,68,61673,-3,-5,14000,-5,-5,25200,8200,50,-1,-5,-5,-5,-5,-5,-5,-5,-5,-5,-5,-5,-5,-5,-5,-5,-5,-5
1846,2,75001,3,1,75001,75001,89,87,73252,75001,75001,5300,75001,-5,44000,55000,70000,60000,48000,-1,81000,160097,189918,140000,244343,332808,390662,408473,479983,454737,440692,497763,-5,-5,-5
1847,8,-4,1,2,7000,13271,76,73,74288,29000,20000,-2,7172,40000,32940,32200,25180,25418,28926,31130,36200,38100,49836,29300,30500,37500,48040,69238,68000,81600,86000,89000,235000,107000,112000
1848,8,20000,1,2,20000,30000,35,29,29189,30000,7628,9600,11000,38500,42350,47000,55300,53700,36000,33500,31400,36000,37000,51000,101100,82000,75000,48000,46000,17375,21000,0,0,0,0
1849,5,-1,3,2,-1,-3,38,35,48023,18000,30000,26900,1500,-2,14872,3600,8000,-2,-2,8400,99408,15618,57870,-5,18000,-5,-2,-2,-5,-5,-5,-5,-5,-5,-5
1850,1,-1,3,1,-1,25000,77,72,78006,6025,-5,-5,-5,-5,-5,-5,-5,-5,-5,-5,-5,-5,-5,-5,-5,-5,-5,-5,-5,-5,-5,-5,-5,-5,-5
1851,4,-2,1,1,-2,35000,48,46,34652,45000,25000,35971,43500,45000,30000,11000,-3,17200,16000,37410,31476,5415,27409,12318,45630,15004,4640,36640,36984,16164,13479,34992,21276,15526,18648
1852,5,-2,3,2,-2,12000,89,91,95156,14000,15000,14000,15000,-5,-2,26600,25800,35900,40800,44300,50100,-2,-2,-5,-5,-5,-5,-5,-5,-5,-5,-5,-5,-5,-5
1853,5,-3,3,2,-3,30000,65,61,63435,13900,41000,34000,14000,21100,74000,78000,97200,1057448,146942,159805,76000,78000,66000,77000,152000,73200,-2,75000,150000,70000,70000,40000,96000,-5,-5
1854,1,-1,3,1,-1,25000,85,80,80983,30000,25000,29000,30000,43500,45000,-2,71425,20792,30758,25500,27000,29750,30000,32007,42050,86000,120600,108000,120000,154000,142000,150000,153005,171000,175000
1855,1,25000,3,1,25000,66000,18,16,11373,28620,-2,12000,20300,-2,-2,-2,38000,-2,40000,-2,-2,24000,-2,34000,40000,167000,123000,37000,40000,31006,22955,42000,57392,65000,41000
1856,5,7000,3,2,7000,-3,78,82,89788,-3,32000,-2,11000,-3,5700,7664,10028,15175,1500,3000,8000,-2,11000,21296,-2,93000,85950,-5,-5,-5,-5,-5,-5,-5,-5
1857,1,45000,3,1,45000,45000,68,67,64656,16000,21890,21500,24000,24010,28000,30100,37300,18000,18000,18000,18000,22000,24000,51000,-5,-5,-5,-5,-5,-5,-5,-5,-5,-5,-5
1858,5,45000,3,2,45000,45000,62,73,75798,12000,11000,32000,28100,25876,29350,47000,58100,64100,60000,33500,36000,48100,65000,71000,86200,100000,139000,130000,133000,150500,157000,156000,162000,164000,197800
1859,1,16420,3,1,16420,20000,50,45,38374,21000,8000,8000,-2,23200,-5,35300,36000,-2,29710,38400,39120,37602,30820,-2,34966,-2,36848,-5,-5,31000,38690,62000,-5,-5,-5
1860,5,16420,3,2,16420,8000,32,32,40414,22000,8000,8000,9928,-5,-5,5700,-5,30,100,100,30,1030,4659,-5,-5,-2,-5,-2,29000,32000,22000,89000,75000,46000,54600
1861,5,-2,3,2,-2,-3,80,86,90372,-5,-2,-2,-2,-2,-2,22050,80500,-2,92000,159805,-2,-1,-1,-1,-1,-5,-5,-5,-5,-5,-5,-5,-5,-5,-5
1862,5,-4,3,2,5000,18500,34,32,31547,17500,11750,29000,18550,19260,21500,31900,27600,24900,27120,22050,31520,38375,35690,34600,41900,73510,70000,67900,98900,102500,97520,70900,84900,55400,48400
1863,5,19784,3,2,19784,17020,75,58,61428,11224,20000,24000,27000,26400,31648,31000,21600,25000,29000,25000,20000,25000,24000,30000,35200,34000,40300,-2,60000,41000,60000,54800,29000,66000,71000
1864,1,5008,3,1,5008,7000,20,19,24149,7000,-2,10000,20000,9113,20000,-5,15000,-5,-5,-5,-5,-5,-5,-5,-5,-5,-5,-5,-5,-5,-5,-5,-5,-5,-5
1865,5,-4,3,2,3700,2600,35,32,27567,5000,3796,-2,39700,20252,22245,31600,25700,19790,45800,41900,29600,31900,51900,39200,12800,15000,100000,71400,90000,90000,99500,92000,68729,63000,74560
1866,5,19000,3,2,19000,18000,49,41,42755,28800,15000,20000,14000,27500,17000,22600,18000,15500,23000,20000,22000,22000,26800,21000,27000,37800,39000,48530,48000,7195,49400,33400,44400,42000,22000
1867,1,19000,3,1,19000,18000,84,86,89968,28800,15000,20000,14000,27500,28000,39400,-2,54200,25430,33200,35210,38950,41250,37200,42250,50500,46900,51500,54500,65500,63000,79064,83833,101622,114194
1868,5,25000,3,2,25000,-5,42,41,35098,14300,15000,17000,33500,17500,26500,21184,29000,33500,37000,42102,50000,45000,50378,20206,27000,41000,51500,57500,26500,34000,51000,131000,30000,139000,115000
1869,1,25000,3,1,25000,30000,30,22,26004,50000,25000,35000,30000,50000,-2,13000,85000,2000,-2,8400,-2,40000,68000,47000,37500,52800,50400,58000,30808,36057,80680,43400,128800,37024,31090
1870,5,10240,3,2,10240,-3,72,58,62593,14000,16000,18300,13000,14738,13825,19800,17000,21000,20906,20644,25100,24348,35258,28900,29367,32000,52018,50261,56782,65000,50000,49000,62000,65000,70007
1871,5,20000,3,2,20000,15000,62,71,67714,23000,22000,44000,24500,30000,35000,36000,-5,-5,-5,-5,-5,-5,-5,39000,-5,-5,-5,-5,-5,59400,32316,36000,43432,-5,-5
1872,1,23496,3,1,23496,29000,16,21,18192,25104,13300,17180,16334,19765,18200,16492,13671,16800,17336,26836,19368,13546,23120,64218,42600,35020,55000,38363,38440,46000,70507,64582,56000,96039,-5
1873,1,23496,3,1,23496,5394,14,13,16817,11604,13300,7899,11280,16504,12124,11000,19664,20480,27272,27100,27970,29200,20448,35188,32000,22464,20000,20000,22000,21000,24000,-2,60000,44000,60000
1874,1,20000,3,1,20000,-5,-4,-4,-5,-5,-5,31075,-5,-5,-2,-2,17000,-5,25100,-5,-5,-5,-5,-5,-5,-5,-5,-5,-5,-5,-5,-5,-5,-5,-5
1875,1,22000,3,1,22000,24000,95,95,90923,29000,27000,30000,13600,27750,29150,31300,36500,40300,68400,80000,81200,74000,55300,60500,66400,-2,-2,113800,140900,23140,176000,185000,237000,245000,230000
1876,5,-4,3,2,-3,13412,72,77,80183,-3,13647,16445,-2,14970,22350,23310,27300,-2,28600,32600,34885,49349,-2,64975,57000,80000,-2,89000,30000,73420,25004,35500,24500,46000,-3
1877,1,-1,3,1,-1,-5,98,95,91581,-3,-1,8050,-2,32000,45000,-5,-5,-5,-5,-5,-5,-5,-5,-5,-5,-5,-5,-5,-5,-5,-5,-5,-5,-5,-5
1878,5,-4,3,2,17530,16409,34,40,29321,14400,18060,18089,23500,-2,23000,25900,25540,28300,28025,31930,34000,34300,38098,40609,48700,54000,60000,62000,73000,80000,84000,65400,12000,15000,91000
1879,5,23000,3,2,23000,28000,67,75,84163,25000,-2,-5,1200,3600,-2,-5,-5,-2,-5,6000,-5,-5,-5,-5,-5,-5,-5,-5,-5,-5,-5,-5,-5,-5,-5
1880,5,27000,3,2,27000,31000,94,92,88272,27000,28000,41039,17464,56400,51100,56400,75000,72446,92000,30600,23750,11100,54400,91600,84960,78390,83165,87100,109560,125000,88095,100200,147750,-2,92500
1881,1,27000,3,1,27000,20500,34,40,42474,12500,17720,44000,26000,40000,31000,32000,-2,-2,20830,-2,-2,41799,-2,-2,-2,-2,-2,-2,40000,-2,-2,-2,52000,-2,65020
1882,1,15000,3,1,15000,19000,62,66,69410,19000,34000,40000,35000,7052,10000,8500,28000,30500,30015,42250,51000,48500,38300,26045,-5,-5,-5,-5,-5,-5,-5,-5,-5,-5,-5
1883,5,15000,3,2,15000,19000,48,49,59426,19000,34000,40000,1115,-2,5180,12500,5000,12000,18000,10500,10000,16000,12000,9500,12420,-2,-5,-2,44000,0,27484,25140,14196,11176,22000
1884,1,40000,3,1,40000,16000,44,32,42428,12000,14000,8100,-2,-5,-5,-2,5000,10000,11000,-2,59000,13000,17800,54000,11160,74000,42500,37645,31100,-2,-2,11842,10800,11760,14064
1885,5,40000,3,2,40000,5700,62,64,65232,7500,9500,12000,11510,34000,100001,-2,18500,23000,76400,79400,88500,-2,84000,90000,90100,100100,102100,105000,115100,122100,133050,114220,116000,121000,123000
1886,5,26000,3,2,26000,1280,98,99,97470,11100,22950,22950,28950,29480,32500,-2,100001,1057448,146942,159805,839078,160097,189918,142000,155000,332808,390662,-5,-5,-5,-5,-5,-5,140000,68190
1887,1,10000,3,1,10000,-3,4,7,9128,-3,-2,12500,13980,14945,17352,10200,-2,6838,-2,19507,49906,41126,-2,46000,75704,15500,-2,-2,11000,-2,20000,50000,20000,17000,-5
1888,5,10000,3,2,10000,-3,8,8,9400,-3,-2,12500,13980,14945,17352,40342,-2,9000,-2,26124,56432,30762,-2,49024,88724,52000,23600,-2,27500,51000,30262,-2,10000,25825,25000
1889,1,10000,3,1,10000,-3,40,42,42279,-3,7050,7180,8800,9230,17352,8100,9300,8523,11120,11400,15275,16700,17380,57480,96224,-2,29000,38000,35675,61243,47000,56325,48000,52000,49675
1890,1,10000,3,1,10000,-3,9,8,13298,-3,-2,3867,7681,3897,9373,2000,-2,-2,-2,29500,64831,51852,11000,35780,88824,24000,30000,36000,21000,29000,44000,39000,35000,36515,112000
1891,2,9165,3,1,9165,7000,49,47,46449,12000,14400,18500,12000,17000,18000,-3,37500,-2,-2,-2,24150,36885,18884,-2,-2,37000,42000,43916,47300,60268,70491,66702,60000,59000,63821
1892,6,9165,3,2,9165,4000,56,63,71671,12000,14400,18500,14300,9000,9016,17000,18000,18000,45054,48200,57050,43054,40002,38000,-5,-5,-5,-5,-5,-5,-5,-5,-5,-5,-5
1893,5,13000,3,2,13000,13000,34,40,31948,15000,20000,18443,7050,16750,20000,21040,19845,23500,24050,29700,32000,34000,39540,38500,53125,149000,74000,-5,-5,-5,-5,-5,-5,-5,-5
1894,1,31400,3,1,31400,30000,36,35,40716,40000,400,700,55000,50000,54000,-5,21200,-2,29000,34886,16548,11300,30000,16225,-5,-5,-5,-5,-5,17000,17440,-2,38500,44000,-3
1895,1,28000,3,1,28000,23000,81,84,84709,24000,16550,15906,18900,23275,24400,26600,32500,34200,39400,42500,47400,45900,49208,56700,55800,70300,76400,83007,95400,101200,102400,114204,129099,124000,138000
1896,5,28000,3,2,28000,23000,80,85,85085,24000,24000,27000,37000,30000,45000,39100,40000,34000,41000,40500,41771,42900,45700,52000,54300,61000,66300,65000,70700,89000,114600,98816,65300,81300,105040
1897,1,12000,3,1,12000,-3,51,71,54847,13000,-5,-2,-2,19000,-5,-5,-5,-5,-5,-5,-5,-5,-5,-5,-5,-5,-5,-5,-5,-5,-5,-5,-5,-5,-5
1898,5,14000,3,2,14000,23500,95,88,86838,15379,10350,27925,19853,21200,9520,13600,10988,14846,19420,30150,-5,-5,-2,30778,52048,-5,-5,-5,-5,-5,-5,-5,-5,-5,-5
1899,1,15000,3,1,15000,22000,20,27,24004,25000,16000,19207,21200,22534,22899,26000,28000,26025,-3,30000,31220,32920,35910,-2,46000,-5,-5,56505,54000,58805,63480,82220,-2,66610,25000
1900,5,60000,3,2,60000,-3,92,92,94120,17300,23490,22450,-2,28800,20200,69925,36000,72200,43150,41000,36590,-5,54500,-5,81300,-5,-5,-5,-5,-5,-5,-5,-5,-5,-5
1901,1,60000,3,1,60000,27365,-4,-4,-5,-5,26400,33200,35518,24040,2450,12010,14000,66100,34900,24300,43000,41120,44040,63202,82150,84280,53912,89040,110000,40250,80000,73000,104000,70000,70000
1902,5,60000,3,2,60000,32000,46,37,48953,38000,35000,32000,55000,60000,60000,39005,41020,46050,-2,-2,75030,48850,48608,63557,63075,70040,71540,67025,78245,-2,135000,168000,-2,-2,154400
1903,1,25800,3,1,25800,-3,28,28,26152,13339,21210,21226,21984,25620,-5,28000,28500,33500,34000,44200,39250,40200,-2,-5,-5,-5,-5,-5,-5,-5,-5,-5,-5,-5,-5
1904,5,25800,3,2,25800,18000,89,86,86141,6100,14175,17730,28150,15000,19550,24050,23000,28060,29050,29050,30175,34560,44020,53020,61040,60075,62210,65150,-1,79015,72100,80000,-2,87000,-5
1905,5,25800,3,2,25800,18000,47,48,58233,20000,24000,25000,20000,20000,18000,26700,30200,54200,50200,47306,54346,49350,46300,48700,65400,74150,85730,68200,105500,101000,110500,-5,140000,147000,122000
1906,5,35000,3,2,35000,40000,98,98,97146,25000,7100,5364,30800,30000,35000,38050,42150,53200,146942,159805,839078,160097,189918,974100,244343,332808,390662,408473,479983,454737,440692,497763,161000,161000,164400
1907,6,-4,3,2,9000,9778,55,50,44685,18000,-2,-5,-5,-5,-5,-5,-5,-5,-5,-5,-5,-5,-5,-5,-5,-5,-5,-5,-5,-5,-5,-5,-5,-5,-5
1908,2,2942,3,1,2942,15500,62,58,62442,19000,20000,-2,33500,22000,24000,42925,39480,-5,-5,-5,-5,-5,-5,-5,-5,-5,-5,-5,-5,-5,-5,-5,-5,-5,-5
1909,1,-1,3,1,-1,36000,60,66,54291,48000,11545,14750,15290,16950,19135,-1,-2,68300,-2,-1,-1,32160,-2,55050,-1,61000,68000,72900,52250,89600,-2,110070,-1,127500,-3
1910,1,25000,3,1,25000,919,58,63,55765,7000,7900,10500,10400,12350,15400,23350,19800,2542,15000,9600,5000,7900,7100,10000,44000,49544,60714,50401,-2,60000,40404,68710,58732,-2,65000
1911,1,-2,3,1,-2,-3,60,67,75861,31000,35000,31998,43000,62000,45564,46813,58575,49900,32040,42050,38000,58000,41936,43580,48876,56000,63059,75000,81052,103075,107650,123300,129900,135085,139307
1912,5,25000,3,2,25000,3000,42,48,49375,2991,5979,11500,-5,-5,51500,-2,48300,57400,62550,53800,73100,71500,66200,115000,117300,107000,97396,-2,130000,149666,96450,85000,123000,190000,170000
1913,5,25000,3,2,25000,30500,32,29,41544,35000,35000,1620,4853,4890,3500,4375,28000,28923,29391,30328,31811,30804,-2,35624,-2,37700,52170,66300,69453,69500,89092,126150,66696,54478,86672
1914,1,37000,3,1,37000,-3,94,90,95324,40000,-2,20000,-2,7000,-5,7050,10200,10150,39100,42000,47150,48025,47050,51900,56000,70150,79500,82300,88000,90500,101600,105100,110000,110200,120020
1915,5,-1,3,2,-1,53000,91,85,87805,4223,11912,11512,75001,18235,19290,34000,45500,50500,40500,89000,58500,76400,82450,-5,-5,-5,390662,-5,479983,454737,440692,116076,-5,224000,240000
1916,1,33680,3,1,33680,32000,57,65,66692,43000,40000,29000,7030,33000,45000,49150,81700,65500,86100,159805,52500,44500,62300,-2,60085,83000,123072,155050,164481,170020,180000,-5,-5,-5,-5
1917,1,9000,3,1,9000,-3,13,18,27775,-3,-2,-2,31115,22200,-2,27000,23500,24900,-2,21000,26735,24000,29000,35000,40500,79000,-2,-2,117000,118000,129000,122000,126000,-5,75000
1918,1,22000,3,1,22000,26000,70,70,74519,29000,30000,38313,30000,-5,55000,43400,44284,52000,62323,60000,65000,59000,52192,61109,70063,75130,80114,83129,75878,79600,96300,91300,25665,-2,41000
1919,1,22000,3,1,22000,26550,33,47,57458,29000,30000,-2,30000,42000,55000,10013,31200,-2,-2,-2,-2,-2,25000,56020,56226,62295,64000,64000,-5,-2,-2,36200,40000,40100,-3
1920,1,42000,3,1,42000,30000,46,48,57750,40000,30945,23000,35000,60000,100001,-2,30360,60300,76795,-2,40250,-2,-2,-2,-2,-2,-2,112824,-2,-2,201694,-2,0,-2,400
1921,5,-1,3,2,-1,10000,8,7,2063,10000,34300,25500,24000,18000,33000,-2,15000,18200,16000,23424,23067,26032,26026,18925,22000,34000,36000,37000,38000,35000,22000,186000,39000,13000,8000
1922,5,25000,3,2,25000,22500,41,48,54503,20000,-2,-2,-5,-5,-5,-5,-5,-5,-5,-5,-5,-5,35500,-2,-5,-5,-5,-5,-5,-5,-5,-5,-5,-5,-5
1923,5,25000,3,2,25000,22500,32,51,64811,20000,32855,-2,38070,-2,-2,-5,-5,-5,-5,-5,-5,-5,-5,57800,-2,-5,-5,-5,-5,-5,-5,-5,-5,-5,-5
1924,1,16000,3,1,16000,18000,34,35,39286,20000,42000,18875,19896,73000,45000,71073,27000,38400,34300,39150,38156,43000,26450,-2,54000,63350,121000,98000,133000,135500,-2,169400,-5,-5,-5
1925,1,17500,3,1,17500,28911,79,67,66523,31500,42000,46170,25340,29300,31500,32200,36000,-2,49025,54175,67200,-2,-2,81700,-5,26000,51000,36520,63000,75000,39116,58000,82000,95000,101000
1926,5,16000,3,2,16000,-3,31,32,31904,40000,46000,10000,12000,32300,33000,29000,31000,34030,39000,40000,-2,40000,43000,80000,75100,-2,80000,115000,106000,122000,116500,99000,89263,-5,-5
1927,5,16000,3,2,16000,20000,49,42,53586,44000,46000,39000,-2,27135,33000,24858,22005,23200,27389,27500,30000,33800,33612,38510,40000,41800,49210,54200,67455,58348,73500,70000,66003,94248,89300
1928,6,-4,3,2,-3,10000,1,1,677,4000,19785,18025,20413,27288,32765,29000,39828,34000,-3,36888,37999,41764,39176,38000,33000,56044,44000,128000,50000,49000,0,-2,-5,-5,-5
1929,5,20000,3,2,20000,26000,99,98,95734,33000,23000,9532,10545,11035,14600,15250,18400,19500,21600,23500,23600,34000,42600,40600,48400,59800,60000,74300,82500,454737,96000,97000,106890,108244,108428
1930,1,20000,3,1,20000,25000,90,90,95174,35000,35000,33000,36000,55000,65000,37200,42100,50100,51080,48050,42500,63000,62100,72600,75000,84100,130680,84500,85000,97500,92450,89000,97000,107500,111000
1931,1,35000,3,1,35000,27000,30,33,36431,3800,6000,8000,-1,-2,-2,13000,29000,-2,5000,-2,-2,-5,5400,20220,-5,-2,-5,6000,-5,0,5700,46000,45500,45000,48000
1932,5,35000,3,2,35000,27000,31,25,32119,26000,25626,-1,-1,429,0,0,1500,-2,10660,1598,-2,13080,14350,5560,-5,-5,3580,8485,10144,10824,12432,10320,12380,10812,-3
1933,5,-2,3,2,-2,25000,49,44,54774,43000,-1,60000,-5,-5,12000,17200,-5,-5,-5,-5,-5,-5,-5,-5,-5,-5,-5,-5,-5,-5,-5,-5,-5,-5,115400
1934,5,-2,3,2,-2,25000,94,88,90417,43000,65000,60000,-5,-5,-5,-1,48000,-1,61100,66137,-2,-1,-2,-1,-1,-1,-5,-5,-5,-5,-5,-5,-5,-5,-5
1935,5,-2,3,2,-2,-3,74,85,78782,1640,-5,3750,3240,16900,17040,20034,40050,28200,15700,29400,24100,26530,29450,31350,39100,63000,74000,87000,79000,61020,62000,52300,56000,56025,60000
1936,5,-2,3,2,-2,-3,75,79,64700,5000,6450,16200,22300,40000,8600,10500,11700,14025,14012,16320,16500,37800,50200,32035,31500,50000,45000,35000,60000,85000,65000,59000,75000,84000,-3
1937,5,-2,3,2,-2,-3,77,78,65749,1500,1000,15800,29200,43011,41087,46000,51073,70030,43050,48050,33000,44000,49020,78200,58300,60000,137000,168000,479983,190000,2000,497763,595986,922631,766958
1938,5,-2,3,2,-2,-3,63,73,71370,75001,1765,1500,23510,41000,30700,24020,39000,36300,43500,58000,60000,50000,30000,30000,54000,140000,80000,100000,120000,100000,150000,65000,71000,75000,134000
1939,5,-2,3,2,-2,-5,-4,-4,-4,26500,31000,31000,35000,-2,40000,-2,45200,-5,-5,-5,-5,-5,-5,-5,-5,-5,-5,-5,-5,-5,-5,-5,-5,-5,-5
1940,6,-4,3,2,-3,227,2,3,2193,-3,28500,0,0,0,3576,0,4272,56,4788,0,0,-2,-2,5772,2916,-2,0,6420,0,2400,9552,0,11652,3952,0
1941,1,-4,3,1,6800,5800,79,73,62415,-3,-5,-5,-5,-5,-5,-5,-5,-5,-5,22015,35815,20000,25519,-5,-5,-5,-5,-5,-5,-5,-5,-5,-5,-5,-5
1942,5,-4,3,2,-2,3000,73,70,78604,-5,-5,-5,-5,-5,-5,-5,-5,15098,30500,22000,16900,-2,85500,83000,-2,-5,-5,165552,-5,256200,-5,-5,-5,-5,-5
1943,5,12000,3,2,12000,16000,-4,-4,-4,14000,-5,18800,18000,30000,25392,24061,10076,-5,-5,-5,-5,-5,-5,-5,-5,-5,-5,-5,-5,-5,-5,-5,-5,-5,-5
1944,2,2700,3,1,2700,-3,83,75,82351,6000,30000,17800,21750,30000,-5,-5,-5,84000,66000,-2,-2,55000,-2,-2,50000,50000,-5,-5,116100,115100,-2,130060,-5,65000,-5
1945,2,2700,3,1,2700,-3,-4,-4,-4,-3,30000,17800,21750,30000,-2,-5,21120,-5,-5,50000,-2,-2,-2,-2,-5,-5,-5,-5,-5,-5,-5,-5,-5,-5,-5
1946,1,13000,3,1,13000,25000,-4,-4,-4,-3,25230,-2,-2,-2,37100,-5,-5,-5,-5,-2,-5,-5,-5,-5,-5,-5,-5,-5,-5,-5,-5,20000,-5,-5,-5
1947,5,13000,3,2,13000,24000,40,37,41857,20680,-2,36100,33230,34900,100001,30000,30100,30080,32080,29200,29200,36100,37050,36000,38000,38000,54300,50000,36000,-2,56000,55000,-5,-5,-5
1948,5,19000,3,2,19000,14000,45,57,67218,18000,2600,24000,41000,30000,-2,47000,-2,43000,-2,-2,-2,-2,-2,-2,0,160810,390662,408473,479983,454737,0,497763,150800,-5,-5
1949,5,10000,3,2,10000,11200,72,68,71288,20500,16000,28790,36644,42000,45200,37482,27560,42170,40100,66340,-2,50200,-2,96700,71332,-2,-5,-5,-5,-5,-5,-5,-5,-5,-5
1950,1,10000,3,1,10000,11200,63,64,63150,20500,16000,6901,36644,42000,45200,-2,-2,-2,-2,-2,48200,-2,-2,-2,28020,-2,-2,-2,22750,-2,-2,-2,-2,60923,-3
1951,5,23000,3,2,23000,25500,46,43,45219,5000,28500,2700,4800,8000,60000,10000,42389,53020,54085,63037,73210,83973,87358,89500,95100,100000,115000,86000,100000,97000,74000,60000,62000,70000,90000
1952,1,23000,3,1,23000,26000,37,33,46049,25000,33000,21000,4450,6006,12010,6600,21010,37300,77000,78400,839078,160097,189918,130000,244343,75000,145000,12276,123000,160000,85980,16816,20200,100000,60000
1953,5,27500,3,2,27500,30000,79,80,87413,40000,45000,-2,45000,2218,501,60005,35030,70050,77100,159805,839078,160097,89080,142000,244343,-2,186342,199000,194000,-2,237000,249000,300000,310000,128000
1954,5,34000,3,2,34000,44000,91,84,87743,55000,-2,57200,8440,34590,21255,48300,43500,40500,52500,51500,50200,53750,55700,85700,60600,91000,91000,111000,94500,92500,120500,139000,129500,128000,144000
1955,1,17000,3,1,17000,47500,82,84,79360,55000,55500,52500,7750,7740,25700,45400,12000,12951,15500,10851,10400,13000,25400,29530,32550,40530,38000,36000,66000,172200,67980,68376,80964,84940,87940
1956,1,30000,3,1,30000,45000,-4,-4,-4,36000,-2,35000,-2,29130,29980,-5,-5,-5,-5,-5,-5,-5,-5,-5,-5,-5,-5,-5,-5,-5,-5,-5,-5,-5,-5
1957,1,30000,3,1,30000,30000,6,10,10797,39000,30000,35000,-2,19000,27700,17517,34030,46000,44000,-2,73005,69450,58150,-2,61000,85820,74000,106000,92400,207616,70000,63400,81648,96623,36320
1958,1,15000,3,1,15000,-3,72,74,79330,35000,25000,-2,34000,66990,56028,60050,12200,55000,56500,61500,70415,73200,79375,60250,102050,332808,119500,130000,45000,152000,55000,52250,55500,67000,86020
1959,1,14000,3,1,14000,5000,25,28,29263,6000,25000,75001,75000,13700,47500,23000,19000,-5,-5,47000,-2,23000,-2,-2,65000,18000,27000,32000,36000,30000,31000,25000,36400,37500,24000
1960,5,14000,3,2,14000,16000,47,43,54424,20000,22000,11000,27000,30000,33030,41000,46010,47050,31500,32866,66000,57290,86020,60800,6328,51500,65240,67900,150,70100,70510,67200,72512,79854,72000
1961,1,-4,3,1,15320,12000,65,55,48541,15450,21574,23130,28401,32900,25000,25100,63200,-2,55984,48800,53500,74060,-2,81350,92150,-2,-2,126000,130000,-5,125800,100100,-2,119000,120000
1962,5,-4,3,2,15320,12000,12,13,10280,15450,23400,23130,28401,32955,27000,23000,51600,-2,58800,48800,-2,84060,-2,80030,83125,85000,95020,128035,125000,-5,128000,120000,130080,119050,128100
1963,1,25000,3,1,25000,25000,73,67,63400,20000,27100,-2,30125,29150,-2,-2,40500,26300,27200,33000,36000,45000,47000,60000,43350,-2,85200,91540,92000,101400,105000,112300,118870,120000,135000
1964,1,18000,3,1,18000,30000,30,39,29838,15129,15002,20800,-3,-2,-2,26066,22800,20000,35000,-2,-2,42160,-2,33800,31000,29000,15000,33000,48200,54800,56600,46000,19460,-2,-3
1965,5,-4,3,2,5000,18550,47,49,52187,15814,14891,15488,8800,12600,16000,18006,23000,30365,37000,47484,40000,49000,40400,57000,67100,73000,51900,-2,55000,65000,51320,38785,63000,50480,100000
1966,1,15000,3,1,15000,3136,76,84,85623,5673,6768,18770,20950,15773,37050,33055,38600,-2,41030,46670,52900,-2,-2,137194,59628,-2,-2,72100,68023,-2,67000,62040,52727,50302,51744
1967,5,15000,3,2,15000,20000,40,44,61486,18000,19000,-2,-2,-2,34000,37000,-2,38000,16030,16025,16030,15030,-2,53030,-2,108050,-2,37200,40055,50050,103075,106000,111720,120000,139000
1968,5,30000,3,2,30000,0,41,36,38792,10000,10000,-2,-2,10900,13000,14000,16000,20000,19831,-1,23000,25000,37000,37000,36900,37800,-5,-5,-5,-5,-5,-5,-5,-5,-5
1969,5,30000,3,2,30000,9600,51,49,62740,9564,12408,12000,7500,8000,-5,-5,-5,-5,-5,-5,-5,-5,-5,-5,-5,-5,-5,-5,-5,-5,-5,-5,-5,-5,-5
1970,1,-1,3,1,-1,30000,-4,-4,-4,1800,-5,30000,8424,12000,14400,18085,-2,50000,28000,20000,12200,6800,-2,9500,18500,6000,30000,41000,40000,-2,-2,40000,42000,20000,-3
1971,1,22000,3,1,22000,28000,34,44,51182,28000,45000,25000,75000,55000,65000,24176,27945,25025,-2,24574,21000,32000,45000,49000,66335,61000,57610,-2,-2,71500,67065,-5,-5,110200,129058
1972,7,-1,2,2,-1,28000,51,56,67619,60000,40000,40000,-2,-2,-2,2000,18000,-3,-2,-2,24000,32000,33000,33530,37000,45012,48000,55000,57000,60000,65000,-2,76000,82000,72000
1973,5,16000,3,2,16000,-3,52,61,72265,47000,40000,47800,-2,51862,18550,-5,-1,-1,-1,-1,-1,-1,-1,-2,-5,-1,-1,-5,-5,-5,-5,-5,-5,-5,-5
1974,5,19000,3,2,19000,13000,98,99,99471,22000,25000,28000,29250,13210,17050,27240,26900,30100,32240,36000,42440,48720,50260,50120,59160,92500,80500,-5,-5,-5,-5,-5,-5,-5,-5
1975,1,22000,3,1,22000,18000,58,66,80742,25000,3000,25000,27000,7200,9000,9035,-2,3725,19220,19500,22000,29238,35000,37440,43000,66100,45000,41000,41000,43850,36542,32000,34000,970,2328
1976,5,19000,3,2,19000,24000,48,50,64089,-3,-2,7000,17094,29708,28000,38000,16000,18260,19347,12540,13020,20000,24000,28000,22000,90000,126000,35250,126000,-2,150000,-2,215000,260000,289000
1977,1,24000,3,1,24000,25000,24,31,37901,29000,33000,6280,8175,15200,12480,15400,-3,31685,15600,19787,21600,21000,19780,25548,46200,55000,33790,105000,98750,-5,-5,-5,-5,-5,-5
1978,1,24000,3,1,24000,25000,15,19,29377,29000,3300,25000,49797,5400,11300,16000,22150,26840,24324,25997,26792,34198,29875,-3,28090,29700,31000,23786,48000,47556,29423,97651,97057,87004,-5
1979,1,-4,3,1,-2,18559,83,90,88419,17660,17454,11730,20600,24506,22250,23079,24369,24369,25351,25025,27385,27771,27325,20235,46492,53222,47331,70757,87959,84325,82321,106500,-5,60473,75034
1980,5,-4,3,2,12262,18559,20,19,22423,-3,-2,-2,-2,31721,25850,30000,-2,30100,30100,30000,-2,-2,-2,53300,54000,-2,65000,92000,100000,100100,91000,90000,-2,0,118000
1981,1,20000,3,1,20000,17772,-4,-4,-4,-3,21194,17020,-5,-5,-5,-5,-5,-5,-5,-5,-5,-5,-5,-5,-5,-5,-5,-5,-5,-5,-5,-5,-5,-5,-5
1982,5,20000,3,2,20000,7200,-4,-4,-4,-3,50000,-2,4500,11200,17000,-5,-2,13800,17000,19092,16000,-5,-1,-5,57040,61000,60870,-2,-5,-2,92000,-5,-5,30000,-3
1983,5,-4,3,2,30050,-5,-4,-4,-4,-3,33000,24536,30600,-5,-5,-5,-5,-5,-5,-5,-5,-5,-5,-5,-5,-5,-5,-5,-5,-5,-5,-5,-5,-5,-5
1984,1,6000,3,1,6000,20672,6,7,5142,12,-2,-2,-2,17832,1285,1624,-2,-2,-2,-2,-2,-2,-2,-2,10487,18000,12050,12344,-2,-2,-2,8400,-2,-2,0
1985,5,21000,3,2,21000,19000,49,46,59974,3500,11010,-2,7740,-5,-5,-5,24000,22936,37700,30030,40110,40530,37130,37300,46325,44200,52025,60250,55300,79150,84000,101500,82610,95690,97010
1986,5,35000,3,2,35000,25000,67,58,69903,21500,-2,-2,-2,30550,-2,14350,34612,28400,12780,13804,-2,22300,23300,-2,94200,-2,-2,17160,26120,25336,114534,-1,-2,-2,-3
1987,1,35000,3,1,35000,25600,38,46,42193,26000,3000,31000,22000,-2,12580,15450,14950,18950,-5,13053,15000,-5,18325,18930,20000,-2,-5,-5,-5,-5,-5,-5,-5,-5,-5
1988,1,27000,3,1,27000,35000,12,18,15656,-3,26260,10080,9000,15010,2700,20000,42000,45000,41000,14500,18000,-2,-2,50000,49000,70000,65000,86000,77000,77000,84000,84500,80000,85000,90000
1989,1,-3,3,1,-3,35000,35,34,37131,25000,3060,3582,7970,12025,10220,-2,-2,28850,-1,-1,-1,-1,-5,-5,-5,-5,-5,-5,-5,-5,-5,-5,-5,-5,-5
1990,5,-4,3,2,22540,26340,84,81,63260,26762,34022,20656,7843,32039,33167,38749,38762,37200,38200,43425,54965,53677,60000,67927,81400,89185,86000,92400,98700,106500,116400,123000,70824,74460,-3
1991,1,10800,3,1,10800,7000,8,13,9185,-3,3400,20000,15040,22000,10368,16000,-5,9000,5000,10000,12200,5000,19000,-5,-5,27000,-5,-5,-5,-5,-5,-5,-5,-5,-5
1992,1,10800,3,1,10800,7000,15,16,24185,-3,-2,4882,4078,3229,7001,4128,1176,12484,24700,16140,30004,38000,44100,19800,0,52114,55999,47310,96325,78576,-2,103834,151000,110500,115000
1993,5,-4,3,2,-3,6000,48,42,34322,19200,23200,21000,24030,25000,28000,26996,24000,0,18000,12775,7943,-2,1000,12810,10800,0,23600,6000,13000,16900,22000,23000,20000,27000,11445
1994,5,-4,3,2,9929,8280,84,81,75484,-3,14922,20000,25000,28000,25200,34525,38410,33000,39009,39050,42000,48600,49858,-2,55000,50000,-2,38040,36000,21500,22000,-2,-5,104984,115000
1995,5,25000,3,2,25000,21000,38,30,33083,1200,39560,34886,2080,4521,12944,8548,12500,10700,12000,16900,19000,23000,8320,6000,10000,5000,6000,29000,42996,43000,51020,62000,55000,-5,20000
1996,1,21000,3,1,21000,-3,66,65,53612,-3,25000,31870,6500,8500,13195,-1,-2,-2,-2,10100,15060,15000,15000,18000,20000,22000,21000,-5,32000,32000,38000,37500,-5,-5,-5
1997,5,21000,3,2,21000,-5,-4,-4,-4,22704,18901,14337,0,-2,16320,12530,10140,14500,31360,28850,33100,35730,34623,32000,45000,-2,61000,-5,148100,75000,-2,84185,134000,-2,-3
1998,1,21000,3,1,21000,-5,67,52,59463,-3,25000,31870,-2,30000,-2,13650,16880,15880,17520,19250,19790,18000,23300,18998,29800,-5,-5,-5,20556,39431,49800,95824,99300,117800,149900
1999,5,17000,3,2,17000,22000,54,67,67772,27000,34000,40000,4050,6105,9500,25500,76100,16100,34100,35200,35400,32350,38050,-2,0,46054,42200,48000,46000,55100,112400,124600,112500,70000,92550
2000,1,-2,3,1,-2,4000,42,42,44196,16925,24757,19577,25218,39224,28571,28550,38976,33366,31822,27125,33750,-2,-2,-2,72000,140397,93400,91000,113200,112198,132668,-2,147436,127400,125500
2001,1,-2,3,1,-2,28000,1,1,325,26000,-2,26805,1796,6215,6334,-2,6664,-2,617,6325,-2,-2,-2,-2,-2,-2,1000,-2,-2,16768,16488,17512,0,-2,-3
2002,5,-4,3,2,1292,11328,37,32,35088,10203,-2,9430,10659,12995,1500,7400,10680,11600,9348,13645,12600,13776,14555,15000,17640,-2,16920,14774,12000,2000,15670,7900,13060,11652,-3
2003,5,10000,3,2,10000,-3,9,10,13023,-3,2110,1906,1600,5000,6468,4289,10000,12000,5633,9144,6268,14508,15860,17960,13000,18000,28817,558,57000,8000,0,-2,14144,9984,1200
2004,5,50000,3,2,50000,60000,92,94,94430,67000,75000,8600,8500,-2,15700,23000,29000,30450,-2,-2,62995,88000,189918,90000,-5,155400,90000,-5,-5,-2,440692,497763,595986,334600,249600
2005,1,50000,3,1,50000,60000,80,80,84088,64700,75000,1500,70000,70000,75000,3000,-2,-5,-5,-5,-5,-2,30500,28350,-5,62120,94000,73100,78060,85150,93100,99020,105040,107010,115010
2006,1,-3,3,1,-3,-3,74,75,87827,40000,-2,-1,-2,-2,15100,-5,25500,25500,30500,30400,-2,-2,-2,-1,60500,68500,75000,75000,165000,454737,250500,497763,595986,922631,-5
2007,1,26000,3,1,26000,26000,80,80,92051,28560,8483,14232,14900,17771,29000,32000,28000,29100,32000,35500,47100,41000,40000,48200,-5,88000,128000,165000,183000,191000,-2,110000,255000,255000,766958
2008,5,25000,3,2,25000,30000,55,66,72048,25000,-2,-2,5080,5944,-1,26000,34000,29000,16608,14520,-2,9800,9744,13158,11000,11000,13000,13300,-5,-5,-5,-5,-5,-5,-5
2009,5,25000,3,2,25000,30000,47,48,65559,23900,36000,25000,-2,32000,33000,34500,-3,15006,5900,18202,20026,22000,24000,-5,-3,-5,-5,-5,-5,-5,-5,-5,-5,-5,-5
2010,1,36000,3,1,36000,-3,81,78,75400,-3,36000,8000,-2,-2,31200,-2,41000,47000,84000,90000,98000,160097,189918,130000,244343,332808,190000,230000,21500,226000,262500,172000,186805,240000,240000
2011,5,40000,3,2,40000,50000,65,59,70191,40000,50000,8698,8982,15000,11000,-2,15000,16100,16000,17500,12393,17866,23081,22050,30170,28036,30000,31320,34708,28671,29560,10000,62725,66531,68527
2012,5,28000,3,2,28000,38000,44,51,39888,23813,26817,16260,10527,7461,13548,18058,-3,22060,30694,37800,37018,46112,47657,48030,60050,65015,58320,57187,39215,59536,55020,56000,74050,40856,40242
2013,5,33000,3,2,33000,35000,93,85,86555,23277,27100,22408,18682,24045,21279,19550,28513,27396,26359,29600,35591,33000,36523,28200,33805,41325,42500,51031,55930,65530,65300,69807,83000,122647,147771
2014,1,24000,3,1,24000,32000,67,73,54184,35000,35000,23250,-2,30000,50000,53015,17500,15930,26015,29000,-1,43500,41010,43600,51000,55000,55100,99000,87095,87050,97100,93000,100000,92000,115000
2015,2,2100,3,1,2100,6000,3,3,6573,-3,5000,-2,3180,8000,2200,-2,6000,4100,21092,18000,31500,32000,30000,-2,28770,40000,35472,26000,33976,33096,38044,42080,7200,-5,42500
2016,5,-3,3,2,-3,-3,66,63,67793,38000,40000,44000,35000,7010,12800,46300,33500,53100,56050,60050,66060,68030,46050,42010,56900,65100,100040,118680,102100,111100,110200,-2,-2,140000,148000
2017,5,-1,3,2,-1,-3,26,23,29830,36500,40000,44000,45000,-2,5856,-2,-2,1057448,-2,-2,-2,-2,-2,70000,85000,100000,115000,108000,121000,128800,125000,148000,52000,53000,55000
2018,1,28000,3,1,28000,35000,54,63,72231,42000,38000,35000,-5,55000,24067,22682,22505,28003,28000,24220,28012,54708,29422,30007,39000,34800,37600,49000,52808,49128,48000,50800,0,57000,130000
2019,1,28000,3,1,28000,35000,80,80,86358,42000,38000,35000,-5,55000,55000,-5,-5,35300,44500,49000,48000,58400,60200,-5,30000,-1,-1,-5,-5,-5,-5,-5,-5,-5,-5
2020,1,28000,3,1,28000,35000,16,18,23806,42000,38000,35000,50000,55000,55000,43600,-5,53380,14000,28776,-1,52052,27419,34000,41500,-2,57000,54000,85200,42000,75000,-5,-5,-5,-5
2021,5,-4,3,2,-3,25300,75,71,60008,6975,7333,3100,5400,7405,2680,-2,4100,7000,10945,11984,13809,11930,21599,27248,42900,26724,41600,52300,51000,57030,-2,60000,71000,69000,73000
2022,1,-2,3,1,-2,-3,15,17,23959,-3,-2,-2,-2,80000,70000,89080,-2,24990,24000,24000,20840,-2,7500,29700,39050,-2,60200,55700,71000,100000,44800,245600,259000,235000,766958
2023,1,-4,3,1,-3,4157,39,48,46161,10320,-2,-2,30000,4246,4000,0,0,-2,-2,-2,-2,-2,24000,70000,244343,10000,10440,136000,21840,24960,14608,13908,23316,16922,15792
2024,1,18000,3,1,18000,24000,92,93,89508,40000,35000,40000,8700,15040,47800,22688,45000,58500,65000,68000,85000,160097,90000,100000,0,36000,55000,57000,66000,65000,65000,81000,112000,105000,130000
2025,1,-4,3,1,6000,14400,-4,-4,-4,23000,17150,20965,-2,22052,33200,50000,32660,40880,-3,55100,64600,57385,54000,-2,-5,50000,67500,120000,100000,0,11000,-2,-5,25000,36000
2026,1,19500,3,1,19500,2412,-4,-4,-4,5700,7632,9432,36465,39000,40900,12000,12000,-2,-1,12000,-2,-2,10000,15250,-2,33780,36800,130720,81480,84000,99576,89656,98600,99800,50706
2027,5,-4,3,2,6958,10548,97,96,93336,10017,5000,3647,13955,15679,20008,25012,27010,23481,25204,25562,9700,27757,-2,26000,42961,37000,36011,43160,31000,30480,27000,15300,27912,50808,51312
2028,1,-4,3,1,1400,-3,71,67,50691,10050,12000,13000,17000,-2,-2,-1,24000,22010,75020,-2,-2,54500,33050,-2,-5,-5,60000,-5,-5,-5,-5,-5,-5,-5,-5
2029,2,-4,3,1,7478,7098,84,95,93935,13171,9628,8167,13146,15005,18782,21103,36000,-1,-5,-5,-5,-5,-5,-5,-5,-5,-5,137400,135000,130000,-2,171810,-5,-5,-5
2030,6,-4,3,2,7478,7398,70,77,77209,13171,9626,8167,13146,15005,18782,21103,25000,14015,-5,-5,-5,-5,-5,-5,107802,66100,68575,62750,70800,75500,-2,86000,90000,-2,71900
2031,1,14000,3,1,14000,16000,1,1,2044,19500,10000,400,-2,1056,1725,-2,-2,11000,11000,11000,13000,29000,30000,36000,39000,39000,45702,46000,37788,21406,-2,46225,-2,39511,45440
2032,1,14000,3,1,14000,16000,15,15,22171,19500,10000,2118,6252,7749,10015,15000,22000,25740,29000,30000,30000,24000,34000,25000,33200,29650,35500,31200,32000,31000,33000,37000,37000,42000,45000
2033,1,26000,3,1,26000,8000,73,54,66318,8000,3010,7000,13050,6600,14000,7600,8000,15000,11000,26000,40300,50200,60500,100000,0,132000,162300,160000,158000,150000,125000,140000,130000,124000,125000
2034,1,18000,3,1,18000,-3,67,52,56852,4900,3300,16300,5300,8000,8050,-2,25667,10986,-5,9045,10849,11787,17244,31004,41200,59500,65816,71200,78400,86380,87711,96224,73755,113872,115260
2035,5,18000,3,2,18000,13200,62,63,78055,-3,11400,11000,13450,6000,8632,8000,12900,14400,10900,15000,16500,13000,15000,50200,54100,13620,-5,-5,73000,-2,64000,70810,72456,68484,97156
2036,5,-4,3,2,11497,15547,39,46,36264,12432,18245,17500,14366,-5,-2,-5,-5,-5,-5,-5,-3,-5,-5,-5,-5,-5,-5,-5,-5,-5,-1,-5,-5,-5,-5
2037,6,5980,3,2,5980,9100,87,78,91541,26000,18000,-2,3810,5302,2930,4000,10000,26000,31253,19000,17000,25000,13000,35000,33800,40000,30000,29000,27331,27000,55000,-2,70000,80100,65000
2038,1,20000,3,1,20000,23600,88,93,97360,17000,45000,49392,64000,60000,11400,17020,53000,52200,55500,65500,71750,77400,81000,81800,114000,125000,143000,142000,184000,197000,195000,199000,207000,-2,240000
2039,1,21500,3,1,21500,24100,-4,-4,-4,30500,36000,37000,-5,-5,-5,-5,-5,-5,-5,-5,-5,-5,-5,-5,-5,-5,-5,-5,-5,-5,-5,-5,-5,-5,-5
2040,1,29000,3,1,29000,30000,73,71,85929,35000,35000,43000,40000,42600,43200,30550,-3,51140,9000,9000,9000,9341,9827,12606,8086,12554,9355,-2,16760,13024,8711,10723,11828,11484,6445
2041,1,29000,3,1,29000,30000,47,57,72820,35000,35000,43000,40000,1647,4446,11000,26430,35040,46076,22100,30125,-2,6020,-2,-2,-2,80350,23050,20000,30683,15351,18580,57,50,0
2042,5,30000,3,2,30000,29000,88,89,91215,33000,40000,1300,3515,9260,15000,8515,10892,12017,18870,43100,53070,71060,66330,121450,111200,332808,120300,86060,126050,104000,96100,110000,120000,119000,127200
2043,2,-4,3,1,-3,6056,76,87,79655,1990,5270,5475,18780,30618,22000,18874,20050,29950,31500,29500,34645,37260,35625,42250,46500,56000,60500,66000,71500,82012,90000,79000,84500,93000,-3
2044,1,5045,3,1,5045,42729,87,78,72869,7688,14640,14634,-5,-5,-5,-5,-5,-5,-5,-5,-5,-5,-5,-5,-5,-5,-5,-5,-5,-5,-5,-5,-5,-5,-5
2045,1,5045,3,1,5045,6500,24,32,56026,7000,7000,9000,10000,18000,21500,8500,81500,18000,-5,19280,21528,19044,13648,28029,46760,43000,44816,-2,52013,62880,-2,44000,34000,78000,104000
2046,5,5045,3,2,5045,6500,13,11,27156,7000,7000,9000,10000,18000,21500,2400,-2,10000,27000,-5,35500,32867,48972,54100,54000,28000,32700,28000,72000,76000,83000,-2,80364,95216,100000
2047,1,19000,3,1,19000,-3,69,68,73594,5800,9000,10111,13699,15903,-2,20300,33000,31200,32800,30120,31025,33800,36000,53800,52000,48000,52000,49000,55000,45000,59000,-5,-5,-5,-5
2048,1,-4,3,1,-2,3342,93,93,94568,7780,3710,13085,25025,27920,30000,-2,30240,46150,46931,48080,56720,49875,53100,46435,91800,109200,113200,124000,69607,0,-5,64000,-5,12000,19240
2049,5,6460,3,2,6460,9379,82,84,88874,8000,21865,5500,8000,5000,8150,32800,38150,41600,38500,42720,40900,46500,87760,45000,59000,35650,80000,91160,77000,85173,99060,93192,95572,96965,110000
2050,5,-2,3,2,-2,5236,37,35,36232,3223,59194,14002,15000,17000,18200,21267,5000,8316,-2,-1,-5,-1,-5,-5,-5,-5,-5,-5,-5,-5,-5,-5,-5,-5,-5
2051,1,6000,3,1,6000,17979,11,7,6945,19161,20000,17812,5900,40241,35000,11000,7000,2500,9200,9456,10000,14000,13000,15000,33162,45000,15000,16000,20000,35360,34000,-2,27000,26624,22000
2052,5,-2,3,2,-2,-5,-4,-4,-5,-5,-5,-5,-5,-5,-5,-5,14520,-5,-5,-5,-5,-5,-5,-5,-5,-5,-5,-5,-5,-5,-5,-5,-5,-5,-5
2053,6,-4,3,2,-1,10500,55,58,51878,-3,-5,14200,-2,-5,-5,-5,-5,-5,-5,-5,-5,-5,-5,-5,-5,-5,-5,-5,-5,-5,-5,-5,-5,-5,-5
2054,5,-4,3,2,-2,57050,13,6,4867,-3,12000,5083,-1,12094,23000,23765,25320,37510,35291,31000,40000,49000,29583,-5,800,14400,14400,37800,-5,-5,10977,10800,-5,17580,-5
2055,1,31000,3,1,31000,20043,81,71,68805,20931,16963,10551,55687,13372,20222,25624,31784,44725,43771,49024,57356,55903,56712,60326,48995,55000,36748,60000,65000,65000,69302,61000,60000,84000,90000
2056,1,15000,3,1,15000,20000,58,57,57501,18211,15000,5501,28000,-2,36099,41100,44200,-2,37500,49400,46500,48900,58200,65500,83700,117500,135500,140500,155000,189500,181000,140250,-5,-5,-5
2057,5,15000,3,2,15000,20000,25,27,31002,18211,-2,-2,2716,10306,13212,7944,8820,4786,-2,-2,14352,7188,12620,4748,10944,3849,8922,-2,11500,11830,8227,10000,13000,17903,21500
2058,7,35000,2,2,35000,13980,71,70,80403,20906,13281,6886,7420,8365,31183,29082,-2,38356,47616,79100,80000,95640,70200,75600,84504,132555,102000,120500,115013,126700,130000,160504,-2,171891,-3
2059,2,7000,3,1,7000,8200,9,10,14787,9756,13000,10874,3842,21000,-2,-2,10872,3160,9000,11000,11000,6000,14580,9575,18866,55000,-2,63284,62000,80908,36880,98535,85000,113000,90000
2060,2,7000,3,1,7000,-3,35,34,47712,-3,9200,12015,21488,21000,33530,8200,7560,15025,15000,11091,8920,22080,20000,-2,29840,-5,-5,-5,-5,-5,-5,-5,-5,-5,-5
2061,5,25000,3,2,25000,30000,91,80,88199,36900,41700,6670,8320,12010,11230,13140,36000,-1,90200,159805,-5,-5,-5,-5,-5,112000,390662,408473,204800,219500,224000,198000,150000,-5,194050
2062,5,25000,3,2,25000,30000,42,30,39555,36900,41700,12020,30880,31275,35400,39000,25580,32000,43300,52665,52000,69500,71300,70300,76000,102200,119000,137000,157500,233000,440692,497763,595986,310000,250000
2063,5,20000,3,2,20000,25000,38,36,43820,18603,18027,19010,19009,27410,25200,25611,25060,38424,34025,33360,36225,41045,45725,52425,57897,61030,65255,54371,63800,63550,70230,68710,60730,72430,91040
2064,5,-4,3,2,4000,16800,58,41,33020,15000,18020,24768,13490,3704,6925,6520,9086,10005,14706,17510,17020,18010,19020,15020,20040,21020,26036,23000,-5,62000,-1,42718,63020,70000,87000
2065,1,16500,3,1,16500,20000,-4,-4,-5,-5,-5,-5,-5,-5,-5,-5,-5,-5,-5,37150,-1,-1,-1,-1,-5,-5,-5,-5,-5,-5,-5,-5,-5,-5,-5
2066,5,16500,3,2,16500,20000,16,20,27605,21000,15873,16550,-5,-5,27980,24726,27395,28100,27982,30951,27742,30175,28175,45600,56000,55100,70000,80000,74000,81900,43000,-2,79800,98000,111883
2067,1,15500,3,1,15500,19000,38,42,43433,4129,16376,11576,13247,23001,32000,38000,40000,-2,42000,43000,57500,-2,56000,56500,-2,75150,77500,80000,100100,63000,58000,75000,-5,-5,-5
2068,5,25000,3,2,25000,20000,49,54,55547,28509,36000,36255,34866,25360,-2,57235,65100,56001,50100,66050,68550,89025,67010,75050,-5,106000,95025,105025,110000,90000,95000,-5,100000,-5,-5
2069,1,25000,3,1,25000,20000,90,93,94465,28509,36000,36255,1945,1540,10000,57200,20010,50500,-5,-5,47200,-5,-5,-5,50000,-5,-5,-5,-5,-5,-5,-5,-5,-5,-5
2070,5,30000,3,2,30000,9000,18,12,13237,7241,-2,14060,17086,37925,31865,52300,33110,1057448,40940,43100,52050,48000,51954,51670,44000,100100,105000,118000,125025,118000,100060,125000,130000,300,39000
2071,5,30000,3,2,30000,22000,78,74,88381,27000,35000,32000,7950,26000,21837,36030,27610,32000,34100,40000,42000,52000,40232,51000,42000,31000,49200,50000,57000,76536,50000,77100,78000,79800,84000
2072,5,30000,3,2,30000,22000,85,80,89269,27000,35000,7200,23158,23875,27541,23788,24050,31560,30655,31260,51799,55500,55000,78500,86200,71000,82798,116833,84400,85588,89613,83040,81650,89940,30203
2073,5,20000,3,2,20000,8829,89,86,85923,14183,17025,14567,17656,24224,17000,11200,13736,17100,18938,23296,25475,30350,32300,26910,23500,35000,45000,16000,40000,28500,24822,23400,18000,30000,79000
2074,5,20000,3,2,20000,25000,74,76,77334,25000,9940,16562,-2,17007,29005,36000,29200,46000,58035,35020,32100,85550,189918,81040,102000,106000,53000,62000,58000,82000,86000,174000,184000,922631,-5
2075,1,-4,3,1,9900,21920,80,78,59435,27210,17706,19600,17511,24100,32430,48500,54200,53400,59300,72705,68400,76390,75150,95600,100700,105400,115344,108000,136000,128100,126725,-2,86500,130000,143000
2076,5,-4,3,2,18200,19000,49,41,30985,20000,24500,26000,30000,30193,16180,-1,14322,48747,66750,61300,65000,67850,-2,-2,-2,28000,33500,41000,39144,40000,38930,36808,44081,38000,49000
2077,5,-2,3,2,-2,18200,29,36,38150,21553,20140,24365,15321,7634,18127,10280,8330,18786,27820,28353,19280,23003,22111,24729,36000,33000,36230,57730,66740,64680,28586,24100,0,22000,29400
2078,1,8000,3,1,8000,-3,1,1,0,8400,-2,-2,-2,16356,14000,-2,15080,29856,-2,-2,0,0,14200,-2,28236,32288,-1,-5,-5,-2,-2,-5,-5,-5,-5
2079,5,21000,3,2,21000,-3,32,37,38187,321,13297,11000,17500,12000,17700,21000,18000,17000,33050,30615,28000,46000,30000,56000,-2,70000,90300,97000,93000,107700,100700,90090,50000,90684,172000
2080,1,13000,3,1,13000,-3,78,70,59980,-3,-3,32000,18000,28000,3570,26562,64000,0,3000,8048,8500,15000,2165,4932,-2,30000,36900,4800,17000,5000,-2,9438,700,0,22000
2081,1,13000,3,1,13000,-3,58,58,51661,14900,3000,21562,20365,19043,-2,24600,37000,26400,25000,24900,25500,23000,25000,35000,35500,40000,40000,-2,56000,50000,52000,-2,53600,-5,56200
2082,5,13000,3,2,13000,-3,63,50,63727,-3,30000,-2,2000,8000,8000,9000,12000,13486,12000,9400,12000,11920,10380,11000,15016,11716,15297,21264,16000,18500,16500,42000,28000,24000,-3
2083,5,20000,3,2,20000,2100,99,92,94930,24000,27000,9230,14060,26023,24040,34150,42125,42080,46070,45600,44460,48507,45240,-2,10,71530,70900,22530,35630,35020,29020,30030,-2,-2,80000
2084,6,-4,3,2,3000,3607,98,97,91686,2330,0,2720,-2,7700,9500,-5,-5,-5,-5,-5,-5,-5,-5,-5,-5,-5,-5,-5,-5,-5,55610,0,51000,52000,56000
2085,1,22000,3,1,22000,7000,46,52,54815,9000,8000,-2,-2,9500,36000,9000,24500,26600,34000,33000,36000,23700,36500,31800,45185,54856,45200,38600,-5,53000,48260,54000,52500,-5,-5
2086,1,24000,3,1,24000,-3,36,45,39837,-3,-2,10557,10745,12000,11329,15000,14500,36074,49000,43473,51742,54577,50530,66200,89700,26200,32200,27600,29000,27848,27582,30000,35000,35000,30000
2087,1,24000,3,1,24000,-3,49,53,48513,11000,-2,17500,18183,23500,21115,24301,20847,24147,28215,30786,34419,32000,39000,40115,58000,45300,59000,56800,56000,60516,74557,72724,66561,80501,125716
2088,5,24000,3,2,24000,-3,67,67,56782,-3,50000,45000,45000,-2,-2,38000,44150,55400,63100,53200,48000,48400,55000,54281,58000,40000,64000,61265,70000,78984,72000,81540,85000,85000,-3
2089,1,24000,3,1,24000,-3,21,17,20616,-3,50000,45000,39000,-2,-2,-3,15000,24000,31396,30000,27000,-2,-2,-2,-2,35000,72000,43000,40000,38000,44000,-5,-5,-5,-5
2090,1,24000,3,1,24000,-3,16,13,22220,-3,50000,45000,39000,-2,-2,11000,-2,-2,-2,-2,13233,-2,14970,24000,-2,40000,30000,32000,37000,37400,41000,38000,39000,55000,55000
2091,1,8000,3,1,8000,-3,5,3,1004,14681,-2,13000,4704,6228,5960,6840,7584,7980,10000,11104,12200,12070,17642,38000,23440,19000,27000,22000,20200,9600,-2,9912,10740,13920,9980
2092,1,8000,3,1,8000,-3,10,8,8053,14681,-3,-2,0,1500,0,8000,1000,-5,2000,0,0,10400,22000,-5,-5,-5,-5,-5,-5,-5,-5,-5,-5,-5,-5
2093,1,-4,3,1,14280,17540,67,70,69551,19910,22052,18165,10879,18082,24846,21620,28860,29759,-2,41406,42000,43010,47000,51020,56755,59000,60100,70000,75000,69080,67500,80025,90000,90030,90000
2094,5,-4,3,2,1144,17540,7,8,7262,19910,22053,18145,10879,18082,20212,18800,24866,25417,33000,41406,42010,43010,46141,67000,56775,47000,49955,60000,74000,79000,62412,83332,82000,85000,86000
2095,1,31000,3,1,31000,20000,99,99,96803,5350,5950,5900,200,5500,-5,-5,-5,-5,88200,-5,-5,-5,-5,-5,-5,-5,-5,-5,-5,-5,-5,-5,-5,-5,-5
2096,1,17000,3,1,17000,15000,-3,-3,32475,2022,14950,12670,15290,18700,21990,22700,26200,29170,30200,34300,39000,36840,44000,47000,50500,55150,120000,92000,99000,107000,-2,107000,112000,116000,-3
2097,1,17000,3,1,17000,23525,42,29,34695,38775,11904,6864,3438,17929,38000,33000,40200,41400,32300,30721,30000,38327,45000,53000,53300,51300,44367,28800,71000,60800,42000,56510,85000,97000,105000
2098,5,17000,3,2,17000,15000,21,17,22637,38775,27000,26195,28254,28278,11660,31700,22000,-5,26395,-5,29000,43500,45500,-5,46000,57300,-5,54050,61000,32800,34000,24000,36000,33000,68000
2099,5,17000,3,2,17000,15000,34,25,35591,38775,15405,26195,28254,28228,-2,31325,17050,23712,30052,29470,37000,40919,90261,107160,110100,115000,117500,126000,132200,-2,-2,160000,195500,86000,105100
2100,1,30000,3,1,30000,25120,97,97,89871,27450,29101,23169,16180,23019,28170,30949,32200,37700,42323,45670,46823,52216,54251,57600,64200,70565,70440,73900,79010,85020,89180,87925,86040,98300,97750
2101,1,-4,3,1,11630,15200,86,87,81726,17720,25000,26100,29958,36205,58000,60400,64400,-5,-5,45200,49100,53200,67000,65500,68700,98040,97000,92000,114000,125652,121000,157000,-2,197125,211425
2102,5,-4,3,2,14700,23550,43,39,41532,20210,31636,22999,31368,35580,50060,53000,58000,54400,81000,88500,65000,84500,98560,149000,125017,150000,107000,118000,144000,137900,128000,164000,150560,191088,193395
2103,5,-4,3,2,-3,9080,47,52,48443,33000,38231,24593,22319,29568,34557,38850,44230,48079,57830,56574,60200,58000,61805,62072,71982,75760,80050,74424,75000,86808,88000,96000,89138,103810,102264
2104,5,-4,3,2,20000,15942,83,75,68950,18213,17720,12816,12987,22935,23885,27900,32700,35545,36040,33025,38124,44766,54100,67091,72306,74050,75050,76783,82500,75000,79300,85370,108000,91013,95624
2105,5,-4,3,2,-2,29480,34,33,32761,23005,20200,13892,10880,13380,6456,7486,10572,18560,30616,30520,38675,31809,31417,45000,43000,57144,56980,45980,54310,45160,37000,58000,16000,31218,25000
2106,1,25000,3,1,25000,25000,60,52,37240,40000,40000,33160,40000,36600,40550,30800,47000,47000,50500,57000,53500,55400,56200,73000,76000,95000,43000,97000,114500,116000,96138,93500,92000,110000,189000
2107,1,25000,3,1,25000,31500,81,81,73284,40000,40000,30600,24200,19800,21800,24700,27200,27000,28100,32000,35094,40400,43400,45000,53600,59660,46000,68000,30100,83650,-2,96000,110000,73000,120000
2108,1,26000,3,1,26000,25000,77,81,75839,55990,27230,35300,39100,47000,53250,51100,53200,62200,-5,-1,-5,-5,-5,-5,-5,-5,-5,-5,-5,-5,-5,-5,-5,-5,-5
2109,1,35000,3,1,35000,35840,57,52,48671,5599,44000,48531,11199,50000,51000,54000,55180,57700,6900,-2,-2,-2,-2,-5,-5,-5,-5,-5,-5,-5,-5,-5,-5,-5,-5
2110,1,22000,3,1,22000,28000,91,85,88668,12000,18000,26646,12000,8520,7530,12025,20000,20100,28200,40100,36000,40000,42000,30000,-2,30000,60100,-5,80000,10100,100000,85000,125000,75000,80000
2111,1,22000,3,1,22000,28000,80,70,83141,12000,18000,26646,25000,4700,3240,23000,1200,5001,5000,-5,-5,-5,28000,30000,-5,-5,-5,-5,-5,-5,-5,-5,-5,-5,-5
2112,5,-4,3,2,-2,28650,89,82,80376,34608,51784,39708,35438,56700,37700,21500,49550,39700,48450,159805,51100,38150,-5,57000,90000,47000,47000,56000,67500,75400,101000,90000,107000,100000,112000
2113,1,37000,3,1,37000,35000,99,96,96423,30000,25000,3000,2400,2500,2950,1400,0,24000,58100,37250,56300,59400,83000,100500,125050,141600,390662,165000,150000,180000,220100,260000,240000,245000,300000
2114,5,15000,3,2,15000,24000,24,30,41386,21000,24000,32000,38000,30400,30000,46020,32000,45000,41050,64000,64000,59000,55000,-2,58000,-5,-5,-5,-5,-5,-5,-5,-5,-5,-5
2115,5,-2,3,2,-2,-3,14,18,15430,20000,23000,14000,13000,2000,6000,16000,8000,5000,4000,4920,-5,-5,-5,974100,244343,332808,390662,140000,479983,126000,-2,112000,6000,17557,-3
2116,1,-2,3,1,-2,-3,16,18,16465,20000,20000,14000,13000,25000,15000,10150,14500,30270,31984,33010,48100,54060,54000,55000,58000,63000,70000,71000,88000,107000,148500,200000,220000,90000,-3
2117,1,-2,3,1,-2,-3,14,17,14899,20000,20000,14000,13000,25000,25576,22000,22000,44000,49000,-5,-5,-5,-5,-5,-5,-5,-5,-5,-5,-5,-5,-5,-5,-5,-5
2118,1,30000,3,1,30000,34000,23,25,29846,34000,46000,51000,-2,33700,14400,28300,42000,23840,16400,36300,41000,62000,51000,51000,59000,-5,71000,77000,-5,-5,126800,-5,-5,-5,-5
2119,6,-4,3,2,7929,8191,74,70,60326,7684,8250,9315,9510,21300,27016,30712,28356,38286,37500,44296,46832,56416,-2,63000,67000,82000,148000,-1,45000,54460,69985,97460,93300,-5,-5
2120,5,18000,3,2,18000,16000,43,41,51624,15000,12000,4000,-2,15000,3484,23964,48500,23500,30512,32814,35500,37100,-2,-2,15000,59500,25000,4400,4000,16650,34500,-2,-2,17750,28000
2121,5,-4,3,2,15288,-3,31,30,23368,24200,25600,35000,35000,38000,34000,26300,20025,38300,49200,52000,-2,44361,40050,-2,87000,53600,-5,-5,-5,100000,46700,66676,-2,52000,83872
2122,1,20000,3,1,20000,34000,4,8,9545,37000,31000,39000,47000,40000,42000,64000,-3,18000,-3,-2,18239,23000,24000,36000,23000,40000,46000,48000,46000,56000,-5,-5,-5,-5,-5
2123,5,30000,3,2,30000,35000,50,56,60172,40000,35000,15550,15550,15568,23000,29040,26959,28898,36000,42010,37300,43200,41500,41800,43020,60000,54100,78000,77100,81650,99030,96020,126024,115200,135010
2124,5,30000,3,2,30000,35000,59,67,84248,40000,35000,65000,45000,48000,45000,4035,24500,32650,37850,43200,33806,42350,45500,46350,56500,74400,90200,105350,479983,203000,235000,203000,205500,152000,170000
2125,5,-2,3,2,-2,5850,63,44,41508,13100,-2,5420,10904,10720,10749,17913,18000,21000,30350,-2,22020,18820,17252,-1,-1,21040,21820,-5,-5,27007,59001,29001,37001,35000,35000
2126,6,4500,3,2,4500,11640,77,66,72964,1200,12025,10241,18400,21452,24053,27120,19000,22000,20000,22000,26000,-2,50000,31200,36000,35800,41000,40500,42450,51828,46000,52000,-2,-2,-3
2127,2,4500,3,1,4500,7600,13,15,19922,12000,8500,16000,18000,19500,8584,8000,0,0,14010,22000,14600,6640,11502,13500,21400,40000,62000,58000,48000,61000,57900,59000,55501,72340,-5
2128,6,4500,3,2,4500,7600,12,10,15610,12000,1716,5768,10173,13864,8898,5760,7008,7188,8998,9120,10599,11058,12740,15233,14000,14697,16400,2450,14000,8736,9948,9972,10092,10500,9165
2129,6,4000,3,2,4000,4500,39,35,37305,9000,12000,8000,2360,360,0,0,11000,14000,14007,22125,26033,26311,27026,34340,31350,40000,32800,26040,26260,24700,39700,12960,11200,11176,26322
2130,5,-3,3,2,-3,30316,49,51,49192,8500,21000,11800,12500,-2,7500,6986,9550,11550,14330,11536,13459,-2,12300,39000,47000,40000,52000,78408,70000,58000,37120,40792,21384,21120,-3
2131,5,18000,3,2,18000,2347,16,12,11193,5028,3216,2986,30000,40000,42000,40000,0,5700,19542,3224,45000,-2,-2,60000,-2,66000,54000,45000,61100,55200,59000,75479,90212,89000,30200
2132,5,20000,3,2,20000,24000,54,45,55993,23000,15000,12600,-2,18320,21000,24000,30000,30010,37100,38000,43075,37050,41020,0,57000,70000,-5,-5,113550,-2,153040,145000,156000,154100,257564
2133,5,23750,3,2,23750,-3,52,51,48488,32000,39000,12800,15600,18100,20800,30000,33000,32500,26116,30000,34020,43000,32000,20550,48500,66830,84600,-2,70800,85000,80000,82800,88000,97000,99000
2134,5,23750,3,2,23750,-3,5,7,9566,0,9572,13050,14675,16444,16700,13340,0,3645,23100,24600,14800,11200,12440,30220,-2,-2,21757,13500,10169,20000,19800,18000,19000,0,9036
2135,1,14000,3,1,14000,25000,12,15,18212,0,3925,21000,11535,1740,5080,21000,41000,38000,36000,36000,37400,36000,17500,42000,54000,53000,53200,41500,70000,76700,80000,58000,55000,20000,76800
2136,5,10000,3,2,10000,15000,59,56,55103,16000,15000,25000,27000,32000,30000,-2,21200,-2,17100,16412,28009,33916,-2,-2,25000,27240,32000,33000,34500,37652,37881,36906,41000,41000,43000
2137,5,10000,3,2,10000,-3,38,49,58069,2500,28270,25010,26000,-2,30000,35100,35250,36200,42250,48300,49100,63000,62000,65400,85200,110500,150300,150000,176000,177000,150000,-5,-5,-5,-5
2138,1,10000,3,1,10000,-3,55,64,71840,20000,40000,23000,27000,32000,30000,20000,22000,-2,42800,37010,39640,45000,59000,36225,52000,78000,48000,88040,66000,48000,82000,97700,90500,100000,116000
2139,5,8000,3,2,8000,16000,71,80,73026,15000,23300,28000,16000,-2,7050,26000,19000,1057448,74200,48300,72120,160097,189918,133000,-2,-5,-5,-5,-5,-5,-5,-5,-5,-5,-5
2140,5,20000,3,2,20000,23000,39,29,40889,25000,22000,40000,20000,17050,7500,65900,11500,-2,13150,41600,48300,47000,35900,-2,-2,-5,78200,-1,87000,105800,83400,95700,90000,99900,-3
2141,1,-2,3,1,-2,18000,21,15,15355,-3,15067,2055,-2,16000,12000,7500,-2,-2,24000,28000,41500,40050,30000,72500,36000,35000,40200,7000,93000,58130,80000,65000,63100,72000,73100
2142,5,-2,3,2,-2,6230,49,48,45000,30000,-2,24000,23000,28,-2,-2,-2,12400,-2,18780,22280,18800,-5,-5,-5,-5,-5,-5,-5,-5,-5,-5,-5,-5,-5
2143,1,-1,3,1,-1,29000,33,37,35041,-5,6300,10000,10000,30000,870,15896,11454,20892,19251,27528,13440,25050,20275,20100,32164,31200,30000,34200,55300,54344,55100,56500,80024,-5,-5
2144,1,9000,3,1,9000,-3,97,93,94079,498,7500,7500,14000,5800,8000,5000,0,22000,13250,12150,20000,30400,33000,36000,55000,48000,51000,50000,57000,57000,52400,28704,130000,147000,130000
2145,1,20000,3,1,20000,-3,56,57,61172,10000,15000,20000,33000,29000,23190,31500,-2,29000,27000,32500,36000,48286,27520,49000,57500,55000,55000,76000,82000,90000,93000,115000,100000,100000,120000
2146,5,13000,3,2,13000,21000,60,53,55691,30000,12000,16500,18000,28000,26000,20000,8600,23500,22000,29500,24000,27568,27040,24630,8408,-2,12030,29056,31000,29000,8676,11988,24912,12768,13045
2147,1,22000,3,1,22000,27000,90,85,77202,22000,20000,23000,20000,19000,28000,23220,20650,22000,25200,27120,25700,28050,28050,28045,29030,31400,32000,35100,40000,92000,86000,92030,94030,107500,138545
2148,5,26000,3,2,26000,30000,46,53,63751,1700,16277,28905,-2,316,1695,16804,29308,12853,11040,41884,36920,42600,12000,37000,47718,41897,2580,18700,16557,13074,16387,1360,-2,-2,12000
2149,1,26000,3,1,26000,30000,78,74,90353,8000,1500,-3,-2,200,3400,7000,14010,7010,3000,8000,9000,7003,15000,14000,0,6200,-2,21000,0,1200,14000,27000,30000,-5,-5
2150,5,-1,3,2,-1,-3,21,23,21693,28000,50000,25000,24000,28000,30000,-2,18000,22000,21000,23000,21000,23000,23000,28000,6400,-5,12000,-5,-5,-5,-5,-5,-5,-5,-5
2151,1,28000,3,1,28000,40170,71,75,83719,46000,48000,61500,62000,50000,50000,-5,19005,18000,27000,21010,23000,21908,27025,63000,55000,-5,-5,-5,-5,-5,-5,-5,-5,-5,-5
2152,5,17000,3,2,17000,-3,55,47,46721,20800,22800,23000,14000,9160,18000,8500,23000,26200,44000,31000,-2,32000,33500,32204,35800,19000,22000,21000,35300,26000,25000,26000,29000,29756,28000
2153,5,17000,3,2,17000,-3,39,39,37209,8613,5781,26000,11554,10286,12591,10140,12072,14800,16965,9000,20400,16992,21152,27900,26115,10100,8869,14760,15500,3591,32000,59435,-2,53835,48100
2154,5,9500,3,2,9500,12000,90,95,95048,18000,18400,18600,24000,26075,28000,23000,30000,29000,33100,36100,37550,36100,-2,-5,-2,-5,-5,-5,-5,-5,-5,-5,-5,-5,-5
2155,5,26000,3,2,26000,35000,55,70,81840,6400,6000,7000,-2,14500,17500,20000,22500,27100,29900,74900,88000,89000,189918,974100,244343,332808,150000,240000,250000,205000,250600,250000,258000,292000,65000
2156,5,26000,3,2,26000,35000,33,32,53265,35000,35000,35000,30000,40000,26000,43850,-2,20820,38500,39000,39900,43000,32200,60150,67130,23000,48000,53424,52100,-2,57200,-2,69082,68198,-3
2157,1,9996,3,1,9996,-3,49,39,37901,11736,7300,14661,9400,10575,11829,11037,18100,10500,11600,12653,15581,13309,8900,13700,19000,22000,23011,45500,38000,21000,32000,32811,58000,56000,33000
2158,5,-4,3,2,15100,1355,68,68,63872,2148,7116,4764,4692,5469,6100,20550,35000,26000,31000,27735,37000,9000,8520,9700,7000,10000,10000,7000,5400,11648,15628,12520,11068,11440,10426
2159,3,7200,2,1,7200,6012,58,64,66343,7920,5900,1600,14500,14000,33000,51200,58200,36750,40000,80500,82600,80250,91350,97000,54000,75000,72000,85000,72000,90000,94500,100000,108000,78000,64000
2160,2,4200,3,1,4200,4980,2,3,2670,7920,10400,6600,9017,-2,7892,6367,8277,10362,8690,9984,11612,16500,15600,22180,22938,11700,-2,15000,21088,21344,33638,40000,24500,22519,-5
2161,5,-4,3,2,-3,18000,77,71,75888,21425,23803,28167,32000,31000,-2,34400,33000,24000,-2,33083,44240,40000,42314,50800,62000,-2,71000,69000,76812,71172,-2,-5,-5,-5,-5
2162,5,19000,3,2,19000,21000,71,74,83656,31000,35000,41000,25200,32702,23853,18800,11000,30000,40040,36060,36000,6000,-2,62000,83000,90100,129570,408473,269568,236030,220000,95000,138000,140000,110000
2163,1,25000,3,1,25000,14150,35,41,28730,23100,24100,24700,26456,42280,41500,43500,43500,48000,44700,85200,53000,67400,35500,64670,25500,21000,40300,40200,80100,95300,87100,105000,100100,136000,105300
2164,7,5774,2,2,5774,17000,46,49,64628,12000,16800,5500,3000,9200,17005,18820,45525,75150,72700,39515,46365,55510,88100,81625,67725,49215,82620,106100,103900,127500,94432,174225,212284,207000,199000
2165,5,15000,3,2,15000,2600,25,31,26635,15729,27358,25000,24000,0,0,400,-3,-2,3000,14000,13310,23000,13020,15600,9998,9900,19400,18400,12000,22000,32515,23187,27800,26000,52574
2166,1,27000,3,1,27000,-3,-4,-4,-5,-5,-5,-5,-5,-5,-5,-5,-5,-5,-5,-5,-5,-5,-5,-5,-5,-5,-5,-5,-5,-5,-5,-5,-5,-5,-5
2167,5,27000,3,2,27000,-3,35,32,31225,-3,-2,5800,-5,-5,35500,-2,-2,-2,-2,55000,57000,34000,42000,36020,35000,44300,76000,69000,96000,-5,-5,-5,-5,-5,-5
2168,1,35000,3,1,35000,-3,93,86,88021,2700,6000,7170,12000,13214,22250,26500,33000,25000,26000,26500,26500,27000,28600,62100,71100,77000,86000,60000,57600,-2,52000,55000,52000,50000,55000
2169,3,40000,2,1,40000,-3,62,63,68018,40000,60000,20000,7528,8500,15000,18060,10556,13950,19100,20025,21000,23000,25200,27000,56000,66000,71000,76300,75200,85000,82000,89060,75000,75000,75000
2170,3,-3,2,1,-3,-3,63,72,74954,40000,-2,480,-2,15955,16115,25962,14050,13050,21320,20014,21196,17327,17044,17080,20865,-2,71224,54400,51496,75907,-2,70200,69800,81900,73900
2171,3,-1,2,1,-1,-3,17,23,25417,20000,26000,20000,5235,9370,12030,63020,60020,80500,79020,64000,67300,-2,72020,-2,23150,40200,80200,65000,94000,84000,78000,109000,91225,-2,-3
2172,1,21000,3,1,21000,22000,40,31,35637,23000,31000,35000,12610,13025,35415,39200,43200,43112,39100,40000,839078,68600,76200,80550,59400,96800,55900,86000,123200,88632,90000,68400,85000,93300,96000
2173,1,20000,3,1,20000,12000,60,59,61735,19000,25000,13550,16584,18080,21590,22590,26250,29360,36800,34000,34300,36250,36700,53400,59150,60440,77590,67550,80120,95500,103560,64000,68000,62040,-3
2174,6,5804,3,2,5804,7317,35,28,37546,-3,3400,9940,12825,16500,21665,18200,13000,4000,6500,11700,9700,9000,17500,34600,57000,142000,20128,13472,8500,-1,32076,27932,31580,38600,33315
2175,5,-4,3,2,-3,6040,24,15,10247,12140,-2,9520,20508,25634,24210,31595,36840,37300,21050,21420,18885,22300,3118,25190,57520,74120,65000,111800,86200,108000,39200,-1,-5,-5,-5
2176,5,-1,3,2,-1,-3,50,40,41967,7000,28550,21605,23200,31692,32410,17000,42900,44000,48050,51100,20600,23000,26000,47000,53100,42460,-5,166000,-5,52720,45000,48200,54000,-5,-3
2177,1,-1,3,1,-1,-5,-4,-4,-5,-5,-1,-2,25000,-2,9820,20000,21768,22000,21826,25600,-2,-2,44660,-2,54565,57581,-5,78885,113871,91086,91809,97310,86173,93343,106752
2178,1,32000,3,1,32000,7000,71,54,72005,-3,75001,-1,-2,11000,12000,-2,-2,30000,32000,43000,52800,66500,-1,-2,70000,-1,40500,-1,70000,-1,-1,-1,195200,204300,-3
2179,6,2887,3,2,2887,1200,2,2,1150,-3,7000,8400,13221,15160,18221,18060,3372,6792,7420,9436,1500,13200,-2,22364,17570,17040,-5,-5,-5,-5,19000,23000,-2,17000,55000
2180,1,10600,3,1,10600,17000,35,41,45257,23379,10419,16000,23800,26280,28000,30000,38020,29000,24000,-2,34050,34100,37200,35000,50350,49000,47000,51020,55000,58005,56000,59000,-5,-5,-5
2181,5,10600,3,2,10600,17000,35,48,59167,23379,316,16000,19000,20000,-2,2932,14390,4690,-2,5244,5200,6331,4503,4932,-5,-5,-5,-5,-5,-5,-5,-5,-5,-5,-5
2182,1,10272,3,1,10272,11436,82,65,75725,14000,10000,18000,20500,10000,-5,-5,10000,16000,12000,30000,26175,33000,38000,68000,44000,-5,69624,62020,65000,65000,150000,-5,-5,-5,-5
2183,1,-2,3,1,-2,40000,44,56,49559,20000,35000,22600,26700,33080,39000,44000,50000,53000,56000,62000,62200,64000,66000,71200,76000,91000,87000,92000,97000,95000,115000,120000,134000,140000,150000
2184,1,-3,3,1,-3,-3,69,71,72382,-3,42030,7500,8600,-1,-2,-1,-1,-1,-1,-2,-1,-1,-1,-1,30000,30000,50000,45000,93305,65000,15120,-1,-1,-1,-3
2185,1,-3,3,1,-3,-3,54,50,56926,60000,75001,-1,-1,11000,15032,17000,47000,49000,69500,52500,47000,-2,-2,57000,71000,75000,90000,-2,87600,125000,102000,121000,90000,105000,118500
2186,5,-2,3,2,-2,20000,94,80,85259,-3,-2,4000,11900,13000,-2,-2,42000,49000,-1,-1,-1,-1,-1,-2,-2,-2,-1,-1,-2,-1,-1,-1,-2,-1,-3
2187,1,18000,3,1,18000,15000,34,40,36060,18000,35000,43200,30950,24000,34030,47400,18000,80000,-2,-2,-2,-2,-2,-2,-2,-2,-2,89000,90000,89000,85000,-5,85000,135000,100000
2188,1,18000,3,1,18000,15000,23,14,17457,18000,20000,50000,45000,50000,80000,90000,-2,35200,25300,26200,32000,96300,25000,28060,45200,38000,12500,30000,36000,78000,105000,35000,33000,40000,46500
2189,2,-1,3,1,-1,-3,63,71,78361,-3,2525,2520,3015,2515,3510,24150,21200,-2,31100,70200,55200,45500,36540,-1,42300,53000,44300,47200,59000,63000,76000,82000,105000,92000,100000
2190,5,17000,3,2,17000,18730,37,25,22950,20164,28600,21000,23000,22170,25600,33500,36800,36000,37000,36000,44500,37000,40000,49040,51100,56100,53500,59000,61500,59500,55000,91000,86000,94000,90000
2191,1,-4,3,1,12045,17030,42,41,32061,17530,17340,17708,18540,17508,26250,29764,22100,25990,31040,33000,41080,37050,-2,36555,46075,-2,44000,74000,75650,61200,65000,61100,85000,66000,60880
2192,1,-4,3,1,9680,-5,-4,-4,-5,-5,-5,-5,-5,19500,21449,21000,27040,24000,28070,30050,24030,-2,-2,-2,-5,-5,-5,-5,30000,-2,-2,-2,-2,-2,-3
2193,5,-4,3,2,9689,-5,-4,-4,-5,-5,-5,-5,15080,-2,21771,24000,27040,24000,28060,30050,24032,-2,-2,-2,42010,35000,45000,37580,38400,44200,42035,50000,75013,69000,78000
2194,1,9689,3,1,9689,-3,13,10,13425,22000,18000,-5,-5,-1,-1,-1,-1,-1,23920,29200,19000,19000,-2,27000,-5,-5,2000,34850,30000,324,2450,1200,12000,0,39820
2195,1,-4,3,1,12725,-3,19,19,20150,12000,15464,17976,35000,35000,15000,16000,15000,14660,24000,14112,27000,28000,26406,34000,-2,0,12000,12000,12000,500,27000,-5,-5,-2,-3
2196,5,-4,3,2,12725,13422,60,44,42225,10100,18172,16712,11286,10708,11475,14920,17080,15820,15730,15000,-2,6118,5720,19000,59428,64000,95000,70640,59770,60810,21632,32270,23760,37276,29916
2197,3,6079,2,1,6079,6300,1,5,9445,6000,-2,7000,10000,6000,15843,6000,12000,2000,-2,-2,-2,-2,19760,-2,12000,2800,-2,6080,18600,0,90,-5,0,-2,3000
2198,1,-4,3,1,10000,13000,42,41,38900,12000,22000,20000,-2,34000,-5,-5,-5,-5,-5,-5,-5,-5,-5,-5,-5,-5,-5,-5,-5,-5,-5,-5,-5,-5,-5
2199,5,-4,3,2,-2,13000,60,71,72237,12000,21500,26000,-2,34000,32000,-5,-5,39300,-5,-5,-5,-5,-5,-5,-5,-5,-5,-5,-5,-5,-5,-5,-5,-5,-5
2200,5,42000,3,2,42000,13000,81,91,96691,13000,13000,17000,30000,35000,50000,9620,18040,14025,13020,33030,-2,60200,78200,108150,-1,120500,110100,150050,479983,150500,1000,120200,160050,144000,224800
2201,5,-4,3,2,5000,20000,39,42,36411,20000,-2,40000,12150,14915,90000,21230,5020,18080,19000,23025,29050,27260,-2,37450,50650,-5,-5,28050,32000,30142,28030,29050,22140,32060,37100
2202,1,23000,3,1,23000,20000,71,79,81080,30000,75000,40000,38000,8470,12483,17800,19400,25400,30100,33200,33300,34500,35050,36012,47100,41050,41000,37500,46100,39000,36540,38000,5000,27000,30500
2203,5,25000,3,2,25000,5000,35,28,26932,-3,4185,6500,11510,15600,14000,14000,23000,30266,29000,30310,18500,-2,23800,23630,30220,28080,24160,26360,25500,18800,48500,23000,11500,25000,30000
2204,5,10000,3,2,10000,13100,64,61,61699,9068,7800,15115,20400,15681,8551,59000,5800,24000,19050,24000,35000,40500,54000,44010,52250,49000,72000,76000,76390,91200,87138,68000,67200,32152,-3
2205,5,15000,3,2,15000,18500,51,51,53188,20000,25000,35000,40000,74000,40000,31210,-3,40000,-3,43000,15500,60600,-2,53708,53169,-2,61150,76200,142884,75440,71798,-5,28980,38200,37116
2206,5,-2,3,2,-2,-3,4,5,6257,5000,-2,1799,4952,-2,-2,7480,-3,0,-5,0,-5,-5,-5,0,0,-5,-5,0,2400,5100,11308,-5,-5,-5,-5
2207,1,8000,3,1,8000,12000,79,59,70593,-3,9752,4500,11000,10000,13000,-2,15500,19500,-3,21000,21000,58800,39500,43200,244343,100000,80680,81500,63500,75000,100000,50000,50000,69000,49642
2208,3,11000,2,1,11000,12000,21,21,23700,14000,21000,20000,22000,20000,35000,38000,37340,22000,77260,31600,20500,-2,24980,26000,24000,32000,29671,19400,25000,20000,19272,66000,11200,2676,14592
2209,3,11000,2,1,11000,12000,13,16,18385,14000,21000,20000,22000,20000,35000,13000,16000,26379,24000,29120,23900,-2,-2,27030,30000,-2,57000,44120,65000,59000,90000,100000,101000,-5,-5
2210,7,11000,2,2,11000,12000,21,15,24295,14000,21000,20000,22000,20000,29384,30840,24400,42700,41000,48000,45000,-2,46000,45000,4800,42000,-2,-2,40800,-2,49000,49496,-5,-5,-5
2211,7,-1,2,2,-1,-3,17,15,20545,-3,-1,15000,11401,9507,13900,19600,23000,25000,24000,21000,22040,23000,23120,23450,27000,22000,18000,16240,40200,48000,35000,38000,56000,56000,60000
2212,7,-1,2,2,-1,-3,16,13,23030,-3,-1,15000,25000,40000,24000,20752,11800,13300,13000,17080,14030,13000,17700,7600,3775,38600,28758,20040,13200,14400,15600,11844,11964,11964,11904
2213,3,-1,2,1,-1,-3,4,5,17477,-3,-1,15000,25000,-2,13321,2000,900,0,11000,-2,18000,-2,14000,-2,0,0,5000,0,20000,500,11610,-2,0,9192,0
2214,7,11000,2,2,11000,21000,38,27,34895,13500,11000,18036,24180,39000,45000,10400,26500,36400,28850,36035,40800,28000,38600,47354,60078,68115,56300,-2,79000,58240,81850,107000,64500,0,235000
2215,5,-2,3,2,-2,15046,81,74,82989,8000,20100,19000,17400,17584,8030,6000,-2,11360,-2,16860,16660,-2,32500,38600,43620,40000,32600,86000,127500,44328,35132,26000,43960,43600,50000
2216,2,-4,3,1,13900,12850,52,47,49406,30200,13620,23189,-2,21112,27000,36275,46000,37700,50000,32000,43000,31000,37050,42000,244343,60000,92000,69899,65000,145000,130000,65000,-5,-5,-5
2217,6,-4,3,2,12200,12850,51,54,43910,18000,2850,-3,16414,21112,1590,-2,9618,10820,11115,14700,17775,17000,17171,9895,972,810,-5,12652,19620,12830,31612,39186,7560,7200,23572
2218,1,40000,3,1,40000,36000,67,48,63184,1500,25000,-2,60000,45000,35000,9000,22050,26100,25700,28000,29000,30100,30025,33000,42000,49500,58000,79000,85000,110000,85000,93000,102000,167000,205000
2219,1,16320,3,1,16320,25500,41,46,56923,6000,2720,8180,8930,65000,64000,62950,27700,15000,21700,32000,17600,19500,29070,46300,-2,64500,77000,79000,85000,-2,76400,77100,90000,99000,-3
2220,1,-4,3,1,3140,3000,99,99,97867,10000,16100,33100,37100,70000,65000,72000,57500,50500,63400,63625,82000,-2,-2,37000,65000,-5,70000,78552,82000,92100,89000,108500,118400,130000,-5
2221,6,-4,3,2,13010,28036,94,92,89867,18070,34264,25399,31025,48075,48750,51200,-2,-2,-2,1649,12000,-5,-5,-5,-5,17400,23136,24456,22732,-2,-2,34424,16764,33600,16800
2222,1,14000,3,1,14000,4549,99,97,92442,2846,4200,5148,2000,5080,-2,3700,0,6000,10000,22645,22187,27386,31362,21132,24923,39715,63640,73100,72672,77775,82213,69403,97000,95069,-3
2223,1,8000,3,1,8000,7500,33,39,39914,500,20000,15784,13173,25000,42000,45000,-2,29000,-2,-2,-2,50000,47000,68000,67000,42000,48000,58000,55000,60000,65000,80000,83000,68000,85000
2224,5,8000,3,2,8000,3790,13,13,17081,5480,-2,2622,800,7000,11350,11000,7000,9725,0,2043,54137,-2,39280,90000,55736,62144,36360,6780,5000,157000,39678,10650,24840,35368,34040
2225,7,18867,2,2,18867,20968,17,16,16597,-3,35000,-2,9000,35000,18000,12000,13050,-2,-2,34356,-2,23020,32000,45268,44414,-2,47993,48500,58000,101317,119512,157200,146000,180000,198000
2226,3,18867,2,1,18867,20968,5,6,10061,-3,1400,1400,0,-2,8000,4000,6000,1300,5000,0,-2,-2,-2,0,-2,-2,10000,-5,0,27000,18500,38000,26000,47000,41000
2227,1,21000,3,1,21000,17000,32,30,36775,17300,26900,25800,28000,28000,13500,23030,25030,30500,32080,35500,27280,26050,30500,38800,42000,40000,24500,42000,47763,-2,50000,55000,33440,54000,28000
2228,5,50000,3,2,50000,57000,23,14,14828,3739,4000,6030,3000,4600,9100,8500,15100,15000,35000,37055,-5,40000,-5,43000,-5,-5,-5,-5,-5,-5,-2,-5,-5,-5,-3
2229,5,11000,3,2,11000,12250,52,54,64933,1000,21500,31000,11000,14419,15828,11300,-2,-2,51125,65070,78050,-2,36530,19100,-2,-2,-2,-2,55250,43000,-2,-2,-2,38000,32020
2230,5,11000,3,2,11000,12250,79,78,88797,1000,21500,31000,14410,14014,18620,38015,47020,61150,62875,65200,76350,49250,51950,52030,41000,51000,54800,46700,45600,75626,70097,74320,78500,78500,99200
2231,1,-4,3,1,8010,10000,-4,-4,-4,8720,9850,10650,14600,13050,12815,19348,17100,17000,28850,18000,28000,18000,-2,25030,21000,24500,29000,35500,39000,48000,52900,-2,-2,-2,-3
2232,5,-2,3,2,-2,30000,38,35,44225,30000,29000,30000,19000,8000,30000,33000,-2,46000,50000,51000,57050,94500,48020,52025,60000,85000,-2,-1,105320,-2,-2,-1,-5,-5,-5
2233,1,-1,3,1,-1,32000,44,36,46278,-3,65000,33000,40000,37000,35000,4000,10000,20000,21000,27000,32000,57030,42020,71200,67200,83300,93200,100000,121000,130100,142500,80000,-2,46000,108000
2234,5,-1,3,2,-1,32000,46,41,47958,-3,65000,33000,40000,-2,31300,26030,37520,42030,54000,56050,62800,60012,66000,72550,72000,-2,80000,103000,129030,102000,125847,60320,100400,-2,105000
2235,5,-3,3,2,-3,-3,59,61,51156,5966,5625,-2,-2,13250,13450,15800,18037,-2,-2,75500,88500,160097,86000,-2,115000,-2,85000,75500,75000,75000,-2,80000,-5,-5,-5
2236,1,-1,3,1,-1,-3,35,52,63275,-3,22000,26000,27000,26000,37000,22500,25000,46000,-5,50000,48900,42000,54100,-2,84000,89000,-5,-5,-5,-5,-5,-5,-5,-5,-5
2237,5,35000,3,2,35000,36000,84,88,92195,35000,60000,-2,16100,22000,-2,41100,43700,49950,58400,-2,35100,-2,56100,70600,75200,94000,75000,80000,109500,-2,121000,120000,132000,131000,126800
2238,1,35000,3,1,35000,40000,84,90,86256,50000,55000,50000,75000,100000,6000,20045,23000,30000,30000,30000,51000,52000,52000,32000,40000,45000,53000,50000,-5,105000,155000,-5,50000,112000,173000
2239,1,26400,3,1,26400,40000,99,98,97213,45000,35000,50000,50000,60000,33740,39000,45100,53000,39000,42400,58000,60000,68000,-5,145000,-5,-5,110000,120000,150000,150500,130000,150000,-2,-3
2240,5,15760,3,2,15760,300,18,12,7800,0,-2,6800,2439,6837,3244,1068,6580,5842,-3,-2,-3,-1,5440,7474,22150,2400,3600,-5,2040,2000,0,0,0,-2,-3
2241,1,18000,3,1,18000,20000,50,45,43809,15000,19000,22030,40000,-5,-5,-5,-5,-5,-5,-5,-5,-5,-5,-5,-5,-5,-5,-5,-5,-5,-5,-5,-5,-5,-5
2242,5,-2,3,2,-2,40000,58,59,56049,15000,-2,13022,13000,55000,70000,12000,17150,15000,18700,34030,38000,38000,36000,2000,42000,44500,47000,50000,57000,64000,-5,-5,-5,-5,24576
2243,5,25000,3,2,25000,4000,76,74,68307,50000,-2,55000,32019,6250,29525,25000,27800,28856,36200,48300,70200,160097,-2,88200,107000,93000,105000,72100,75000,82050,-5,-5,-5,-5,-5
2244,5,18200,3,2,18200,-5,-4,-4,-5,-5,-5,-5,-5,-5,-5,-5,-5,-5,-5,-5,-5,-5,-5,-5,-5,-5,-5,-5,-5,-5,-5,-5,-5,-5,-5
2245,5,-3,3,2,-3,-3,67,71,77208,21000,26500,25000,13500,22520,23025,25500,24000,28700,36000,88100,99700,39200,93540,42000,33500,40500,45200,45300,52100,55300,61200,71800,86000,80200,177300
2246,5,-2,3,2,-2,-3,49,79,78739,22000,20000,25000,30000,32000,35000,24000,10000,8000,12100,8000,10000,16700,17465,13500,12000,15000,22840,22000,8000,22600,19000,21000,22952,7334,12000
2247,5,-4,3,2,7800,7000,78,65,68218,6294,8000,7000,8686,13000,21000,20000,15000,22000,50050,47020,46900,32000,35010,52300,48000,50000,50000,56000,116000,62800,52000,44000,-5,48000,62000
2248,1,-4,3,1,11000,-5,72,61,45670,16500,16800,15900,18500,19500,29020,31000,48050,45000,38792,29000,45000,51775,-2,18500,44100,39800,-5,32000,-5,-5,-5,-5,-5,-5,-5
2249,5,4000,3,2,4000,4000,10,4,2409,1488,8000,8700,5577,10000,17000,18000,21020,45000,40000,49628,44000,43200,48050,55000,44000,45000,54000,-5,-5,31000,30000,28000,30000,36000,38000
2250,7,7000,2,2,7000,-3,6,5,9393,-3,-2,2793,4404,4854,6179,4640,8136,7790,13400,25412,8680,15000,15000,22000,1500,2000,10400,22050,47500,-2,-2,-2,0,-2,58225
2251,7,7000,2,2,7000,-3,6,8,6124,600,3255,6050,9990,12550,12241,16000,22222,15102,15000,12360,20000,27000,35000,54000,44000,45000,36308,26187,9725,10000,42132,26800,28000,30000,28800
2252,7,6668,2,2,6668,11580,5,6,8956,-3,-2,0,3828,-2,-2,30032,24960,-2,10800,19148,-3,-2,34990,25378,31600,43040,22040,23000,23000,22000,27060,1200,-5,-5,-5
2253,7,7000,2,2,7000,11580,8,8,10357,-3,-2,-2,14448,-2,12000,-2,-2,11102,6840,8340,8640,1652,600,-2,-2,-2,1300,1100,0,0,7414,8376,3384,1968,6676
2254,8,15000,1,2,15000,20000,6,6,5171,24198,20000,12000,45000,4270,6770,18000,12964,10000,10000,12000,15340,10000,10000,12000,20000,50000,50000,64000,90000,49950,60000,61500,41000,70000,82000
2255,4,15000,1,1,15000,20000,10,13,16200,20000,4400,17600,15800,13000,25600,11500,7992,22000,21000,23200,41000,66000,51000,37000,34000,66000,51000,-2,70000,-5,-5,-5,-5,-5,-5
2256,1,12000,3,1,12000,15000,34,41,46836,9000,24000,15000,20000,8000,-5,-2,-5,-5,-5,48000,53500,-5,-2,-5,-5,-5,-5,-5,-5,-5,-5,-5,-5,-5,-5
2257,7,-2,2,2,-2,-3,18,22,31476,-3,5000,2700,7000,1100,5000,-5,5000,3680,4632,5004,5196,7380,-2,16360,14130,-2,20450,-2,17080,-2,31083,0,0,2000,0
2258,3,-2,2,1,-2,-3,1,1,69,-3,4000,3000,2800,6000,6000,8556,2800,-2,9000,9000,9800,7700,9800,0,-5,-5,-5,5000,0,9156,-2,20952,10140,10992,11232
2259,7,-2,2,2,-2,-3,14,22,26578,40000,75001,-2,59000,68000,80000,17500,-5,-5,-5,-5,-5,-5,-5,-5,-5,24000,29000,-5,-5,-5,7000,11900,19000,23000,15000
2260,7,-2,2,2,-2,1656,17,15,16199,12926,6082,27000,-2,-2,14600,16126,11000,33000,25400,28000,26500,-2,10000,18000,37000,-2,-2,53200,-5,-5,65000,5500,41200,45000,51000
2261,1,6500,3,1,6500,12609,4,3,7878,4656,12000,-2,-2,17000,-2,37200,122,-2,0,0,0,16600,30000,41800,45000,74000,68800,62000,59000,-2,16152,51000,-5,39520,-3
2262,7,-3,2,2,-3,8498,11,11,10575,12516,-2,4000,8928,3000,8572,10429,8232,11848,-2,14516,20200,-2,-2,25568,14564,5600,-2,3500,11144,6944,4480,-2,18620,15800,6480
2263,3,-2,2,1,-2,8498,43,48,57599,5000,7000,10500,10000,7000,10000,2800,4020,10000,12000,13600,6775,26475,30000,30015,30040,35000,36000,40000,45000,45300,40020,45000,45000,50000,50000
2264,3,10000,2,1,10000,23000,33,35,42749,19000,20000,20000,-2,40000,23000,18400,21030,33000,31876,27000,-2,5000,12800,21700,29400,31500,23000,24000,13000,5000,9740,800,13000,5000,15700
2265,7,4040,2,2,4040,12000,22,19,20490,-3,1010,-2,2400,-2,7608,6672,7572,6316,6648,-5,6720,5100,-2,14800,20000,-2,57000,30000,15000,53000,0,27600,0,0,0
2266,3,40000,2,1,40000,27150,3,6,5007,13900,18400,20000,20000,15000,40000,40000,58100,-2,0,-2,-2,68000,23915,-2,2300,-2,-2,15000,17000,-5,36000,9000,-5,42400,31000
2267,7,-2,2,2,-2,-3,6,5,3045,1896,5268,6348,8000,6512,4392,8112,7992,8196,10155,11136,5232,5760,12000,8972,7080,7724,-2,9548,2080,-1,10056,6312,5988,13620,5160
2268,7,-2,2,2,-2,-3,13,15,23549,-3,582,2000,8000,3000,-2,3792,2080,7080,7800,1090,10400,1400,0,2000,-2,-2,-2,-2,0,1000,-2,0,0,-2,0
2269,3,-2,2,1,-2,-3,7,4,3375,-3,8000,-2,3000,-2,8000,17800,17000,-2,13560,-5,-2,8000,10000,13000,-5,20000,28000,26000,30000,38000,50000,28000,22270,28812,-3
2270,7,17500,2,2,17500,-3,16,16,21855,31000,30000,40000,12000,13000,13000,14000,16000,16000,16000,16500,-2,17500,19000,17000,20000,9194,16032,18000,15000,15784,13000,50000,76000,64000,70000
2271,7,17500,2,2,17500,-3,17,16,18606,31000,30000,40000,-2,-2,40000,-2,-2,-2,-2,34700,39000,960,2736,2400,1620,750,33000,29000,31000,-2,28000,76000,67000,-2,34000
2272,7,17500,2,2,17500,-3,49,52,58780,4627,-2,9000,5621,20000,15900,32000,16100,20610,30727,13000,40318,30650,38081,12525,24400,44400,54400,57400,-5,-5,-5,68000,-1,-5,-5
2273,3,-2,2,1,-2,3240,5,4,3021,3768,5180,-2,5000,1000,3000,0,20000,4200,18200,15600,18200,18200,19500,3200,-2,30000,5200,7500,35200,24400,0,20600,-2,0,0
2274,5,7800,3,2,7800,10164,6,7,6793,11140,11300,15500,19400,18500,30592,33300,38000,47048,40000,41000,40000,32000,73000,42600,33000,42000,-5,-5,-5,-5,24444,61040,50336,62492,-3
2275,5,-1,3,2,-1,-3,27,25,49501,-3,35000,40000,15000,17000,23000,12600,-2,15416,21710,32500,20829,28000,31515,29515,33850,45700,52822,41500,57000,73300,70100,69228,86150,107823,89000
2276,2,6000,3,1,6000,11362,46,41,62253,3969,3500,35000,-2,9000,7000,18300,21500,21500,25000,26000,22000,26020,18168,28200,25000,41152,46935,61720,65000,84400,112000,-2,-2,136600,-3
2277,1,-2,3,1,-2,25000,77,89,96662,27000,22000,20000,4025,40000,-2,50540,25720,28950,38300,47000,49400,52000,50700,62700,76600,85800,98600,99000,100000,118500,117000,124870,136500,126000,116000
2278,5,35000,3,2,35000,43000,82,87,77514,36000,34000,15000,23020,27948,27313,30389,38200,30300,31300,33250,55000,50000,63000,70035,65000,70000,72400,80000,49000,51000,49100,45000,50000,72000,63000
2279,1,-4,3,1,12911,13000,-4,-4,-5,-5,-5,-5,-5,-5,-5,-5,-5,-5,-5,-5,36350,31000,-5,-5,-5,-5,-5,-5,-5,-5,-5,-5,-5,-5,-5
2280,5,-4,3,2,13566,1300,-4,-4,-5,-5,-5,-5,-5,-5,-5,-5,-5,-5,-5,-5,-2,-5,-5,-5,-5,-5,57100,-5,-5,-5,-5,-5,-5,-2,-3
2281,5,-4,3,2,12701,17551,13,15,9608,30545,18000,21000,-2,18000,22000,23880,21400,29300,17061,25000,39000,36500,26300,43100,71000,-2,-2,12900,0,0,19295,22800,-5,0,24216
2282,5,9000,3,2,9000,8000,52,69,71586,-3,8000,12000,-2,-2,40000,-5,-5,-5,-2,-5,-5,-5,14320,-5,-5,-5,-5,-5,-5,-5,-5,-5,-5,-5,-5
2283,6,-1,3,2,-1,-3,64,52,37632,-3,7000,8300,9300,-1,14900,-2,-1,18569,35500,22500,26000,45050,55450,45182,55000,39500,-2,43800,172562,-2,190000,45200,58488,48509,-3
2284,5,7000,3,2,7000,10650,86,97,95913,-3,8621,6837,4460,5400,9000,8000,39360,-2,-2,17515,56325,60000,94040,21500,26000,30000,23080,24000,101400,29501,47642,42000,22000,28900,40000
2285,5,-4,3,2,2700,23000,89,78,72013,19500,49260,31000,67000,44000,47300,51000,100001,60000,146942,159805,839078,67000,75000,117000,135000,120000,80000,70000,80000,133000,160000,110000,115000,78000,99200
2286,5,40000,3,2,40000,65000,87,84,96655,25000,25000,20000,2000,3400,2000,19000,61000,37000,34000,36600,25200,25500,29203,-1,-1,-1,138000,-1,157000,-2,180000,180000,200000,205000,230000
2287,5,-2,3,2,-2,-3,78,89,92330,25000,-2,40000,19000,34000,36500,19420,-2,99000,59030,57850,67420,55000,63000,62500,78845,80000,92000,102500,119000,140500,-5,207000,240000,295000,255000
2288,5,-2,3,2,-2,-3,49,59,78609,25000,-2,40000,49000,35000,40000,9000,-2,85000,36000,46000,52000,26509,81737,125000,120000,135000,106000,-1,118000,-5,40108,92000,-5,122000,-5
2289,5,-2,3,2,-2,-3,49,49,46780,13986,22646,21100,25500,28400,31000,40356,13400,41900,41000,20000,25700,35880,37496,-5,40000,15000,3600,8148,20000,15500,15000,-5,2400,37328,32328
2290,5,40000,3,2,40000,54000,94,91,93861,40000,3300,50000,60000,70000,8500,13000,38000,26000,66000,75000,77000,84800,90750,88700,94400,104000,85400,93000,94200,97928,440692,94460,102500,103200,111600
2291,1,40000,3,1,40000,54000,94,93,95949,40000,-2,60000,60000,60000,40000,7800,28700,36000,42500,42700,81800,85000,84000,99000,104500,72000,82100,85000,100220,127000,100000,131000,130500,119000,102612
2292,5,34000,3,2,34000,30000,58,74,80035,25000,-2,-2,-2,30000,30000,6600,25200,-2,82720,86000,89000,160097,-2,85000,-2,-1,-1,-5,-5,-5,-5,-5,-5,-5,-5
2293,1,35000,3,1,35000,-3,71,79,75293,-3,-2,-2,7000,12030,50000,21100,23900,25700,26250,29000,30150,35500,36000,-5,-5,-5,-5,-5,-5,-5,-5,-5,-5,-5,-5
2294,5,-2,3,2,-2,12000,44,59,68092,16000,-2,1800,25000,25000,20000,22500,29050,24735,33510,30467,90210,35000,39050,43525,61650,60200,97020,120000,110500,118200,135000,290000,59400,93200,-3
2295,5,-2,3,2,-2,-3,35,34,39889,25000,12000,13500,45000,12300,9000,20000,9800,13350,16000,18000,20025,25000,22000,23000,15000,17000,26000,31000,38225,38000,33890,107755,-2,78300,-3
2296,5,-1,3,2,-1,-3,20,21,30730,-3,-2,40000,40000,40000,50000,2000,16800,55000,38000,80000,-2,-2,-2,-2,107000,-2,123000,171200,143983,-5,136000,-2,-5,114760,-5
2297,5,-4,3,2,50000,48000,53,53,57468,30000,25000,65500,15000,35000,25000,100001,-2,-5,-5,-5,42000,20000,21000,43000,-2,127500,137200,14000,-5,21000,13430,-5,-5,-5,-5
2298,5,10000,3,2,10000,22000,99,95,96456,20000,25000,6282,10,-2,19000,30015,34000,36050,63550,70000,75050,75000,189918,974100,97000,118400,-5,-5,-5,-5,90000,100000,103206,106000,106000
2299,5,22000,3,2,22000,32500,99,99,97706,-3,-2,-2,-2,-2,-2,30000,-2,60500,-2,-2,-2,-2,-2,-2,-5,-5,104000,94800,87000,107100,109500,98000,125000,109000,160500
2300,1,22000,3,1,22000,-3,76,84,71562,29259,42150,49500,55700,60150,50800,73000,58800,41400,46500,75800,82200,79300,189918,94500,111300,178000,-5,-5,-5,-5,-5,-5,-5,-5,-5
2301,5,22000,3,2,22000,32500,87,86,86817,30000,35000,-2,31550,50400,36250,32650,35300,32500,36500,47800,67700,86900,90500,74300,65100,116000,155000,179650,184500,222000,253000,248200,262000,-5,-5
2302,1,21000,3,1,21000,32500,89,87,80788,26000,6160,5200,3500,3000,28000,29900,35100,42500,89000,90600,93000,160097,189918,118000,142000,176000,158000,165000,192000,454737,242000,255000,245000,315000,305000
2303,1,-3,3,1,-3,0,79,84,72933,1400,6120,14800,-5,-5,-5,-5,-5,-5,-5,-5,-5,16000,-2,40000,-5,-5,-5,-5,-5,-5,-5,-5,-5,-5,-5
2304,1,40000,3,1,40000,21000,46,42,38541,9900,56400,31500,40000,-2,15100,24000,10000,47300,14000,3500,18680,6000,40000,60000,28000,18000,27000,80000,55000,40000,50000,35000,25000,25000,25000
2305,1,40000,3,1,40000,75001,2,4,6098,30000,75000,10000,13860,16000,30000,39050,27000,43500,59000,45500,45000,75000,60000,67100,54000,110000,-5,-5,-5,-2,-5,110000,595986,-2,-5
2306,1,12000,3,1,12000,15000,8,11,11194,25800,9604,9400,25000,23000,22000,20000,32000,31000,35000,42000,40624,34070,35151,34000,38000,44000,53000,34500,100000,62000,47000,60000,16000,31208,26000
2307,1,12000,3,1,12000,24500,1,2,8791,-3,3453,-2,11000,18845,12000,8678,17000,-5,-5,-5,-5,-5,-5,-5,-5,-5,-5,-5,-5,-5,-5,-5,-5,-5,-5
2308,6,-4,3,2,6760,784,28,29,36775,1800,1650,3044,0,3960,17802,15000,18500,31440,20000,25000,22000,24000,30200,34300,41500,-5,-5,-5,-5,-5,-5,-5,-5,-5,-5
2309,3,4200,2,1,4200,8700,20,22,27015,-3,8098,5163,2957,-2,-2,-2,25840,-5,20000,14000,2089,-2,-2,0,-2,-2,-2,10800,127000,10452,-2,4668,10800,-2,-3
2310,7,4200,2,2,4200,8700,20,20,31605,-3,5000,15120,12000,23000,27000,29000,44000,59800,59500,56000,53200,56000,57500,60500,71300,29000,76500,69976,55920,130000,55500,53504,54960,72680,51900
2311,6,-4,3,2,4400,17640,41,39,29285,14000,14000,14400,10000,20000,16000,18000,35000,50000,0,24000,0,7387,7228,-2,7800,2000,-5,0,-5,-5,-5,-5,-5,-5,-5
2312,1,-4,3,1,10600,17000,99,99,97015,14800,15030,21700,23100,29750,30800,39000,34700,35250,55400,44000,48000,78050,76120,-5,-5,-5,-5,-5,-5,-5,-5,-5,-5,-5,-5
2313,5,-4,3,2,9900,17000,54,48,49802,15700,18230,26505,4550,8000,90000,46000,13000,14000,20000,25200,15100,8720,12600,20000,26052,37000,30000,46000,50000,48000,56000,52000,47678,71000,-3
2314,1,-4,3,1,9800,11120,77,75,61328,18150,21000,38100,35200,24600,24000,25100,25800,30000,35700,34100,45000,28000,35000,105000,48000,67000,64500,61400,80000,75400,81300,83000,83300,47000,74000
2315,5,-4,3,2,-2,44000,10,9,4263,-3,53000,50000,-2,31000,34063,30000,10008,15448,24000,25920,28450,35300,41000,28000,-2,53000,63000,53000,53000,68390,125980,20748,22610,33828,20904
2316,1,12000,3,1,12000,7000,12,17,24702,14000,10000,9000,9500,12000,6000,50000,22782,30504,32080,38240,47693,50120,51200,60000,65000,-5,-5,26148,45000,13000,33864,19032,-5,-5,-5
2317,5,-4,3,2,10300,15800,49,39,41743,11388,55000,9500,75000,-2,21000,100001,37000,1057448,90000,40000,10000,29400,40000,145000,106000,70000,50000,75000,-5,-5,-2,25675,-5,102400,-5
2318,1,-4,3,1,11000,-3,65,63,61993,13000,9500,7000,19500,16700,18800,25500,16000,22000,16000,26500,23000,26000,26000,25000,29500,33800,38000,30000,43000,25000,25000,25000,35000,45000,40000
2319,5,-4,3,2,-3,8600,18,16,19582,13000,1600,7000,10400,16700,42000,0,-5,-2,18000,0,0,0,0,0,0,0,15600,15000,13620,7560,13968,12092,35600,-2,20941
2320,1,15000,3,1,15000,6000,16,19,18969,8500,-5,-5,-5,-5,-5,-5,14000,32000,21600,28000,27000,41500,46000,-5,-5,-5,-5,-5,-5,24000,-2,27200,-5,-5,-5
2321,5,19160,3,2,19160,15000,84,69,79767,-3,25000,20000,-5,-5,-5,-5,-5,-5,-5,-5,-5,-5,-5,-5,-5,-5,-5,-5,-5,-5,-5,-5,-5,-5,-5
2322,5,22000,3,2,22000,-3,71,56,63353,-3,40000,12000,-2,12500,12000,-2,17000,20100,29100,25500,49500,47990,45000,53500,-2,-2,82415,87500,82000,108200,-2,-2,132000,-2,154000
2323,1,20000,3,1,20000,-3,24,27,39111,-3,35000,30000,50000,8640,9100,9003,15610,73205,49875,-2,3000,16100,25005,33000,50000,170200,390662,150000,156000,200200,-2,-2,-2,-5,-5
2324,5,24500,3,2,24500,23000,71,64,65301,26000,30000,52000,55000,27698,34100,35450,20054,42050,-2,44020,50000,46000,47000,51000,70000,95000,-5,-5,103000,110000,115000,163000,150500,130000,100000
2325,1,20000,3,1,20000,-5,-4,-4,-5,-5,-5,-5,5600,33000,-5,-5,32000,-2,46000,75000,71000,80000,-5,-5,-5,-5,-5,-5,-5,-5,-5,-5,-5,-5,-5
2326,1,19000,3,1,19000,20000,27,27,28790,-3,12340,-2,-2,40000,30000,-2,-2,-2,36000,40300,-2,-2,-2,-2,24000,37000,89200,61000,65200,62000,84200,107000,84000,-2,73000
2327,1,19000,3,1,19000,-3,38,55,65774,-3,12340,-2,25000,40000,30000,5000,-2,-2,6600,-2,12480,14000,6000,8275,11000,18000,12000,17000,26000,28000,28000,-5,-5,-5,-5
2328,5,15000,3,2,15000,2300,66,80,86148,4050,-2,9615,11440,9050,17000,10000,12000,15000,16150,2544,13000,13050,19500,-2,22500,24000,29000,34760,34858,-2,32000,39000,34000,21900,-3
2329,1,15000,3,1,15000,15420,58,68,69687,14006,21000,25002,25119,-2,28784,41000,41793,33000,45029,47158,44070,46841,47776,54307,37877,58000,59243,61321,72850,88117,81696,84874,89313,15000,76000
2330,1,15000,3,1,15000,17000,47,53,67104,-3,32000,39000,-2,25000,30384,30000,31000,36000,-2,48000,50000,45000,55000,57000,60800,-2,-2,-5,-5,-2,-5,-5,-5,-5,-5
2331,1,15200,3,1,15200,19000,99,99,97755,22000,20000,23000,10015,3501,19513,21258,23536,28531,31179,46700,41704,36200,37700,47693,53000,82357,89060,66000,71500,77325,84250,108543,111708,112491,122239
2332,1,15200,3,1,15200,19000,65,75,71851,30000,25000,25000,45000,25000,22000,-5,30000,7000,10036,14000,17000,17500,15700,18000,21040,26000,27427,24000,26524,32020,32324,39675,36162,41080,44180
2333,5,8000,3,2,8000,11000,53,53,53448,36000,24025,25000,22010,27000,38020,28120,40000,49000,49060,46030,52000,52000,53000,65000,81050,73000,75000,-2,150000,106020,107050,95000,99010,115000,-5
2334,1,24000,3,1,24000,15000,35,29,29171,20000,30000,12000,20000,12000,10000,14000,31000,51000,68000,78400,82000,91500,189918,72000,-5,332808,31100,35000,46500,41000,13000,-5,-5,-5,-5
2335,1,-1,3,1,-1,-3,91,74,69564,-3,-1,-2,-2,45000,-2,26400,-2,21000,35020,32030,32008,30950,32040,39100,63030,-2,-2,-2,49000,-2,101100,-5,-5,-1,110015
2336,1,-4,3,1,1700,-3,94,92,77766,19000,30000,24012,32000,33000,40000,-1,-2,52050,32000,-1,40500,53000,36000,-1,107600,-1,-2,-1,-1,53000,85500,87366,-2,-1,-3
2337,5,20000,3,2,20000,30450,80,69,74637,26000,19000,42000,37000,16220,18960,100001,65500,98900,146942,159805,93800,76150,69200,60500,200,97000,10549,69000,35650,46572,35000,100,0,6370,0
2338,1,-1,3,1,-1,25000,75,77,78315,7000,9970,10500,13000,16000,12850,15200,35000,33000,21000,27000,44200,6300,13500,29924,7100,18200,78000,157400,135000,59000,159000,166000,14000,46135,43200
2339,5,19700,3,2,19700,25000,97,98,98849,3000,2500,3200,40000,70000,24475,26810,100001,94500,146942,98000,839078,160097,-2,159955,244343,332808,390662,408473,262496,213000,199000,-2,-2,288500,399500
2340,5,-4,3,2,13570,12720,16,20,29691,13752,16916,9033,1761,11900,13480,-2,7000,19000,-2,45000,87880,53880,48600,50200,48000,50900,-2,12000,29500,-2,-2,-2,-2,1840,2475
2341,1,20000,3,1,20000,40000,85,77,78245,38000,50000,48000,56000,19060,23025,25625,32500,32000,45400,45175,51700,82080,65550,93150,67000,83050,82040,91850,103100,110150,108225,123350,41000,35100,68000
2342,5,27000,3,2,27000,40000,40,37,45976,46000,13000,14400,-2,19997,-2,31000,32000,35650,35960,30364,27000,-1,36185,47000,60000,70850,82000,-5,-2,-5,-5,-5,-5,-5,-5
2343,1,40000,3,1,40000,45000,49,54,51182,-3,55000,14012,-2,-2,14020,15120,15600,19060,33100,28150,29550,44000,44400,56000,58000,75000,86700,92000,58000,140000,-2,94000,100000,100050,766958
2344,1,42000,3,1,42000,45000,11,13,9970,63000,10000,14000,26175,-2,70000,38000,35000,27000,28500,-2,32880,-2,43016,-2,-2,24400,17000,41000,47650,55000,48500,10000,-2,25000,-3
2345,1,-3,3,1,-3,25770,27,32,41932,50000,8000,27000,60000,45000,30000,-3,10000,25000,26718,56400,25900,-2,40000,24000,-2,-2,31920,8160,8172,10008,13072,28902,55600,-1,-3
2346,5,-4,3,2,6700,6900,76,87,90075,21000,25602,31450,-5,32738,33470,-2,49200,-5,-5,-5,-5,-5,-5,62000,110000,60000,60000,-5,-5,-5,31000,23600,-5,20880,-5
2347,7,9600,2,2,9600,3000,30,19,30014,3500,8150,1932,5100,7000,8670,-2,2532,6840,-2,-2,4368,-2,-2,-2,-2,-2,-2,-2,-2,16000,-2,21000,-2,23328,21000
2348,7,2000,2,2,2000,-5,2,4,2093,-5,6500,4400,1716,775,-2,-2,0,-3,0,0,1221,0,0,1254,0,-2,-2,800,-2,2000,1000,2400,2400,200,0
2349,3,2000,2,1,2000,2000,3,6,4375,-3,-2,4400,4800,-5,-5,-5,-5,-5,-5,-5,-5,-5,-5,-5,-5,-5,-5,-5,-5,-5,-5,-5,-5,-5,-5
2350,7,-2,2,2,-2,-3,47,37,44263,6000,-2,-2,-2,13000,13000,9000,19000,21000,21000,-5,-5,-5,-5,-5,-5,-5,-5,-5,-5,-5,-5,-5,-5,-5,-5
2351,3,-2,2,1,-2,-3,24,21,29414,6000,15000,13000,22000,18000,15000,13000,33000,13000,19500,24000,-2,30000,-2,15000,-2,60000,30000,73000,46000,46000,62000,55000,66000,63000,58000
2352,3,6000,2,1,6000,-3,6,1,10375,-3,1872,9036,-2,6420,3600,13125,14000,17357,-2,32000,17460,7454,20880,24780,16000,43468,29960,60000,26000,24000,28100,16656,7680,19200,36040
2353,3,4000,2,1,4000,14000,18,12,16861,23000,-2,7700,7000,-2,66000,53359,-2,-2,-3,159805,20452,26900,48000,28000,31600,37996,37236,33000,35100,42000,46000,28800,49000,52000,68500
2354,3,20000,2,1,20000,5000,11,12,12891,25000,60000,35000,6250,8000,45000,39000,-2,10000,12000,33000,18939,-2,-2,7310,6600,26480,-2,12000,12000,5000,6013,10360,5000,0,-3
2355,7,-4,2,2,20,10000,2,5,7025,335,5000,35000,4872,3516,45000,6384,2100,7056,7404,7668,6816,5988,13467,-2,3416,8000,0,-5,-5,-5,-5,-5,-5,-5,-5
2356,7,-2,2,2,-2,-3,8,6,9737,25000,5000,35000,25000,30000,40000,-2,-2,2400,0,33000,-2,-2,-2,-2,9600,-2,-2,-2,15000,12000,12192,21000,33000,22000,22000
2357,7,-4,2,2,4000,5093,30,29,28150,5746,-2,10353,11003,11800,13000,19000,11000,12000,13000,12000,-2,-5,-1,-5,-5,-5,-5,-5,-5,-5,-5,-5,-5,-5,-5
2358,7,3900,2,2,3900,-5,2,3,1655,-5,1110,5000,1000,8120,-2,-5,-5,0,0,2000,1272,1332,5292,6492,-5,-5,-5,-5,-5,-5,-5,-5,-5,-5,-5
2359,7,-4,2,2,2600,15005,18,13,7500,-3,5650,9480,13860,8000,25720,30488,31304,36800,27864,27912,24000,35960,49000,5000,7000,14800,8900,14500,-5,17000,17000,20000,18134,14840,14948
2360,7,-4,2,2,3298,15000,44,37,43070,2350,20000,11005,25847,27000,28900,25000,30,47424,7580,13200,28700,13000,-2,18600,21304,20000,20000,20000,18500,20000,35775,40000,49500,-1,76200
2361,3,20000,2,1,20000,28000,4,2,3283,25000,42150,34200,25600,29000,-2,40100,50000,24200,47500,45700,45440,-2,-2,40500,77000,129144,59000,55000,103800,75000,125000,216000,150000,129000,156820
2362,7,-3,2,2,-3,-3,29,21,23533,11184,8440,16740,11520,16868,17180,15960,16800,18000,-3,20448,14670,23042,34948,22000,18000,21600,19000,19000,32916,31800,-2,36256,49776,54400,89000
2363,3,2500,2,1,2500,8000,3,9,9471,9700,14000,11900,-2,14600,12000,-2,-3,4722,1976,0,3000,210,0,-2,0,0,12000,6000,14000,0,23056,-2,8500,11508,-3
2364,7,-4,2,2,18500,-5,6,5,2055,-3,7100,6432,8341,11523,4290,7410,9756,-5,13500,16350,6620,23348,18800,31641,32596,32900,-5,-5,-5,36000,36000,23800,2082,19800,25000
2365,1,19975,3,1,19975,21500,22,27,42207,22000,-2,28388,30000,20000,33000,37500,39000,42032,54100,47047,51500,45000,47000,43000,42000,55000,63000,52000,-2,34392,22344,38400,-5,40400,47400
2366,1,-4,3,1,7000,-3,39,42,44471,5000,13000,3000,-2,-2,12025,20050,26100,-5,-5,-5,-5,32000,70000,35000,34000,-5,-5,-5,-5,-5,-5,-5,-5,-5,-5
2367,1,-4,3,1,3100,-3,72,68,71637,6300,2500,14000,-5,-5,-5,-5,-3,23000,26020,36000,-2,-2,-1,-5,-2,73000,-5,43000,-2,53000,-5,-1,-5,-5,96000
2368,5,-4,3,2,17000,17000,38,41,28700,17000,22300,26000,29100,31012,36020,36050,40500,41500,48020,52000,59000,-5,-5,-5,0,-5,-5,-5,-5,-5,150000,153000,165000,196000,-5
2369,5,-2,3,2,-2,13000,62,65,49737,15000,30000,40000,35892,18100,32700,32924,100001,48154,42455,39668,43785,47330,49750,56206,68300,75139,80200,91047,88000,77366,-2,87319,145050,85000,91200
2370,5,10000,3,2,10000,13000,65,63,58737,14000,30000,40000,40000,60000,40000,-2,-2,-2,-2,16000,17500,17900,18900,22000,28500,34500,42195,45692,36400,46000,-2,36300,34700,29500,43500
2371,1,10000,3,1,10000,5059,60,75,73239,10564,21320,40000,-2,60000,19000,22000,47500,50200,49020,51000,70880,47100,49000,47000,68000,-5,62000,-5,-5,-5,-5,-5,-5,-5,-5
2372,2,4000,3,1,4000,7000,84,85,93923,-3,-2,-5,9000,0,22000,8000,-2,26400,33000,2150,3000,24000,4000,28900,50000,68000,108000,-5,74675,84000,100000,85000,106000,130000,183000
2373,5,800,3,2,800,25000,95,93,93056,5600,2600,7750,2300,27000,1000,26400,-5,29000,-5,-5,-5,-5,-5,-5,-5,-5,-5,-5,-5,-5,-5,-5,-5,-5,-5
2374,5,-4,3,2,-3,-5,-4,-4,-5,-5,-5,-5,-5,-5,-5,-5,0,5733,6104,5733,32900,16630,2450,7560,-5,13000,-5,20000,-5,91728,-5,-2,7326,11280,11280
2375,6,-4,3,2,5000,5900,62,49,55494,6100,10025,11000,-5,43030,13300,16200,10520,51600,28000,29000,19000,19000,28000,42000,0,43100,65000,71400,80000,87000,110000,118500,108000,101000,-3
2376,1,21000,3,1,21000,18000,59,63,71019,21000,20000,22000,5100,7332,7800,11890,29522,31500,50000,39704,34600,40000,65000,46500,73005,77500,89000,101000,120100,92000,117000,132000,132000,124000,140000
2377,1,-1,3,1,-1,-3,21,18,20582,-3,-2,-2,1800,-2,7427,-2,14070,18420,19200,22700,22900,37200,44000,42800,41000,38100,40200,18000,14000,21320,7562,29400,20000,35000,37900
2378,1,-1,3,1,-1,-3,48,46,59534,-3,-2,15700,17275,12250,12500,16025,15685,16500,17000,-2,31434,-2,39000,47023,-5,-2,77500,56000,-5,-5,-5,-5,-5,-5,-5
2379,1,12000,3,1,12000,35000,50,54,54611,20000,13039,14850,25000,20000,25000,20900,5510,-2,7500,4500,-5,-5,-5,-5,-5,-5,-5,-5,-5,-5,-5,-5,-5,-5,-5
2380,1,12000,3,1,12000,14000,75,67,73886,6803,8667,9937,13654,19100,100001,45300,-2,18600,8700,27500,27776,38980,49050,33300,47000,124800,39000,22000,146300,197800,105000,111880,62040,56200,-3
2381,1,-2,3,1,-2,20000,40,42,47888,9500,-2,23000,10000,20000,17200,2400,-2,0,0,-2,5600,7140,14067,20000,-2,12000,7000,-2,7500,12000,340,11040,22776,-2,-3
2382,4,12000,1,1,12000,10000,32,32,44078,20000,11000,-2,4950,12013,-2,-5,-2,37015,-2,-2,-2,42792,-2,55000,-5,-2,110400,118000,86178,164000,-5,146200,-5,-5,-5
2383,8,12000,1,2,12000,10000,45,35,45054,20000,2625,3244,13522,8296,12554,-2,6500,20362,21000,19600,19375,21649,-2,28500,25000,44420,-2,40400,20900,-2,40316,66168,40692,51872,58068
2384,4,12000,1,1,12000,10000,32,29,32469,20000,-2,-2,-2,-2,14500,-5,15000,8000,-2,-2,19000,18000,7200,-5,-2,-2,18000,-2,15000,0,-2,2000,5000,-2,30000
2385,4,17000,1,1,17000,20000,75,74,65800,16132,10830,18200,30880,37000,22835,42805,49200,51010,67045,63015,66000,66000,64000,72000,75035,78050,81000,101000,102001,108000,135000,132000,151030,175000,177000
2386,4,17000,1,1,17000,20000,65,62,57650,7500,27000,26000,5742,9010,8600,33608,57005,40100,33215,39000,39000,39010,44300,44840,48900,60176,64160,-2,-2,134000,-1,98000,112000,-2,-3
2387,8,17000,1,2,17000,20000,16,13,15697,27000,27000,26000,-2,37000,2000,11200,12000,6200,29000,24600,38050,44200,24735,60500,64800,-2,-2,-2,20000,92000,-2,82000,82000,-2,100000
2388,8,40000,1,2,40000,38000,45,40,42370,55000,75001,35075,-2,38900,36400,36000,49600,55500,67000,65300,85000,72000,70500,91000,96000,123140,-2,-5,-5,-5,-5,-5,-5,-5,-5
2389,1,-4,3,1,5600,8000,17,19,19282,12311,-2,21000,9875,7500,17400,16722,44000,-1,43000,-2,-5,-5,-5,76000,-5,-5,-5,-5,-5,-5,25200,-5,-5,-5,-5
2390,5,25000,3,2,25000,-5,-4,-4,-5,-5,-5,-5,-5,-5,-5,-5,-5,-5,-5,-5,-5,-5,-5,-5,-5,-5,-5,-5,-5,-5,-5,-5,-5,-5,-5
2391,1,15200,3,1,15200,34000,38,38,30723,26000,20184,15992,15912,19022,20500,21000,16993,14785,10733,15647,-2,-2,25222,40900,28164,32642,29708,19876,172000,173000,27200,-5,-5,-5,-5
2392,1,-1,3,1,-1,-3,19,21,17534,-3,-2,16305,17000,-1,19000,20000,-1,21000,20000,45000,46000,75000,-2,72000,-2,75000,60000,48000,75000,80000,82000,76935,-5,-5,-5
2393,1,-2,3,1,-2,-3,52,41,49268,-3,-2,13000,15500,21300,23600,24000,-2,22000,24000,29000,54000,42000,38500,58000,54000,-5,-5,-5,-5,98000,-5,-5,-5,-5,-5
2394,5,-4,3,2,7000,13400,93,67,75648,14000,38500,50000,19118,28498,33000,38000,27100,37344,45450,48100,45000,50000,54000,31970,55000,28000,19000,66000,67000,38550,50700,50000,55000,-5,-5
2395,8,12416,1,2,12416,10148,5,6,2857,7430,12343,-2,9802,10600,-2,7116,8484,18232,11019,6816,10956,24536,29664,0,0,12192,1800,12650,600,9240,19008,10248,10524,-2,9108
2396,8,12416,1,2,12416,9656,7,7,6227,9960,4041,1694,-2,13015,-2,-2,7200,9252,13080,-2,3528,9679,9992,14448,-2,13608,-2,-2,27972,9900,23000,15400,2268,-2,-3
2397,4,12416,1,1,12416,9656,13,6,4622,9960,11340,10260,-2,-2,1172,0,0,5880,12000,15950,0,14289,-3,21740,22760,17300,2500,8000,30000,75000,65670,47283,946,0,-5
2398,5,-4,3,2,23918,7300,20,23,24581,-3,16000,22800,0,-2,8156,7296,7584,-2,24000,19000,4505,10272,8990,17280,4182,-5,7500,-2,32000,0,31200,20800,19000,-5,-5
2399,5,13000,3,2,13000,1812,23,24,22029,4901,10917,10320,-2,-2,35000,37200,36050,30500,23230,31900,-2,42000,-1,7000,7250,5500,0,86000,108000,117000,112000,96200,0,-2,-3
2400,5,13000,3,2,13000,16480,66,79,83187,4381,1940,-2,-2,1140,6000,5740,6000,9203,13800,19000,18530,20213,20800,23741,20880,26000,46000,45000,-1,-1,-1,-1,-1,-1,-3
2401,1,-4,3,1,10000,9200,42,35,26892,8700,9826,12613,18577,24000,22099,22675,32000,35448,0,31000,24000,29000,32484,16000,-2,41452,-5,-2,70800,90935,65935,-2,-2,30200,-3
2402,5,-4,3,2,-3,9270,58,58,55438,13000,11415,12613,18521,23900,3718,44700,49480,58194,32400,51000,50480,90200,-2,-2,18025,-2,166800,-5,70100,-2,55200,135718,-5,-5,-5
2403,2,-4,3,1,6346,3769,7,4,9333,8000,13887,27588,10160,3000,1800,-2,-2,-2,5116,14629,-2,11708,15216,-2,19608,3000,9000,13000,18000,13817,-2,-2,-2,16000,13000
2404,6,-4,3,2,2142,2300,49,47,34726,3800,18000,5000,7935,-2,9680,-2,44764,56620,8300,36500,1000,45000,11160,10140,20884,29295,14780,8087,57600,12345,13700,44400,17100,23064,11892
2405,5,-4,3,2,3789,9200,8,9,5543,13301,14626,13448,13930,6189,7196,6920,6852,9322,35528,31000,33775,14680,26480,4992,52800,30831,53380,82988,-5,26348,16836,17364,19944,9732,41400
2406,1,25000,3,1,25000,26000,3,4,6249,2300,23000,30000,30000,5916,40000,6600,-2,37104,-2,640,7680,-2,-2,7560,31200,8304,-2,18960,23400,16320,29952,10164,0,-5,-5
2407,5,-4,3,2,7700,10831,42,37,42294,10991,8020,17016,21024,16437,17128,26000,30800,27800,34000,-2,44000,38000,83000,47000,-2,-2,68800,-2,87592,-2,70996,-2,-2,83944,-3
2408,5,-4,3,2,-3,11000,26,29,19348,28000,18000,10000,9375,22500,-2,28125,22500,1200,24528,500,3200,-2,11900,21000,-5,-2,115000,-5,-5,222000,-5,171000,-5,-5,98000
2409,5,15600,3,2,15600,-3,45,48,52806,19000,26500,-2,28000,30000,30000,24900,3000,6636,0,21840,38075,45000,46000,-2,51700,65000,-5,-5,-5,-5,-5,-5,-5,-5,-5
2410,5,17661,3,2,17661,-3,28,31,41414,19200,26220,31136,41000,42500,48000,56000,51000,66500,62824,71000,1000,82000,89000,101000,114000,116700,134400,102600,146300,138000,190500,195100,191000,204000,260000
2411,5,27000,3,2,27000,-3,43,44,46715,35000,-2,50000,6000,9629,10350,-2,24000,25000,-5,-5,-2,63000,-5,-5,-5,-5,77924,-5,-5,-5,-5,128639,-5,-5,-3
2412,5,27000,3,2,27000,-3,18,21,35114,35000,-2,50000,-2,19280,18640,17577,6981,9108,9672,9576,7596,34263,-2,54011,60000,68000,45000,70500,75000,79000,94000,60000,83805,120000,120000
2413,1,38700,3,1,38700,49500,20,25,14248,60000,25550,24710,26000,32100,35050,39000,45260,45912,46000,-2,46018,34000,35000,35010,35000,36000,38762,42000,40000,46000,45050,0,-5,-5,-5
2414,5,38700,3,2,38700,49500,18,17,20904,60000,37000,39000,13960,18750,21000,20000,0,10440,-5,27000,-2,0,11440,10521,-5,-5,-5,42120,1500,-5,-5,-5,-5,-5,-5
2415,1,16064,3,1,16064,5300,91,86,87508,16824,48000,50000,6778,22983,39667,50500,42000,42430,45100,56200,60899,62282,64126,54200,59587,77010,95746,245811,93000,100126,107200,111321,85000,64000,-5
2416,5,-4,3,2,1700,3200,35,25,23714,3815,4184,14554,6738,6300,4096,10524,54444,67500,-2,56108,58684,64000,189918,974100,-2,-2,390662,408473,479983,454737,-5,260000,-5,-5,-5
2417,1,-4,3,1,15308,27510,33,26,23088,29891,-2,-2,29196,33718,36431,42200,42200,44650,49050,53070,50000,45610,36434,30100,35240,47268,65344,68368,79500,86000,112000,-5,-5,-5,-5
2418,5,-4,3,2,3000,26300,43,35,34796,29887,31600,-2,21587,33489,34258,39100,41100,46040,49040,49530,48050,45970,48694,21040,25200,29335,24050,27100,75200,94816,-2,-2,130000,82000,118100
2419,1,9000,3,1,9000,-5,11,13,24569,7500,18000,-2,9004,20510,14000,-2,12781,26911,35011,42011,46515,50500,50810,58050,12,83857,84520,76050,91000,60000,56200,182000,73500,65002,77010
2420,5,9000,3,2,9000,5904,24,25,32849,7500,4426,3800,4975,-2,10000,18800,23000,28000,20010,-2,-2,20840,20000,-1,25800,28000,36100,43000,7500,14700,44320,41000,40000,36000,-3
2421,1,20000,3,1,20000,22000,34,43,37456,-3,14000,19300,14600,15000,21600,25500,25000,25000,27500,26000,-2,39000,40350,52000,46700,42800,62000,61400,85000,66000,60000,75000,99500,110000,110000
2422,1,13500,3,1,13500,14000,52,66,69107,13500,7700,7439,8000,7380,12040,34030,9110,15014,18050,22070,23022,28005,32700,41609,59200,39900,49800,-2,175000,34960,7830,7000,18000,21400,20000
2423,1,-1,3,1,-1,16000,43,42,40135,7687,8000,8165,12440,13469,10790,10513,17400,21114,-2,24410,20920,22482,24314,23000,9409,18304,7000,19417,15000,17640,-2,16992,16800,-2,-3
2424,5,-1,3,2,-1,16000,60,59,76175,15000,13000,3600,9000,300,19000,28226,21290,-2,-2,-5,11680,9073,10525,15200,14200,14212,31200,-2,25262,-1,78200,87000,93000,92000,63000
2425,1,21000,3,1,21000,20000,9,6,7627,18000,20000,16000,25000,-5,-5,-5,-5,23100,-5,38100,46300,43120,45200,19400,42000,50000,0,49350,75000,51000,45300,52000,48000,55200,66010
2426,5,21000,3,2,21000,20000,31,23,32946,18000,11000,16000,580,4900,24200,24100,26200,26315,28600,39675,42056,40000,40512,48012,51050,56199,70000,68200,86205,83225,79010,100005,102000,102000,222001
2427,1,21000,3,1,21000,20000,32,34,47464,18000,11000,16000,25000,-5,-5,-5,-5,-1,25000,30000,20000,16020,20000,72500,130000,65000,110000,36500,78000,50000,6000,50000,30000,30000,50000
2428,1,13500,3,1,13500,15000,99,97,96956,19802,-2,6605,15650,22180,-2,32500,32400,52500,50600,-2,-5,-5,-5,-5,-5,-5,-5,-5,-5,-5,-5,-5,-5,-5,-5
2429,1,13500,3,1,13500,17000,92,93,90785,17000,18000,23845,-1,-5,-5,-5,-5,-5,-5,-5,-5,34000,-2,-5,-5,-5,-5,-5,-5,-5,-5,-5,-5,-5,-5
2430,6,-4,3,2,7639,-5,2,3,2515,11000,13000,16553,8045,-2,26057,51280,40752,42920,26000,18500,16972,1414,28804,25000,28050,32900,49200,408473,21180,21660,22728,23760,25000,23040,0
2431,1,-1,3,1,-1,-5,42,37,42202,-5,-2,5500,-1,-5,76050,-5,-5,27822,-5,-1,-1,-1,-5,-2,0,-5,-5,-1,-5,-5,-5,-5,-5,-5,-5
2432,1,-3,3,1,-3,-3,70,77,75425,-3,-2,-2,1525,-2,-1,49700,15011,-3,80700,81100,60000,66400,44176,55400,-5,-5,-5,-5,-5,-5,-5,-5,-5,-5,-5
2433,5,-1,3,2,-1,-3,56,74,78543,-3,-1,-1,-1,27250,30500,33025,12012,11030,27015,32020,23575,-2,28005,31103,34000,42500,39550,31075,21000,20100,40820,41050,41000,40050,96600
2434,5,-4,3,2,15000,17375,83,63,62347,17800,19500,21320,25200,31352,31780,-2,30800,30300,31200,32200,30000,7000,12920,26000,17000,24000,32000,28800,20860,34000,-5,-5,35000,-5,-5
2435,5,23000,3,2,23000,22000,90,85,89248,4000,35500,8300,41000,13013,31110,48000,24000,25500,42575,37200,16000,20000,22115,27000,28900,29600,-5,39000,39008,48670,50000,69000,25000,-2,-3
2436,5,38000,3,2,38000,60000,36,32,44875,45000,12400,21000,23135,23030,23400,28500,25010,26100,27200,28300,24000,29700,25000,34000,32000,41000,60000,95000,103000,109000,100000,105000,105000,115000,120000
2437,5,38000,3,2,38000,3650,70,74,79569,5776,9100,11802,12503,14428,26600,33000,57150,62400,64500,62600,30200,33002,51900,64000,83200,117492,139045,139200,131300,156450,114150,140000,-2,-2,766958
2438,1,38000,3,1,38000,60000,83,89,88511,6068,16050,4765,24300,26600,29450,40500,35500,56000,-2,50100,70500,73020,72324,96000,119800,128000,70000,72000,155000,105600,164200,129800,141000,150000,178000
2439,1,38000,3,1,38000,60000,64,66,68273,45000,40000,60000,45000,60000,60000,55000,100001,87100,85300,35300,36900,37000,43200,34100,-2,70000,72500,90396,87000,-2,110844,126800,129400,175000,174200
2440,1,38000,3,1,38000,60000,49,49,58833,45000,40000,2615,45000,10000,5800,12000,-2,-2,21010,54010,16500,-2,-2,-2,24010,-2,45060,-5,-5,-5,-5,-5,-5,64000,-5
2441,5,12000,3,2,12000,22000,19,27,42222,22500,17600,18840,18570,18700,22200,20000,20300,-2,36510,31050,35000,37000,36000,36000,46500,92000,74000,74000,70501,0,8328,39004,57600,42864,93120
2442,5,12000,3,2,12000,15000,55,55,45630,20535,27600,37369,35592,42900,43200,50000,58100,58000,77000,69500,83000,84450,189918,96000,96000,119000,116000,131000,144000,190900,440692,183600,184000,188600,219000
2443,1,19000,3,1,19000,23000,42,43,56491,24000,2422,9500,14000,19504,23000,26000,25000,26000,28122,25000,30000,28000,24000,42000,32020,50100,58920,37024,45836,41274,29916,38232,53000,38432,39240
2444,5,19000,3,2,19000,23000,44,46,55573,24000,30000,30000,38500,8000,10110,12000,-5,35000,54000,48500,47500,53500,59600,75400,61000,83010,69000,80000,62000,82000,-2,82000,75700,85000,102500
2445,1,-4,3,1,14770,16583,65,63,56489,-3,14131,18210,24540,22378,29828,29518,-2,32500,40500,-5,-5,-5,-5,-5,-5,-5,-5,-5,-5,-5,-5,-5,-5,-5,-5
2446,1,-4,3,1,-3,16000,2,2,3106,12200,13900,8234,8923,10000,11000,18612,15150,-2,20000,-2,12000,-1,-5,-5,-5,-5,-5,-5,-5,-5,-5,-2,-2,50400,-3
2447,5,-4,3,2,7198,1100,53,55,48144,12440,13940,8234,11680,10241,10250,15064,16657,13100,20900,18000,20846,23936,26400,33600,43700,44000,50000,39881,62577,72000,71000,46000,40000,54000,-3
2448,5,-4,3,2,-3,16713,60,51,66195,9300,4497,15650,14525,7260,8010,18020,25500,24000,24000,25000,25000,24000,30000,36000,20000,-2,50000,-2,57400,-2,-1,-2,80000,78990,-5
2449,1,-4,3,1,9204,8110,13,12,15845,9744,6684,10054,15000,10899,20000,19000,28200,19744,15952,-5,-5,10000,37000,19000,24960,28000,46500,34000,46300,-2,35000,16960,34520,-5,-5
2450,5,-4,3,2,9204,8710,36,38,39399,9744,6684,9095,18300,10899,21205,24000,28200,10280,11287,10438,6233,9918,21188,18000,34000,27000,29000,28850,29750,40000,79810,36393,33826,-2,-5
2451,1,-4,3,1,11100,18450,77,67,57518,14857,26000,26305,29318,31228,36200,40200,41344,47100,37000,40000,37487,39050,42000,45000,48200,52000,55180,44240,54120,61950,58064,60025,64000,56005,63100
2452,5,-4,3,2,11000,15694,37,38,41091,9907,24800,27434,29018,30400,36200,40230,41300,58000,36800,43700,37000,39030,41950,45000,48200,52200,65026,45000,54000,54000,47978,57000,56000,53140,61000
2453,5,20000,3,2,20000,26000,56,70,82254,33000,32000,6200,10230,80000,13060,21515,43100,-5,-5,-5,-5,-5,-5,-5,-5,-5,-5,-5,-5,-5,-5,-5,-5,-5,-5
2454,5,21000,3,2,21000,11000,26,24,37211,13000,18000,20000,21986,7358,14438,14000,43000,-2,28000,26000,16000,18000,19501,27220,-2,30772,27000,22300,35200,41952,22550,25000,36000,57000,60000
2455,1,15000,3,1,15000,4000,38,32,35708,6000,4371,26500,8000,10002,10000,13080,14400,12000,12000,29000,14200,13680,32000,19000,22000,20000,-5,-5,-5,-5,-5,-5,-5,-5,-5
2456,1,15000,3,1,15000,6000,23,21,28404,6000,5000,75001,15000,15000,10000,27000,18000,16000,3120,19400,21800,22200,22800,27000,12000,7000,-5,-5,-5,-5,-5,-5,-5,-5,-5
2457,5,24000,3,2,24000,40000,7,4,5055,37000,14680,20698,23450,30150,24000,100001,7107,-5,-5,-5,-5,-5,-5,-5,-5,-5,-5,-5,-5,-5,-5,-5,-5,-5,-5
2458,5,-4,3,2,-3,16000,33,32,27175,15429,15500,28695,31315,26270,29620,35420,2000,-2,-5,159805,6195,9025,-2,15500,22458,16500,23000,98000,-5,-5,90500,-5,118000,140000,-3
2459,6,12652,3,2,12652,11621,23,23,26828,11377,12070,12900,14950,3140,20178,6396,14593,17295,6377,7893,5184,-3,-3,16700,13307,11232,11340,11384,16520,10128,45812,54700,61192,57528,21768
2460,2,12652,3,1,12652,6000,42,45,38338,9330,8014,10000,8881,-2,10057,7952,9440,10005,9505,18904,21801,20303,24003,32000,46000,45002,36000,26000,23177,31001,19839,7284,13056,56040,26232
2461,5,20000,3,2,20000,20000,43,49,62172,25000,-2,-2,-2,6807,9000,11015,13023,27032,25197,28100,29300,28000,53000,69530,90030,93175,84584,102300,98000,-1,95809,110175,62100,91030,110040
2462,5,15000,3,2,15000,10000,34,32,32803,11000,30300,30350,13600,3058,0,26575,15000,14000,21000,21000,14300,16416,16452,37008,14400,24708,171800,27000,30996,25584,10236,26640,32900,37500,28300
2463,1,-3,3,1,-3,5300,99,98,94463,20005,31025,18000,16000,49100,30000,35000,12000,31400,50000,30000,32400,26000,20000,12000,20000,25380,35000,30710,44700,59587,49500,59000,77000,77000,88020
2464,1,25000,3,1,25000,8100,94,87,84734,5860,8107,26000,20526,31855,21250,33200,53700,23551,-5,38575,-1,-2,33200,-1,244343,21900,20400,25609,228950,28300,-2,-5,-5,-5,-5
2465,1,25000,3,1,25000,29000,99,95,95560,15000,30000,45000,33000,40000,7025,7060,9025,23050,37400,31125,95500,85100,84150,67200,94000,80500,141000,140000,110000,195000,164900,130200,148000,178000,162100
2466,1,13000,3,1,13000,12000,18,14,19489,1200,5404,15000,13900,16500,24000,23500,20800,16000,-3,20400,44400,29400,25000,30000,18000,20000,23163,32064,23204,38008,25000,28225,-5,-5,-5
2467,1,13000,3,1,13000,12000,62,49,58711,20000,21000,22000,20000,10500,13500,-5,26000,32500,-5,49000,-5,-5,-5,-5,-5,100000,-5,-5,-5,-5,-5,-5,-5,-5,-5
2468,1,-1,3,1,-1,22000,86,87,90937,-3,11115,47000,37000,12000,70000,22880,50000,92138,92000,159805,839078,160097,189918,974100,244343,332808,390662,408473,232000,35000,5000,213000,150000,922631,766958
2469,6,-2,3,2,-2,5581,31,35,34414,6000,5600,10270,12415,-5,-5,-5,-5,10000,12000,-5,15000,0,18000,30000,33000,5000,33000,52000,-5,64500,65000,-5,75000,-5,-5
2470,1,14000,3,1,14000,17000,59,59,67455,18000,27000,18292,29879,44200,46776,50000,57000,58000,60300,66100,58200,56100,65400,52000,16000,25200,30300,94000,71500,56000,84000,106000,220000,125000,172000
2471,5,14000,3,2,14000,17000,14,16,38305,18000,27000,15000,7285,20300,27000,28000,34000,37583,38500,13974,17243,15416,16704,19300,19500,21044,27968,28500,28500,32000,56560,41000,8400,1000,18000
2472,1,-2,3,1,-2,-5,-4,-4,-4,22000,-5,22630,29170,33200,41500,46000,56300,64200,71000,67000,78500,79400,83500,88500,-5,99500,-5,106000,110500,-5,-5,109200,117000,152000,173000
2473,5,11300,3,2,11300,15000,80,86,97301,13600,14103,5430,10050,11665,14000,13000,20000,24020,24013,29880,29040,18300,18500,23020,26828,32100,36000,38000,72000,84000,79700,80000,90000,94000,102000
2474,5,-4,3,2,15160,19718,87,89,84254,22040,33909,21000,21100,22057,22650,26000,27000,31330,44300,48100,45200,50712,79600,83070,75000,-5,76600,79120,76774,137000,90000,55000,55844,108200,126200
2475,1,25000,3,1,25000,25000,69,65,74784,20000,28000,36700,41000,45000,50000,24150,25100,25400,37500,43125,45200,50100,55050,52100,60020,61075,68100,60000,76000,85120,88400,98000,131000,128864,64000
2476,1,25000,3,1,25000,25000,9,7,8430,20000,29000,36700,41200,45000,50000,-2,29959,11178,12520,13500,16000,12015,12000,13000,18500,26000,29960,-5,-5,-5,-5,-5,-5,-5,-5
2477,1,7500,3,1,7500,5000,53,59,75661,9000,9100,9000,11000,14000,15000,22040,22505,18520,23000,20000,20000,24500,30000,27000,28000,32050,-2,58000,47200,52900,-5,-5,30000,28000,32500
2478,5,21000,3,2,21000,21552,56,46,37129,21740,23150,21700,25600,28000,24385,30052,31190,28000,34000,37030,38500,47100,49008,57000,59776,12000,36000,80000,23376,22000,22649,26241,30000,38000,37000
2479,1,21000,3,1,21000,18000,53,61,69480,30000,45000,54000,12540,16295,11470,-2,9000,13000,17000,16400,18475,11440,17000,18000,57000,63000,60000,55000,57000,60000,49000,58000,52264,30000,-3
2480,5,21000,3,2,21000,18000,49,59,75990,30000,14400,16628,10828,21103,26980,29005,5000,24305,30627,19000,28600,20014,22400,40400,40200,47772,52000,63600,10800,-2,107000,55250,52800,91480,111600
2481,2,-4,3,1,6093,9128,18,19,20238,6945,-3,8800,-3,11000,30000,24600,31000,20972,22416,15130,16833,22988,-3,22120,44000,38800,46760,49000,45000,34000,41000,42972,53000,62000,39600
2482,6,-4,3,2,-3,5568,18,25,25665,6945,8346,8307,13000,12000,11000,24600,31000,20940,-2,15130,-2,-2,-2,26764,44000,45480,41200,34000,44000,34817,41000,38000,51000,54500,62000
2483,5,-4,3,2,14000,18000,30,27,21622,17000,14710,14275,19000,11643,8737,8627,15300,20000,22000,34000,32000,34002,35707,27948,22000,32005,-2,37168,38828,39636,45376,30000,36000,37369,25636
2484,5,9600,3,2,9600,14000,54,49,61373,-3,3000,210,1500,-2,-2,12644,-2,15000,17000,19000,20000,29000,26000,30000,15000,24819,38900,51760,82200,127200,69800,15140,-2,32000,-3
2485,5,9600,3,2,9600,14000,27,21,25739,-3,1300,3650,4700,3780,6316,-2,5944,5244,26000,29300,35500,37000,45200,51900,71048,61000,16000,79240,98000,107000,99000,-5,130000,130000,140000
2486,1,3800,3,1,3800,-3,26,22,28136,8112,-2,7607,8280,8640,8880,8980,61704,5990,6632,1564,7332,12003,6100,16488,17352,18000,12720,6768,6100,22476,-2,16752,9842,35983,-3
2487,1,3800,3,1,3800,-3,16,21,22216,8112,-2,7607,8280,8640,8880,9228,0,5988,-3,1564,1491,12003,6100,16488,17352,18000,12720,7896,8436,23040,16176,25128,25956,27036,-3
2488,5,-4,3,2,-2,-3,17,18,16414,-3,13000,22000,-2,-2,-2,23000,-3,-2,-2,-2,-2,-2,-2,-2,-2,17360,24500,-2,28000,32000,28000,24000,17064,15564,-3
2489,1,27000,3,1,27000,25000,70,72,57850,-3,-2,420,1020,5215,20050,23025,27050,31520,35075,-2,39200,43050,-2,52000,42000,46000,44000,53648,60000,60000,69000,65000,-2,57200,-3
2490,1,-2,3,1,-2,-3,63,59,52356,27000,-2,5024,4704,10808,26610,32000,27400,28200,36000,45000,28000,42000,47200,50000,67030,64000,45200,28822,19100,40296,52800,25000,49200,76700,-3
2491,1,-2,3,1,-2,-5,62,64,64709,30000,50000,7856,9275,-2,9125,11050,21200,15850,46700,15250,27000,46000,36970,36000,40075,67200,25000,42000,50000,54000,55367,53060,79000,100000,100000
2492,5,-2,3,2,-2,-3,28,27,38249,-3,30000,20000,49200,7000,11645,16000,19300,20025,28000,28000,32800,38069,34800,40800,84200,41600,96000,47600,53000,60400,77400,90500,78000,62000,-5
2493,1,-2,3,1,-2,30000,69,58,71804,28000,35000,30000,-2,-2,6000,16250,23663,18050,25000,25150,21000,26300,20275,26708,21000,27000,28000,20757,29500,40000,40000,45000,42000,42000,46000
2494,2,-4,3,1,1290,3200,89,82,79940,13670,12535,13977,14925,25290,26100,25000,-3,33400,36100,39500,40500,40900,42950,48350,50000,70500,80500,75500,89000,95700,95200,101000,123200,82000,60100
2495,1,-3,3,1,-3,11400,21,24,13558,12404,12670,12460,7840,4280,6256,9700,14000,8000,-2,9635,-2,9575,13000,12600,11735,-5,-5,-5,-5,-5,-5,-5,-5,-5,-5
2496,6,-1,3,2,-1,8428,33,35,33651,3000,10000,22000,24000,22500,28800,44500,45400,42500,-3,44000,42000,47000,46000,26100,42600,43600,12000,22000,54000,-2,33612,20112,22000,39800,-5
2497,1,12800,3,1,12800,15000,69,68,81228,14000,22090,9950,4400,3000,11000,24050,32500,-2,32020,36240,34320,-2,34900,39920,51300,63700,-5,-5,-5,-5,-5,-5,-5,-5,-5
2498,1,-1,3,1,-1,-3,35,41,39968,75001,75001,21275,17000,20525,21500,38500,27900,22200,27200,24300,24400,20090,-2,10350,24700,-2,61200,35100,37000,-2,121000,67000,47600,99500,186000
2499,5,-4,3,2,-3,-5,-4,-4,-5,-5,-5,9534,10080,9856,8700,-1,20000,27000,21000,-1,-2,-2,-2,-2,-1,-5,-5,-5,-5,-5,-5,-5,-5,-5,-5
2500,5,-2,3,2,-2,10000,34,27,34544,1990,7000,7438,0,9560,8764,-2,-5,-5,-5,-5,-5,-5,-5,-5,-5,-5,-5,-5,-5,-5,-5,-5,-5,-5,-5
2501,5,-4,3,2,-3,3448,44,36,28235,-3,3000,1437,1200,468,3596,6444,5836,7932,8112,6842,7772,-2,7712,15100,18340,27327,24447,-2,15000,21000,20674,5164,23000,11272,25028
2502,1,-1,3,1,-1,-3,91,90,88459,-3,30000,4230,60000,65000,75000,1500,24080,29150,33090,39150,43000,43600,83500,83400,116500,86300,94500,110500,89120,110000,140100,159000,160060,165000,183200
2503,5,-2,3,2,-2,-3,57,62,72816,44000,40000,75001,60000,65000,-2,81200,-2,30,-2,-2,22000,25000,-2,-5,60000,-5,180000,-3,-5,-5,-5,-5,-5,-5,-5
2504,1,-2,3,1,-2,-3,51,68,58556,22000,-2,-2,-2,-2,12000,8800,23000,-2,18400,11000,12000,14000,-5,12000,14440,16000,15000,19000,24000,27000,27818,23000,30580,26150,22184
2505,5,9000,3,2,9000,2583,64,57,64202,5052,-2,5340,5772,6330,7224,7164,5753,-2,7036,9597,14617,10316,10500,16855,20200,22204,24000,27000,37800,0,-2,-2,0,50000,47000
2506,1,-2,3,1,-2,7600,72,53,55130,-3,10000,12079,8783,-2,-2,-2,-2,8000,15012,32050,32015,32004,34000,33345,0,38100,40000,45130,45000,-1,-1,-1,-1,-1,-3
2507,5,-2,3,2,-2,3500,30,25,16574,6000,6000,12079,11245,-2,16500,20100,27000,22000,22000,41112,40000,41800,46800,31000,44500,-2,64000,71000,77000,78000,78000,89000,93000,100000,76000
2508,1,-2,3,1,-2,28000,99,96,94069,17665,20160,22385,28020,31002,31400,29272,28000,24035,27270,33537,38032,45556,44656,55465,56070,89326,110600,113041,124553,128000,144044,161000,-5,156064,-5
2509,1,-1,3,1,-1,4546,85,86,84042,-3,10100,24600,18000,25000,26000,34100,38354,43374,36000,35000,35900,48555,-1,49000,54000,85400,65000,78000,276000,180000,140000,180000,195000,180000,180000
2510,5,-2,3,2,-2,25000,68,77,80410,-3,-2,23935,2825,2520,9545,34150,41700,57150,34050,88500,57600,87400,-2,-2,80300,0,-2,-2,101000,-2,110000,217300,138000,-2,-3
2511,5,12000,3,2,12000,16000,87,81,78703,15000,21000,17500,16344,22271,24945,-2,16000,18316,27820,27909,36020,34494,38908,-5,-5,-5,44865,-5,-5,-5,-5,-5,-5,-5,-5
2512,5,-2,3,2,-2,16000,35,39,42884,34500,-2,19600,24600,21800,22230,29054,6240,9160,8220,75000,12000,-2,12375,-2,101210,25000,50000,51500,60000,160000,13500,13100,11700,10000,13980
2513,1,-2,3,1,-2,16000,14,15,32682,34500,19000,20840,39640,6000,9000,-2,-2,-2,-2,-2,12000,24800,-2,-2,21600,39768,17300,15000,32000,15000,13142,10005,5920,7160,12000
2514,5,-2,3,2,-2,20000,87,78,73711,20000,5010,35000,-2,13200,16251,23200,32300,28500,26450,38400,37500,45150,42000,53000,-2,83000,-2,90000,103000,122000,133000,145000,150000,145000,140000
2515,5,-2,3,2,-2,18000,76,65,76886,-3,-2,20000,5500,17475,20564,21340,37000,30500,34500,32500,43500,39000,41000,44050,57200,93035,108100,118100,-5,-5,-5,-5,-5,-5,-5
2516,1,-2,3,1,-2,20000,59,64,66867,-3,30000,34000,24300,27000,45830,39342,23002,30300,31800,32502,29900,35000,33578,40000,44000,32030,36695,54000,63000,68000,80000,87000,-5,-5,-5
2517,1,-2,3,1,-2,20000,81,63,76005,-3,2000,7008,16800,16800,10446,12460,22800,33785,30300,42450,38100,45000,56000,56000,59000,64000,63000,78000,81000,94000,102286,60834,89000,-5,-5
2518,1,-4,3,1,-3,73,74,76,81543,9690,6800,-2,21810,17029,13850,19960,25700,25000,25000,23340,10980,11500,6,4752,7250,9160,16100,35200,15600,26820,-2,30172,21520,35000,22000
2519,5,-4,3,2,-2,13191,51,66,66996,9690,7357,-5,-5,-5,-5,-5,-5,-5,-5,-5,-5,-5,-5,-5,-5,-5,-5,-5,-5,-5,-5,-5,-5,-5,-5
2520,1,-2,3,1,-2,23000,72,88,89746,28000,27000,32000,8205,17475,20564,23310,36000,30500,34500,35010,41000,39000,42100,43940,57200,87030,100050,118100,-5,168000,-5,-5,-5,-5,-5
2521,5,-2,3,2,-2,14000,17,13,11934,-3,12000,-2,10428,12117,27000,-2,35500,35500,6000,20860,28600,26010,38600,39050,40927,-2,65305,69520,78000,73000,-2,-2,95000,88000,85000
2522,1,-4,3,1,-3,10100,62,54,50210,12385,13207,-2,19086,26520,24600,27150,31225,29650,33000,36150,39150,28975,44700,49300,48300,29500,80100,136000,144400,95500,101200,125600,139060,141100,125120
2523,5,-4,3,2,9604,10140,84,91,90558,12385,13207,-2,19086,26520,24600,27125,31720,31700,33861,34925,38600,28575,63700,44000,44300,81500,91200,109800,91500,98600,121000,118450,153661,118500,169000
2524,1,16000,3,1,16000,18000,-4,-4,-4,4200,-5,9010,-2,16475,17400,15460,26400,31220,36000,26800,36400,71200,46350,49400,52800,95000,87000,16600,37000,30400,33200,86250,155800,75000,154400
2525,5,-4,3,2,13460,16000,29,35,39571,-3,-2,8525,27854,21325,23100,20600,13000,-2,15600,23120,27000,27769,18892,28500,30800,47000,41000,46000,68000,31000,15000,45732,38732,41552,45020
2526,1,12700,3,1,12700,17000,45,47,58333,19600,20000,9400,13330,23530,22500,28000,29100,33075,30075,23400,25700,34500,30300,39800,41200,81000,103800,97000,110005,117690,157500,151000,-5,-5,-5
2527,1,17100,3,1,17100,17000,12,8,9203,19600,20000,14000,18000,15000,26700,24000,25200,26050,-2,28200,33400,-2,56400,69000,90000,110000,123000,121000,120000,179000,-5,123600,-5,-5,100000
2528,5,17000,3,2,17000,18683,14,9,13091,9776,25000,-2,22000,-2,5325,5952,6408,6000,5156,3056,2808,66989,72225,61600,61126,70700,73000,-2,39700,97344,77000,46400,-2,34264,-3
2529,5,17000,3,2,17000,18683,24,19,28439,8088,25000,4304,22000,10095,12948,22370,23914,25040,-2,27525,-2,-2,30253,28000,33200,46544,30000,23061,44000,46200,34857,43400,-2,80800,79250
2530,5,17100,3,2,17100,18683,18,13,18716,15000,25000,15171,22000,1500,29874,2881,4755,478,9068,6000,9419,23176,12195,22090,12758,20436,22832,23920,49000,30600,23774,29000,42000,8550,7275
2531,5,-4,3,2,-3,41050,72,79,70955,0,-2,500,0,-5,-5,-5,-1,-2,-1,-1,-5,-5,-5,-5,-5,-5,-5,-5,-5,-5,-5,-5,-5,-5,-5
2532,1,20000,3,1,20000,-3,82,77,85019,50000,21000,26800,27700,26300,34900,15800,-2,44300,77100,13500,18000,25850,51350,43000,38748,-5,-5,-5,-5,-5,-5,-5,-5,-5,-5
2533,5,18300,3,2,18300,-3,66,70,81045,50000,21000,-2,-2,-2,-2,-2,-2,-2,-1,-1,-1,-2,11250,20000,24800,-2,-5,-2,-5,31000,-1,-1,-1,40000,-3
2534,1,-1,3,1,-1,75001,94,90,83061,-3,15525,7015,3650,-5,-5,-5,-5,49500,81000,25365,25355,33500,20000,90000,63000,-5,-5,-5,-5,-5,-5,-5,-5,-5,-5
2535,1,-4,3,1,8571,10863,27,27,24830,16748,19317,19704,17929,19863,21110,22000,32520,25150,23000,24980,23650,33000,39050,24000,-2,32240,30000,39700,46800,44500,32925,52300,28030,24000,31200
2536,5,-4,3,2,8571,10863,21,27,30397,15123,19317,19018,21286,23898,21452,48500,27000,21000,17638,15467,6672,5460,-2,11100,17000,-2,101600,408473,-2,99100,-2,89000,-5,-5,-5
2537,1,44638,3,1,44638,-3,38,38,35987,-3,-2,-2,-2,7000,20000,-2,27096,-2,-2,-2,42150,-2,-2,19240,-2,-2,-2,15035,14314,31744,-2,-2,33724,29001,26000
2538,5,44638,3,2,44638,-3,10,4,3243,-3,-2,-2,-2,-2,-2,-2,31500,23200,26420,29780,27440,-2,-2,-2,34000,19200,43000,57000,-2,112000,125150,-2,52000,-2,-3
2539,1,-4,3,1,7080,11500,38,29,29224,15404,16294,18000,17520,20710,12920,10750,13500,-2,51100,63119,58200,62800,52100,58750,61500,27500,38050,35000,38200,53200,54100,54500,67500,69000,177600
2540,1,44638,3,1,44638,-3,30,27,30170,-3,-2,-2,-2,14900,15050,14200,23023,26910,23360,21050,14025,30300,28700,30200,41300,36732,-2,37200,44072,45400,-2,-2,62220,66500,65500
2541,1,13500,3,1,13500,25000,84,99,98399,26000,4200,7500,12000,16700,16320,14340,21080,37509,26420,28500,29440,45290,43369,45250,37700,46000,68866,65612,94000,112800,102340,92424,89300,84028,121100
2542,5,13500,3,2,13500,25000,69,52,62877,26000,700,7693,3800,25800,28000,28500,33850,40000,49800,53200,50500,35000,34000,65000,-2,57500,58000,76000,60400,80000,95600,93900,138240,142100,147000
2543,5,-2,3,2,-2,4012,46,45,35478,13000,13500,-2,3000,15000,20000,14000,44000,55500,15000,24000,20000,23600,20000,148000,95000,35000,40000,408473,-1,454737,24000,70000,40000,24000,-3
2544,5,20000,3,2,20000,-3,50,42,38630,40000,22020,26650,30173,30700,35500,33200,50000,57000,56000,66000,67200,71850,69800,95000,109000,150000,131000,134000,153000,132500,114100,115000,120001,123000,144000
2545,1,24000,3,1,24000,6905,68,73,75455,10849,13421,9040,11300,24100,28300,31620,39200,40100,41200,43700,45919,50630,51100,52060,59650,66500,82200,99000,103800,10000,172620,210000,290000,336000,324000
2546,1,11000,3,1,11000,12000,21,18,23330,15000,21000,-2,-2,8573,8400,-2,8000,9800,8000,9880,12153,13620,15700,35555,10130,-5,-5,21290,15005,11273,12515,-2,7940,940,1500
2547,3,10000,2,1,10000,12000,26,29,42818,18000,-2,30000,20000,-2,30000,13175,-5,32200,20000,18900,21500,26575,42000,-2,42000,48000,48000,48000,52000,56000,64000,76500,0,37200,50000
2548,1,12600,3,1,12600,19000,13,7,8222,19100,-3,-2,-5,38000,39000,20500,-2,24000,24000,26000,38600,37050,35000,34000,-1,42000,40000,40000,-5,-5,-5,-5,-5,-5,-5
2549,5,22000,3,2,22000,15500,96,97,92726,14580,-2,-2,17610,24600,26850,32100,39600,39100,44450,44720,50100,50300,53000,58150,62500,68100,67200,71500,80299,93000,86000,56000,104000,90200,109075
2550,1,22000,3,1,22000,25000,60,74,65344,-3,-2,11300,15685,23650,26054,29190,34670,37000,-2,36030,42500,47000,54940,52620,20328,-2,60000,65000,66660,80952,87800,-2,62500,45000,-3
2551,5,20000,3,2,20000,25000,98,99,99523,17000,30000,-2,32000,29000,22153,26452,27050,32000,28000,31000,31078,44885,46600,28824,52691,57425,67150,68469,76700,79000,46500,49000,-2,51500,-3
2552,5,20000,3,2,20000,17000,80,80,86171,17000,-2,-2,1100,4150,-2,39526,19000,30000,29500,31500,36780,22029,31000,43842,53200,24555,66000,53820,54500,66160,74178,84355,74000,50000,80000
2553,1,10248,3,1,10248,7404,69,71,72096,10347,-2,7865,7278,9158,12000,-5,-5,-5,-5,-5,-5,-1,16400,21000,-5,-5,-5,38000,48689,-2,48000,28000,50000,-5,24000
2554,5,10248,3,2,10248,-3,19,27,39097,9000,0,15500,11377,2844,9200,8000,-2,-2,3000,6700,31000,30800,27000,36500,-5,-5,-5,-5,-5,-5,-5,-5,-5,-5,-5
2555,1,21048,3,1,21048,5975,46,49,40858,40000,27000,69158,-2,-5,45000,29000,-2,-5,15000,12000,40006,-5,20000,15000,63000,-2,-2,-2,-5,-2,0,100000,107000,-5,100000
2556,5,25000,3,2,25000,25000,77,69,70610,30000,38000,-2,6540,7150,30520,31595,29400,25850,25000,28000,29700,1665,19600,36110,43368,58500,-2,55076,61316,70500,71200,79310,-2,-2,-3
2557,1,25000,3,1,25000,25000,91,86,93207,30000,38000,-2,-2,-2,50000,6200,26300,33750,36650,64500,70880,72700,77414,54668,67612,76500,88191,90142,98000,121500,120440,134316,-2,147600,335660
2558,8,11200,1,2,11200,11000,71,75,74219,-3,-2,10455,-2,-2,-2,14000,-2,9018,24020,22030,56015,56030,54020,21031,46700,-2,90000,111600,82400,236974,148000,105265,86160,73000,78200
2559,5,4616,3,2,4616,-3,56,57,71891,9000,-3,825,33510,6672,-2,8477,8184,6394,11496,8184,8956,20000,22000,57900,21000,79000,69000,93300,50200,60000,51000,52000,41300,46000,52000
2560,5,14000,3,2,14000,18000,-4,-4,-4,-3,3560,-2,-3,-2,12000,-5,12420,-5,-5,-2,17900,-5,-5,-5,-5,-5,-5,-5,-5,-5,-5,-5,-5,-5,-5
2561,2,7412,3,1,7412,-3,5,2,5152,3500,12500,15000,12000,-5,-5,-5,-2,-1,-2,-5,-1,30500,21200,-5,-5,-5,-5,-5,-5,-5,-5,-5,-5,-5,-5
2562,1,11338,3,1,11338,14684,86,78,86851,14992,19256,18308,16524,9418,10900,12195,12700,19000,20005,20010,10944,13000,11000,-5,-5,-5,-5,-5,-5,-5,-5,-5,-5,-5,-5
2563,1,20000,3,1,20000,30000,67,71,83187,28000,-2,4175,8500,10000,4500,-2,24000,-5,33800,25755,58200,45075,37083,18600,15516,-5,-5,-5,-5,-5,-5,-5,-5,-5,-5
2564,5,20000,3,2,20000,30000,54,44,30568,1567,-2,23700,29000,19552,36800,5664,27775,25270,46180,66127,33220,0,4880,61000,66000,47600,65100,76060,86000,79000,-2,90000,-2,-2,-3
2565,5,25000,3,2,25000,-3,99,97,97161,918,5000,12020,-5,100001,-5,-5,-2,-2,-5,30000,-5,-5,-5,-5,-5,332808,-2,28600,51200,65374,-2,-2,69870,74038,46955
2566,5,5500,3,2,5500,20000,72,65,74666,13800,14070,13000,21500,39300,36000,21000,23000,33800,37800,32100,31500,34020,34400,32900,36500,48000,75000,75000,68000,103000,70000,70560,-5,71140,79400
2567,5,75001,3,2,75001,-3,89,88,95597,-3,-2,-2,-2,11000,20000,40000,57500,70100,-2,-2,-2,75200,37240,-2,37200,42200,42000,46000,-1,-1,-1,-1,-1,-1,-3
2568,1,-4,3,1,9084,10293,93,90,76751,10604,15503,22857,24826,21327,18195,24249,36751,28134,30338,22796,29584,21766,16900,16797,15600,20000,33000,36000,29500,48000,46500,30370,25000,36200,30000
2569,5,-4,3,2,9084,10293,93,88,88401,10604,15502,34436,24825,21377,18801,-2,22800,28134,10400,18903,27873,27800,31900,33400,44400,98460,39008,100600,229330,125080,178000,184200,125000,115000,135000
2570,5,21237,3,2,21237,20000,79,75,75897,20000,-2,19523,22012,27010,32040,40157,34050,40000,49000,40000,49010,38000,42000,56030,35050,34010,56700,43005,57752,67004,53643,65000,51000,48320,32380
2571,1,21237,3,1,21237,20000,79,79,90805,2900,-2,5000,4245,6200,3901,5500,17000,16000,17000,21000,21000,25000,25000,26000,17501,-5,-5,-5,-5,-5,-5,-5,-5,-5,-5
2572,1,26000,3,1,26000,23000,57,66,66774,22800,22000,30000,-2,16375,36800,45750,47375,57300,63600,70200,47000,55200,44100,56500,59500,57200,55200,62612,79100,70800,65000,77384,120000,123620,129900
2573,5,-4,3,2,21712,27500,93,80,82981,8050,-1,37500,-2,49270,55978,-2,25000,66000,71000,66500,-2,-2,-2,-2,68500,68000,67800,94000,46500,-1,-1,-1,-2,-2,-3
2574,2,4500,3,1,4500,5025,30,40,37594,-3,33550,11739,10776,10072,10101,10000,12200,26000,25854,26908,26293,26320,24500,37250,45040,54000,51000,59320,62000,66200,-2,85000,58000,-5,44400
2575,5,4000,3,2,4000,5000,36,36,31152,6000,1000,1000,4000,-2,1700,3200,1200,-5,-5,-5,-5,-5,-5,-5,-5,-5,-5,-5,-5,-5,-5,-5,-5,-5,-5
2576,1,-1,3,1,-1,-3,73,81,79804,-3,-1,3350,3700,4400,3900,-2,9040,12500,22000,19500,21500,24000,24500,17500,29000,29600,12000,23000,29500,38000,21900,25000,24432,16055,34800
2577,5,-1,3,2,-1,7964,30,22,27254,15939,13400,12120,15000,17750,18982,22219,-2,10140,16800,16800,21000,17000,32100,36036,38800,48300,48800,44800,55000,70000,62000,55000,82000,83000,82850
2578,1,6000,3,1,6000,5500,12,13,7222,7600,-2,12726,11220,15757,11900,13111,17220,17500,15647,13776,18500,18388,23644,36000,40000,34800,34440,45800,47000,46852,23324,28268,24000,28645,44310
2579,1,8269,3,1,8269,6721,84,95,98327,6100,3401,10000,4027,11247,9838,12327,11900,11213,11500,31090,34361,17596,20072,20730,22200,-2,36455,-2,47854,34370,58169,35400,21029,18000,16900
2580,5,-1,3,2,-1,-3,59,64,64668,18251,-1,40000,29563,23010,35075,12200,23800,22190,-2,25200,27200,26693,-2,-5,57000,60911,-2,-1,-1,-1,-1,-2,-2,-2,-3
2581,1,-1,3,1,-1,15000,42,42,42748,18251,-1,40000,21120,30000,16050,17000,15808,17313,24000,21000,21000,21000,24000,24000,27107,18000,28500,31000,0,47000,-2,54000,51200,11344,2580
2582,1,13800,3,1,13800,22000,10,12,20223,16060,6000,22400,19705,26086,21515,25150,20940,19985,28751,29030,34640,26743,32443,-2,34520,-5,30000,34806,34000,38500,62000,-2,58215,-2,10000
2583,1,13800,3,1,13800,20000,35,37,52606,16060,-2,7000,8000,10000,-5,-5,-5,-5,-5,-5,-5,-5,-5,-5,-5,-5,-5,-5,-5,-5,-5,-5,-5,-5,-5
2584,1,13800,3,1,13800,20000,5,6,10007,16060,50,22400,5940,23131,18300,-2,21354,2400,16188,15120,19080,16295,18160,17000,-2,17000,18000,21506,47000,-2,46000,45000,50173,35261,-3
2585,6,7000,3,2,7000,10000,50,50,51366,15924,25000,32000,20264,-2,-5,-5,-5,23500,23300,25300,24400,20200,21500,14240,27300,-2,-2,-2,68432,55005,65010,68001,68000,72600,81644
2586,2,7000,3,1,7000,10000,42,43,42596,15924,25000,-5,36000,-5,-5,-5,19200,20420,27000,26600,-2,32500,-2,-5,-2,-5,-5,51419,-5,-5,-5,120120,90000,100000,115000
2587,1,9000,3,1,9000,12000,4,5,6212,12912,3000,2600,6000,7400,7000,0,0,-2,-2,4800,1332,1332,2592,3076,-5,20000,22000,50000,73500,74000,59000,78000,-2,77000,93000
2588,5,8000,3,2,8000,13058,98,99,97318,11000,1888,26471,35000,48512,46525,65000,65300,64000,58000,71300,64000,72200,72000,94047,116000,133200,148000,156000,172000,188003,188200,-2,98230,141000,248900
2589,1,8000,3,1,8000,13058,91,91,94663,11000,10500,12000,13000,2800,6500,8060,13000,13400,40400,45500,51600,51300,54000,154250,137000,117000,124000,116500,125000,157000,-2,-1,235000,-1,-3
2590,5,34000,3,2,34000,19000,87,85,87121,-3,20500,19500,9903,31490,38050,38100,30540,9690,41962,48870,74160,81350,91200,104104,128500,64150,66100,45200,60000,90000,199200,-2,136200,144200,160600
2591,5,34000,3,2,34000,75001,63,66,66724,33260,30000,3562,10300,12076,14664,-2,-3,18055,18488,25952,26314,18132,33961,11000,58002,40000,67686,64300,76100,97920,89819,116240,111525,76465,-3
2592,5,34000,3,2,34000,75001,49,39,43541,33260,5271,4878,6999,9116,2906,12980,15200,21900,24200,24000,28400,25802,18200,39300,42000,52100,18836,5800,22800,26130,-2,36400,25200,8127,33000
2593,2,-1,3,1,-1,6500,5,4,3178,-3,-2,-2,8000,-2,0,-2,16500,-2,-2,159805,78000,-2,-2,42000,30200,-1,80000,122000,24000,55000,21916,13176,30265,50400,21453
2594,1,13000,3,1,13000,4500,42,40,34866,24000,22500,25700,20970,26234,23375,24305,24956,19430,32000,37704,34016,25000,32015,36000,28200,53500,56000,51000,62000,90000,117000,124400,106000,121000,115000
2595,1,-4,3,1,-1,10000,17,16,19489,10000,15000,12920,9568,8400,12000,-2,11000,18000,21000,6144,6000,9000,7000,7000,9160,9000,20000,16952,25000,18000,-2,-1,-2,-5,-5
2596,5,-4,3,2,-3,10000,13,13,15430,10000,15000,12930,2208,8400,10520,-2,11000,12000,20000,6144,6000,9000,7000,10000,9160,10000,20000,-2,28000,15000,20700,20000,20000,-5,-5
2597,1,18000,3,1,18000,22000,33,36,50916,-3,-2,37000,26000,26600,14500,-2,15600,15420,34000,31000,24000,14000,14000,28120,63000,58000,75000,-5,55000,54000,140100,-5,-5,-5,-5
2598,1,18000,3,1,18000,22000,6,8,17817,-3,-2,37000,33000,38000,-2,7000,21800,58570,61164,50970,77000,48676,58100,19412,21000,31000,58000,65000,56000,49000,23000,-5,34408,37836,48838
2599,5,16000,3,2,16000,1900,8,13,12767,1961,-2,-2,4600,2088,400,2940,3684,3888,7008,3816,7209,-3,-3,3168,4572,-2,-2,-2,21500,-2,-2,-1,-1,-1,-3
2600,5,16000,3,2,16000,9000,93,86,91908,10000,12000,-2,14300,-5,-5,-5,-5,4500,-5,-5,-5,-5,-5,-5,-5,-5,-5,-5,-5,-5,-5,-5,-5,-5,-5
2601,1,-1,3,1,-1,9000,-4,-4,-4,-3,-2,-2,-2,-2,21228,28000,-2,12800,13028,6272,16480,16628,19931,21902,43000,48000,47000,48710,44100,16747,36400,31640,50718,58400,41600
2602,1,12000,3,1,12000,19000,64,55,73986,24600,33000,37000,39000,50000,41300,41315,95000,70000,98000,85000,20000,32000,41000,56000,51000,157000,10000,60300,37000,37000,130000,55000,95000,45000,60000
2603,5,16000,3,2,16000,56000,68,75,86396,30000,-2,1000,2240,12058,22513,30600,33386,33811,22200,18358,25500,25550,70000,60150,58638,-2,177800,42200,-2,4800,119000,94000,-2,88300,-3
2604,1,16000,3,1,16000,56000,45,64,74370,30000,33000,26000,8817,15380,13905,41135,42413,-2,28020,27000,29400,-2,43100,39714,49000,58844,-5,-5,-5,-5,-5,-5,-5,-5,-5
2605,6,-4,3,2,-3,4830,23,19,15538,902,-2,2492,14372,30300,-2,17000,41000,43000,51000,59500,54200,68000,36000,77000,31000,36000,38000,106000,110000,128000,131000,145000,136000,151000,96000
2606,5,6000,3,2,6000,5000,83,81,78782,11000,1000,21000,41000,49500,45300,49000,27400,56800,57600,59050,65500,65100,55600,-2,75100,70000,390662,74800,97000,118600,84200,-5,-5,-5,-5
2607,5,15000,3,2,15000,16057,97,88,90608,17448,12000,25790,28259,30000,37261,36000,36200,41000,41700,45700,40000,44034,49500,55040,59250,62400,68000,88000,81500,102000,117200,105042,130778,130264,94936
2608,5,12000,3,2,12000,15000,94,92,97809,15500,19000,26000,30000,-2,-5,-5,-5,40500,-5,-5,-5,-5,-5,-5,-5,-5,-5,-5,-5,-5,-5,-5,-5,-5,-5
2609,1,11000,3,1,11000,-5,-4,-4,-5,-5,-5,12190,12396,14450,32555,36400,39500,41500,-1,39500,50379,-1,-1,-1,-1,-1,-2,-2,188585,-1,-5,-5,-5,-1,-3
2610,1,20000,3,1,20000,15000,84,82,81963,18000,17000,30000,32000,11050,11750,-2,3030,8000,9010,10000,8650,8760,5550,46557,6000,12000,14000,22000,25000,36000,21480,0,-2,28000,31277
2611,1,27000,3,1,27000,35000,64,69,71378,37000,40800,3020,4400,4208,15400,20100,-2,44025,30500,26500,21300,68000,69000,78000,-2,-5,-5,-5,-5,-2,51356,-5,-1,-5,-5
2612,1,27000,3,1,27000,35000,22,26,29620,30000,-2,2415,23544,1160,5393,2000,108,0,12000,0,-2,-2,0,-2,-2,40000,24000,20000,27500,14999,25128,17148,13200,2445,11860
2613,1,7200,3,1,7200,-3,82,79,75030,-3,6055,8557,7521,9198,8714,8740,17349,21000,27100,30020,-3,-2,32030,32075,40730,30000,39060,38300,40000,43117,28925,63600,3020,26300,-3
2614,1,15000,3,1,15000,2300,18,20,23741,7100,8000,14265,10700,18550,18200,18600,18250,22025,16150,16060,26100,28000,24000,30850,48200,57500,76500,87350,50000,96600,56100,36700,15760,51658,-3
2615,5,15000,3,2,15000,15000,56,67,76118,15000,8000,2581,8800,9150,13974,25000,24576,25011,35075,34090,34050,35020,42000,47900,16692,52656,40600,57412,57132,-2,-2,63778,75000,80160,87000
2616,2,12000,3,1,12000,9240,85,71,56648,20000,32400,20000,-5,-2,21000,-2,33800,51500,61200,86400,89500,-2,85355,104000,109600,114000,61000,150000,192500,232000,229800,-2,260000,269000,256000
2617,2,12500,3,1,12500,3500,5,3,2497,-3,2478,5133,6234,4996,6497,4543,18677,24174,22456,8805,23580,-5,-5,-5,-5,-5,-5,-5,-5,-5,-5,-5,-5,-5,-5
2618,1,-4,3,1,-3,-5,-4,-4,-5,-5,-5,-5,-5,-5,-5,-5,-5,-5,-5,-5,-5,72000,45500,60000,72000,-2,68000,-2,87000,-5,-5,-5,-5,-5,-5
2619,1,-4,3,1,-1,1800,56,64,52931,-3,-1,-1,-1,-1,-1,-1,-1,-1,-1,-1,-1,-2,-2,-1,-1,-1,-1,-1,-1,-1,-1,-1,-5,-5,-5
2620,1,-4,3,1,21000,22500,67,70,67777,28300,31500,28500,29544,27800,22400,26190,35900,17000,30000,22000,21000,24000,27000,35500,45240,72200,-5,105200,90000,104500,113200,135000,135000,110000,127000
2621,1,40000,3,1,40000,19000,-4,-4,-4,5213,7000,36000,19000,22000,-2,31000,26650,22190,-2,24500,26000,19645,-2,39000,43000,61000,70000,-2,80000,71000,58576,69500,70000,91500,68000
2622,5,40000,3,2,40000,22000,73,80,93856,-3,17000,26000,19000,22000,18127,17000,20041,30000,14000,14000,-2,12005,-2,-2,49000,59000,61000,-2,73000,80000,82000,85000,110000,100000,115000
2623,6,-4,3,2,-1,10200,20,25,25070,-3,6000,5200,7000,7000,6847,6450,-3,13120,-2,-3,-2,7412,5706,16000,16100,27800,-5,-5,-5,-5,-5,-5,-5,-5,-5
2624,5,-1,3,2,-1,-3,99,99,95078,50000,-2,50000,75001,100001,55000,53000,-2,75600,-2,54600,-2,-2,-2,-2,-2,-2,30000,-1,0,6500,-5,-5,-5,-5,-5
2625,1,-2,3,1,-2,30000,48,58,60770,75001,-2,75001,75001,100001,55000,80000,-2,30000,50000,30000,40000,-2,-2,-2,-5,35000,0,6000,24000,0,0,0,-5,-5,-5
2626,5,9000,3,2,9000,7000,74,67,63940,-3,6568,5400,31200,17000,7740,9800,9950,14400,11000,11000,13000,25000,77000,87100,100250,112020,91800,98500,134000,42106,-2,28200,22000,-2,59000
2627,5,-3,3,2,-3,-3,36,33,44006,-3,-1,-2,-1,-2,-1,-5,-2,-2,-1,-2,-1,39000,44850,46000,46000,59000,56800,-2,63000,65000,70000,90000,-2,95000,104000
2628,5,-4,3,2,27100,30260,88,82,77623,48000,18421,23000,43032,51000,47000,46000,22700,24000,14200,17500,29100,17800,60000,60300,45500,86000,92500,-2,85000,-2,27649,109500,78000,26200,23400
2629,5,31056,3,2,31056,13084,53,53,58878,18310,22039,24735,16272,-2,18376,27389,27951,27915,25641,25013,29662,27014,31338,31922,39126,45499,58000,70000,77986,90207,102000,71600,92000,92400,183025
2630,1,8600,3,1,8600,13000,59,66,74682,7000,8000,10000,15000,-2,5040,17010,30050,33200,36600,38120,41050,47550,48120,974100,244343,165000,390662,408473,152000,210000,151000,170000,-5,242000,-5
2631,1,-1,3,1,-1,3285,79,67,69118,823,-2,17000,7000,-2,-2,11000,7900,4300,18000,9800,10300,12820,18040,20800,27000,57600,46000,47000,44100,50800,60000,65000,50000,44656,65000
2632,1,-1,3,1,-1,-3,38,35,47268,-3,-2,6949,-2,7300,10000,12000,-2,18000,33166,5500,-2,-2,22753,10000,25000,35000,35000,23000,42236,-5,-5,-5,-5,-5,-5
2633,1,12000,3,1,12000,16000,99,99,99581,25000,25000,10312,28000,-2,8000,16075,21000,29183,36100,38200,48200,42342,49500,46500,-2,-2,73000,79000,92000,113000,114000,130300,15000,-2,139000
2634,1,5552,3,1,5552,3900,63,53,52493,8100,8000,14000,12110,17520,15000,16500,-5,18000,-2,23000,19000,36000,32000,30000,36000,-1,-2,-5,79344,59296,76438,86000,-5,136100,-5
2635,5,-4,3,2,-3,8313,47,52,32062,-3,22200,22010,22280,-2,7536,9750,10500,14514,15100,14600,17484,24158,23150,15576,25050,32165,42020,46050,47100,51015,53050,41333,34514,37681,54341
2636,6,6000,3,2,6000,3500,57,56,58714,-3,-2,-2,9400,22000,35653,39300,39950,45550,58650,46200,46000,41225,39500,48032,47000,62000,80000,145000,74500,75000,-5,-5,-5,-5,-5
2637,1,12500,3,1,12500,16000,97,93,91219,-3,2500,8932,15000,17000,20020,100001,23000,26015,42033,39075,35060,53150,40380,-2,62000,59000,50000,45000,48000,56000,-1,55000,-2,78000,71000
2638,5,12000,3,2,12000,14000,38,47,61133,-3,-2,26000,23000,22000,17350,23800,25000,-2,26290,20791,34880,32680,40600,47040,59000,70000,-5,-5,-1,-5,-5,-5,-5,-5,-5
2639,1,-4,3,1,-3,10000,27,19,20581,7900,3856,6392,8634,9000,12492,6780,15000,10000,17400,19000,16400,11000,25900,17950,34000,8000,36533,39000,87000,48000,15000,21000,22000,-5,-5
2640,5,-4,3,2,10482,4268,48,38,41277,7900,5856,6392,8634,6000,9392,6780,7110,-2,14000,19000,16400,9990,8320,16500,43000,182000,34933,21600,95700,19600,23000,12000,3984,0,22000
2641,4,5300,1,1,5300,2300,-4,-4,-4,-3,2802,1095,560,-2,11000,25000,24640,10800,10656,9344,-5,-5,-2,-5,-5,-5,8540,16864,15588,-5,-5,-5,-5,-5,-5
2642,1,21000,3,1,21000,25000,84,87,94600,30000,31000,44960,7800,-2,60000,12000,17000,20950,26525,20100,27134,28900,34700,36100,42000,48000,53681,72500,71000,97000,121742,125242,143480,132000,131700
2643,4,6000,1,1,6000,15000,38,42,43783,-3,-3,15000,17200,14000,7200,19600,30000,18000,28000,-2,-2,28000,21000,52000,-5,-5,-5,-5,-5,-5,-5,-5,-5,-5,-5
2644,4,8000,1,1,8000,15000,31,26,36729,-3,12000,10000,14000,14000,3050,16700,2700,-2,9000,-2,-2,9600,10000,-5,-5,-5,-5,-5,-5,-5,-5,-5,-5,-5,-5
2645,8,-3,1,2,-3,6000,11,8,8642,7965,7900,8000,13020,17318,22000,16500,7900,14260,13524,18524,17440,18900,21600,44200,31000,81400,71800,-2,57500,60000,115000,88500,106200,90200,100000
2646,8,31000,1,2,31000,3400,79,70,74779,-3,13000,38000,43050,50000,47000,57050,37000,78000,66030,67100,839078,160097,189918,974100,244343,332808,390662,408473,138150,93500,159000,187000,203500,280300,246000
2647,4,8000,1,1,8000,19000,54,55,47616,30000,20000,35000,-2,-2,-2,-2,12000,-2,-2,-2,6000,38000,40000,47500,69000,93000,-2,182000,479983,260000,-5,255000,595986,275000,350000
2648,8,8000,1,2,8000,19000,38,45,46315,30000,20000,35000,38480,70000,6000,13000,21500,-5,34500,42500,45500,46500,48500,43000,49700,-5,-5,-5,-5,-5,-5,-5,-5,-5,-5
2649,4,7220,1,1,7220,26000,84,99,98587,18000,-2,17000,-2,30000,50000,77000,44500,-2,64000,30800,66200,58000,-2,-2,18150,28000,32000,34300,37000,42000,-5,-5,-5,-5,-5
2650,4,7220,1,1,7220,10000,66,57,57532,10000,8000,17000,27000,25000,45000,39060,26000,53200,41500,81000,17304,14800,11000,11700,20000,21600,44000,48000,27150,65000,17000,18200,0,119872,-3
2651,8,7220,1,2,7220,10000,23,35,44873,18000,6600,14185,2100,2728,4000,-2,20800,-2,-2,39000,-2,-2,-2,-2,65000,15800,3300,8080,3983,10800,-1,21060,20624,18236,16564
2652,8,7220,1,2,7220,10000,30,27,53648,18000,-2,14185,900,3656,8000,3000,38800,-2,-2,84016,-2,-2,4770,23000,27180,28180,33180,35180,44838,82980,-2,43875,34000,26400,-3
2653,4,-4,1,1,23500,4110,3,4,4107,-5,-2,3000,8700,9272,-3,17000,16200,14500,14000,19040,18688,21124,10630,4767,18200,28100,23500,12000,20000,25000,25000,26000,30917,30000,20000
2654,8,3000,1,2,3000,4110,14,17,17893,-3,-2,38000,-2,35000,-2,20000,16800,-2,26000,26000,29000,33000,37000,41000,44000,-2,-2,28136,42936,70960,45000,64400,0,49400,52600
2655,8,3000,1,2,3000,4110,8,8,7355,-3,8192,6612,5640,5376,2688,-2,4044,2212,8744,8604,12854,-2,-2,-2,29800,26000,30680,36907,5300,8600,0,9748,-5,23000,23000
2656,8,5307,1,2,5307,12000,22,24,24110,-3,11000,-2,8000,-2,-2,16200,13952,-2,-2,-2,-2,11000,-2,42000,-2,-5,52000,57003,39000,47000,-2,-1,-5,-5,-5
2657,8,5307,1,2,5307,12000,16,13,9052,-3,11000,-2,8000,-2,-2,-2,-2,-2,-2,20000,-2,-5,-5,-5,-5,-5,-5,-5,-5,-5,-5,-5,-5,-5,-5
2658,4,6336,1,1,6336,2500,4,5,4014,-3,2000,7080,6452,1000,-2,-2,-2,4652,-2,5772,1000,0,2130,-5,-5,3000,0,4640,10500,4000,15339,23832,8640,9600,-5
2659,8,6336,1,2,6336,2500,8,5,13369,-3,-2,-2,3500,3140,-2,5605,8562,12212,-2,4844,-2,5244,5568,-2,-2,10836,19144,8729,9140,18932,20400,21712,600,18000,14000
2660,4,10220,1,1,10220,-5,15,9,5171,-5,-5,-5,-5,-5,-5,-5,-5,-5,-5,-5,-2,-1,-2,1380,-2,10374,11124,11668,10188,14810,19794,-2,19624,20359,-5
2661,4,7600,1,1,7600,6000,9,10,7370,-3,6000,-2,-2,7000,11164,9188,6194,5520,9296,8989,9080,-2,8208,14724,-2,19624,19000,19000,26474,23000,24000,23500,30000,48000,26000
2662,8,7600,1,2,7600,6000,27,32,32449,-3,-2,12000,25450,17000,5616,5774,6892,7944,8352,8748,6330,6972,7009,22040,25360,27650,13000,21000,0,3768,8328,10236,-5,-5,-5
2663,8,5000,1,2,5000,2300,11,6,5128,-3,24816,12056,-2,15058,10646,5534,6000,-2,12308,13728,14136,20256,13739,16236,15804,-2,9228,14580,0,7820,12072,14000,9096,44329,7367
2664,8,3576,1,2,3576,7000,3,8,5795,4800,5964,7390,8760,8600,3444,3784,2325,3756,831,4056,4200,4092,6036,-2,-5,-5,7850,0,0,0,-5,-5,-5,-5,-5
2665,4,3000,1,1,3000,16000,19,22,21392,-5,12020,8000,-2,13000,10000,9000,9000,10000,-2,-2,17400,24000,26624,23000,-2,14060,17000,20000,24000,28000,29000,31000,0,22000,47000
2666,4,3000,1,1,3000,16000,4,3,1722,10600,12000,15000,4052,6180,7300,23256,9000,8415,9684,10535,13440,13852,12772,8796,16160,18000,17244,18220,16000,22000,21000,26000,27000,25000,50000
2667,4,2268,1,1,2268,400,1,1,810,-3,2536,7608,8566,4956,1077,10874,9800,15784,-2,-2,10013,-3,-3,-2,14455,-2,20000,-2,16350,5940,9240,185540,21516,13296,-3
2668,8,14366,1,2,14366,15712,38,32,25561,9000,8500,23000,18400,-5,20000,19550,22075,26075,15125,17500,18350,18075,17600,18600,23150,25000,27000,-5,-5,-5,-5,-5,-5,-5,62000
2669,8,14366,1,2,14366,15712,13,10,8169,9000,-2,12667,-2,-2,-2,11500,-2,11960,18000,15000,22000,0,5629,-2,43230,50800,60000,59800,-2,26550,-2,-5,-5,-2,20000
2670,8,14366,1,2,14366,15712,27,26,30126,8179,12000,12000,14387,18000,18655,22153,-2,16888,19410,21711,21503,24400,21360,24025,20780,13853,16560,-5,23500,-5,-2,-5,37200,13500,-3
2671,4,6256,1,1,6256,-3,18,15,14123,-3,22000,-2,-2,7000,12000,2700,4000,10280,11620,19700,9600,-2,-2,21000,22840,28800,47200,30800,-5,-5,-5,-5,-5,-5,-5
2672,8,10620,1,2,10620,2720,22,21,13722,6560,7000,15836,13211,19000,30000,22000,30800,-2,40000,37000,31000,20272,35744,33000,27000,36000,30271,30000,47000,34100,50000,39304,41000,82000,50000
2673,4,3869,1,1,3869,10800,2,3,3536,-3,7023,-2,10488,9037,14140,20736,-3,-3,24000,13500,11000,-5,-5,-5,-5,13700,24000,24000,-5,-5,-5,-5,-5,-5,-5
2674,4,3869,1,1,3869,-3,-4,-4,-4,5028,13806,-2,18028,-2,14000,-5,16300,19000,1700,22000,20092,22976,-5,-5,13000,18000,24900,23000,23000,28000,22000,23500,16000,30000,30000
2675,8,3869,1,2,3869,-3,8,9,16569,-3,-2,-2,-3,-2,-3,-2,6880,-2,-2,14000,-3,-2,-2,-2,14880,23932,7600,11316,19304,13400,20944,20404,15756,3012,17000
2676,4,24,1,1,24,-3,6,4,2640,800,-5,22437,22075,26000,-5,38000,44000,48000,46000,51000,58016,53825,40000,-5,46000,52000,63000,42975,49000,-5,73000,65000,75000,-5,-5
2677,8,2000,1,2,2000,18000,28,31,30421,-3,39000,-3,-2,-2,-2,2441,-2,1057448,-2,21836,11560,32400,12795,25758,39600,-5,-5,23570,-1,80000,-1,-2,-2,-2,-3
2678,8,7100,1,2,7100,12920,73,63,62384,-3,14592,16850,12000,25000,24000,-2,-2,27570,35241,49680,51967,49344,43100,43640,56150,56200,66000,63000,72800,74060,83250,95110,90864,85015,96230
2679,8,5631,1,2,5631,6096,48,44,50680,6720,12000,7149,8200,7879,8926,8448,10314,8968,11848,13456,-2,35064,-2,-2,20552,-2,6376,9800,3890,13000,19000,20000,20000,20100,49550
2680,5,-1,3,2,-1,1900,79,75,81414,-3,35000,1750,2535,7500,17300,13500,20500,20500,66000,66000,73666,83000,76040,32460,-2,332808,-2,131000,150200,140700,-2,166000,177400,181000,-3
2681,8,300,1,2,300,7000,3,5,5686,-3,-2,13500,18000,3600,-2,-5,500,5500,6000,9158,2016,2160,3792,-2,15400,11420,21040,-2,0,55000,19628,17744,25476,28000,32000
2682,4,300,1,1,300,7000,7,3,5464,7000,10000,13500,19880,-2,26000,32102,26000,34000,32063,27080,28010,16710,17162,25000,47500,33000,38200,45000,26000,35000,20230,16824,47000,49000,27000
2683,8,300,1,2,300,7000,5,5,1949,7000,10000,13500,-2,-2,6000,7026,21928,7416,66200,15132,20900,19700,15116,7800,18918,9309,71000,45400,60000,41000,32150,36000,47600,64000,106000
2684,1,-4,3,1,18775,29000,86,84,78514,8000,50512,11502,12300,22300,34000,31200,15531,25232,32900,-2,12404,17064,26830,47600,56000,51400,35952,228000,48400,91250,82000,77700,38775,27000,-3
2685,1,17200,3,1,17200,13000,96,93,87232,28000,31820,51250,54750,31800,34050,36750,43000,42600,57000,70860,71800,70000,85000,45700,28700,60500,82500,92950,96200,106800,116500,120000,120300,97000,99000
2686,1,17200,3,1,17200,19030,92,91,96006,23020,15500,51000,28600,22050,25500,35000,35000,37000,44100,57100,-5,-5,-5,-5,66000,-5,-5,-5,-5,-5,-5,-5,-5,-5,-5
2687,4,14000,1,1,14000,10000,35,33,34539,-3,12000,15000,13000,30000,20000,9140,7000,27600,-5,13400,11200,12600,18000,28500,35146,-2,-5,-5,148700,102792,128000,-5,24600,-5,148960
2688,4,14000,1,1,14000,15000,67,78,74478,-3,10500,18000,13000,30000,9000,11500,11000,12000,12101,12000,21600,-2,16650,29000,-5,57000,25000,28000,32000,35000,45000,-5,-5,-5,-5
2689,5,13284,3,2,13284,37000,42,31,38206,40000,13000,13000,12630,15139,19000,34100,36600,32500,37055,41740,47500,47000,48000,47800,47000,47000,58000,62000,70000,78000,73000,90000,-5,168000,124000
2690,8,3500,1,2,3500,7680,29,26,34223,21280,7200,11218,10000,-2,60000,33800,46000,-3,93000,30000,38000,31000,34920,34920,34920,68000,80000,40000,53000,70000,58000,91000,93000,110000,110000
2691,8,7640,1,2,7640,5000,16,13,25784,2184,3641,1382,3684,3642,4620,24268,27324,28500,25930,30646,32192,37890,40890,37956,36100,48762,46670,46855,63000,85900,49502,70000,86000,89000,97172
2692,8,14000,1,2,14000,23000,13,13,13303,38000,12882,14120,13841,9000,-2,23000,17484,32779,33040,36480,21984,38720,36280,36890,43320,48000,69028,69500,67000,75729,69000,87000,69600,72764,-3
2693,4,14000,1,1,14000,-3,15,8,11426,18068,30000,30800,22000,-2,20344,35985,11000,6476,27495,-2,14755,21905,2925,4452,17944,18720,9600,22700,31332,25600,19020,19200,26528,42108,34233
2694,4,14000,1,1,14000,3930,66,59,57714,3909,9000,7000,4508,9850,13000,15000,24000,17000,13000,17000,23000,20000,18000,20000,25000,22000,21000,24000,25000,30020,20000,30000,16865,40000,14563
2695,8,6000,1,2,6000,7200,52,58,63262,9000,12300,16600,15000,-2,3700,12000,23500,12885,-2,-2,50620,-2,-2,59696,-2,-2,-2,70000,190800,-1,-2,-2,-5,-5,-5
2696,4,6000,1,1,6000,7200,35,32,47892,9000,12000,16600,15000,24000,8500,12000,10000,9360,17550,40000,18000,-2,-2,63000,63000,-5,-5,91000,97000,101000,157000,166000,-5,140000,129000
2697,4,8000,1,1,8000,11000,47,37,50180,7400,17000,-3,7500,4200,15280,16700,-5,26000,33000,21760,40321,3840,42795,37000,-5,40000,90000,-5,-5,-5,42000,-5,-5,60000,70090
2698,8,4000,1,2,4000,11500,1,3,2090,9000,6549,4388,5166,4268,10398,676,-2,3859,-2,-3,-2,-2,-2,-2,-2,-2,10400,10440,10942,2000,-2,16640,15000,12000,29890
2699,8,4000,1,2,4000,3500,7,7,7961,-3,5700,7500,6045,14688,12000,13000,2772,7000,50120,-2,10920,-2,13087,22435,53576,28040,18244,0,20000,-2,16140,17400,16080,22000,-3
2700,8,4000,1,2,4000,3500,2,2,2758,-3,-2,-2,5695,8600,-2,9533,1100,-2,-2,-2,-2,-2,40000,42000,-5,-2,-2,-2,62500,-2,54000,-5,-2,240000,0
2701,8,2500,1,2,2500,5520,28,29,25652,-3,35000,6680,9333,17812,23040,34050,21345,22010,25000,56000,62030,62000,71500,69043,81040,90000,101000,115200,133000,140500,151000,167000,0,80000,114000
2702,4,-4,1,1,5300,-3,77,81,73187,-3,14800,21000,31700,34213,39000,41182,44340,60200,56150,46100,48150,52158,51040,65750,-1,114050,129000,138000,108500,128050,146000,161000,177064,175000,193500
2703,4,2500,1,1,2500,5520,49,57,56056,-3,6120,12000,-5,23100,-5,-5,36000,-5,47000,43000,71600,160097,189918,54000,65000,100000,30000,95000,125000,-5,-5,110900,125000,123000,600
2704,8,-2,1,2,-2,3024,40,39,43536,8850,3500,-2,-2,9000,-2,28000,45000,-2,-2,44500,-5,-1,-5,-5,-5,-2,-2,-5,-5,-2,-2,-5,-5,-5,-3
2705,8,-4,1,2,3000,7800,7,2,1930,8400,6383,9586,14585,19000,17500,19200,-2,13950,29000,23148,33000,35827,26216,19326,12512,19800,-2,31700,-2,42000,-2,78000,53000,24000,35000
2706,8,8000,1,2,8000,9000,10,16,22776,7000,7559,10428,8540,-2,-2,600,7000,-2,10000,13000,12000,6600,7641,57300,19500,23000,24000,33000,36693,21960,21590,47848,23000,26585,-3
2707,4,8000,1,1,8000,9000,6,8,12320,7000,7559,10428,-2,-2,16000,-2,-2,-2,-2,15050,15072,24000,-2,-2,8000,26940,33600,37648,42768,42123,47627,40592,55980,56000,50000
2708,4,6720,1,1,6720,10000,14,14,13404,10000,11000,17000,16000,20000,17342,8300,11000,12000,11000,12000,11000,22000,31000,-2,-2,30700,-2,28000,25000,27000,25000,-2,36000,27000,-3
2709,8,6720,1,2,6720,10000,24,27,34134,10000,13044,14743,16828,2903,7289,7944,9864,9824,8978,9438,10828,-2,10592,-2,12480,11000,10750,14400,16257,17261,17995,18300,20000,20000,-3
2710,8,6720,1,2,6720,10000,7,7,6748,10000,10000,23000,6500,9238,7124,15064,19900,10200,9600,16300,10432,12450,12400,29093,15248,17210,19100,20000,26000,28000,29000,27000,25000,28726,42000
2711,1,20000,3,1,20000,16300,50,34,31136,12752,-2,36000,13000,18884,55000,49108,16000,24600,37800,35800,37200,-2,38000,62000,42100,116750,82200,43611,48120,45000,48830,-5,-5,-5,-5
2712,7,12000,2,2,12000,3360,23,21,18852,4800,3400,5560,13000,15000,17050,-2,43824,33000,40005,40000,41400,45000,47000,31500,52000,-5,-5,41600,0,1200,0,-5,-5,-5,-5
2713,3,-2,2,1,-2,4000,13,13,17630,5000,5000,6000,-2,20000,-2,13000,10000,13000,17650,18240,22000,19000,28000,35000,41900,29400,-2,43000,55000,54000,53000,30000,49600,68400,57600
2714,1,30000,3,1,30000,20000,89,92,90519,60000,30000,30000,40000,2500,36200,15000,38900,19525,26300,28100,27100,30000,-2,40100,45000,110000,65100,112000,57000,70000,70000,84000,89592,131000,331000
2715,1,-1,3,1,-1,10000,85,86,95099,10000,-3,-2,-2,7000,25000,25000,9000,11000,-5,-5,-5,-5,-5,-5,-5,-5,-5,-5,-5,-5,-5,-5,-5,-5,-5
2716,3,10628,2,1,10628,5000,10,8,10747,10000,6000,-2,1984,27200,7000,9000,16000,17000,14000,8200,5000,5000,5030,6000,28000,25000,28000,24000,35000,-5,30000,40312,-2,11196,-3
2717,3,-2,2,1,-2,14000,9,9,10936,15600,7000,7000,13000,13000,21000,20000,30000,45000,41000,48000,50000,39000,47000,48800,-1,58000,73000,74000,45000,40000,0,35000,50000,-2,40000
2718,3,-2,2,1,-2,7000,16,16,14082,21000,26000,28000,28000,34000,31000,33600,35500,37000,44000,39000,45000,45000,47000,45000,58000,58180,58000,70000,54000,67000,40000,-5,26000,110000,40000
2719,7,-4,2,2,-2,14750,6,6,8366,7398,5900,3800,7600,6785,7364,8200,15000,15000,15411,17000,16015,14000,16000,15000,17000,-2,22000,22000,8500,9840,-2,-2,11088,-5,-5
2720,7,-1,2,2,-1,15000,1,3,1872,6000,0,5000,0,573,10,0,15076,18416,-2,-2,7308,5232,2616,-2,7906,0,-2,-2,2171,1380,6312,0,8016,11424,-3
2721,1,-4,3,1,-3,11000,2,2,3167,15400,12400,11000,12500,4000,12900,12100,10699,10000,22400,15600,-2,17200,16000,27340,46000,55000,-2,0,30000,43000,63000,54000,53000,80000,-3
2722,5,-2,3,2,-2,20000,21,19,17373,18600,2000,19850,24200,22100,30000,3020,28000,20600,24500,32500,18920,27000,36300,43000,26000,12000,28000,108000,72580,51680,55200,66800,52400,43680,56800
2723,5,16000,3,2,16000,20000,26,32,34081,22000,1512,6015,9850,10160,10200,11000,5450,17000,6500,11400,14400,-2,46000,47000,48000,65000,86000,93200,92000,128220,133320,149761,155829,169443,180000
2724,1,22000,3,1,22000,29000,87,77,79723,29000,-2,30000,6500,6570,8050,23000,54000,72001,72500,75000,81000,-2,189918,105400,97000,111000,157000,408473,240000,454737,440692,497763,595986,922631,330000
2725,1,26000,3,1,26000,19500,80,90,92116,25000,20000,25000,-2,7500,11000,26340,28080,45100,40580,50500,57300,23150,30700,24000,20000,28000,35000,9199,26000,29000,41060,-2,-2,-2,-3
2726,1,-2,3,1,-2,-3,53,45,48378,-3,-1,-1,-1,-1,-2,-1,-2,-2,-2,-2,-1,-1,-1,-1,-1,-1,-1,-1,-1,-1,-1,-1,-5,-1,-3
2727,5,10500,3,2,10500,12000,56,56,67905,11410,14000,8000,-2,15000,23800,20000,25000,25300,28000,30000,31030,36000,41000,46000,51000,70000,43000,-5,52800,30050,-5,-5,-5,35000,49000
2728,1,-4,3,1,13233,15853,46,53,59815,15000,-2,21500,34000,20000,20000,25000,20000,20000,-3,20500,17480,50000,41000,49050,54100,62300,76000,-2,-2,-2,-2,-2,105000,-1,100000
2729,5,-4,3,2,8500,13000,59,53,52886,7716,15568,5500,8480,24000,6500,7600,9457,22983,8775,16036,15054,12331,18828,13046,14234,-2,30000,25000,32000,10000,20000,11000,13045,14000,40000
2730,5,-4,3,2,10580,8000,14,22,19730,8000,13000,13788,15500,20154,22000,25000,35000,34500,30000,52000,50000,52720,-2,50000,60000,64000,76000,40420,10000,14000,32000,1200,2376,18600,-3
2731,5,-2,3,2,-2,54000,38,48,56612,7080,8000,5000,-2,-2,11010,14000,14500,30000,33000,36000,27000,36000,44000,36085,38000,40000,41000,70000,57000,65740,1000,56900,49000,49500,84000
2732,1,12000,3,1,12000,14000,32,42,55890,23000,30000,8330,7000,35000,35000,-2,-2,-2,20400,20500,23400,23000,20000,24300,24998,26800,30000,33400,33955,40840,40000,43000,45480,39150,13025
2733,3,-2,2,1,-2,-3,9,9,3877,14000,-2,18380,18400,19700,18000,20000,22000,30000,38000,24500,18100,-2,19000,17500,19500,21500,27500,35000,28000,30000,28000,24000,30000,36000,32000
2734,3,-2,2,1,-2,-3,28,25,18418,-3,10750,7913,-2,-2,14300,13326,19000,17000,-2,19100,18800,19756,19000,-2,14600,9448,17245,19000,-2,-1,35728,39728,43728,48312,-3
2735,7,-2,2,2,-2,500,14,13,13939,8359,25000,22020,23204,24524,27984,36015,34502,7600,-2,13833,14457,13515,14604,33200,35834,9600,29000,26000,56592,56500,56000,60000,60000,59000,66000
2736,5,7200,3,2,7200,8000,58,53,62998,9784,13050,18477,14700,18572,20600,22800,19000,28900,19400,15664,12000,14000,19860,26060,-2,33121,27015,30695,27000,30557,27233,33887,-5,-5,-5
2737,5,-2,3,2,-2,8000,74,76,76513,8000,9000,10645,12250,11483,12500,13576,21000,33400,45000,65000,48000,50000,55000,58000,90000,65000,100000,89225,146000,88000,150000,100000,111020,110000,99000
2738,6,-2,3,2,-2,6800,53,58,46571,8000,12000,13000,13911,8680,10270,-2,13150,17150,13000,17639,17000,18075,19188,-2,60030,69675,80000,79000,99000,118800,113000,152000,62400,63268,71200
2739,6,-2,3,2,-2,10000,87,79,82385,11000,-2,10000,-2,14550,23300,28340,31500,31890,34300,52000,33300,49300,49800,53200,58600,64600,65700,82200,91000,97180,116500,104968,68600,79380,93536
2740,6,-2,3,2,-2,10000,42,47,67494,20000,10000,12258,-2,2600,2500,11000,33000,35620,41050,51568,27800,28000,31300,-2,67100,79000,90000,136350,53900,52000,61387,55800,54800,57400,64000
2741,1,-4,3,1,14850,16045,63,59,50562,18000,18000,18600,20100,22600,22650,16100,17620,18200,32000,34950,36250,-2,39100,43100,-5,50000,56000,-5,-5,55200,-2,78000,80000,81000,86000
2742,5,-4,3,2,14600,16100,83,63,66725,18000,18000,18600,19600,22600,22650,20650,17700,18200,32300,32950,36250,39600,41100,43100,-5,51000,57000,-5,-5,55000,49000,78000,83000,86000,87000
2743,7,25000,2,2,25000,3250,20,22,19217,-3,12100,6300,6600,6000,8000,6000,3865,7400,7820,6880,8184,6204,8896,-2,9450,14184,20360,-2,2440,14880,9591,2400,2400,23200,18328
2744,5,32000,3,2,32000,-3,32,43,37729,40000,25000,10000,58000,12600,16000,21000,20500,24350,18000,-2,-2,-2,-2,-2,-2,-2,14000,35400,42000,40000,47000,44000,34500,-2,14400
2745,1,32000,3,1,32000,12100,72,63,52010,25000,14000,24000,22000,23050,16040,17050,-2,30050,28050,25030,28000,28000,32050,37030,42100,43000,60030,70000,72000,76000,69600,68000,49400,48400,58400
2746,5,-4,3,2,14208,15711,32,30,31161,20454,23212,19718,27600,30727,26350,34520,35520,44500,43550,45052,45310,46800,50500,46500,52200,-2,72592,60000,60800,65808,66000,57092,46000,27000,-5
2747,1,14000,3,1,14000,2500,11,15,13768,16591,6947,3180,7600,-5,11000,10525,12948,11000,12001,10941,9881,-2,7200,7776,8000,6374,22000,21000,15420,34700,35488,31000,20560,20560,16080
2748,5,-4,3,2,13000,16000,4,8,8081,16000,15600,8680,21500,22010,20000,24000,29000,36460,36015,43020,41000,-2,-2,-2,57000,82000,79000,81000,64000,67000,60000,64940,50200,65000,87100
2749,1,-2,3,1,-2,-3,36,39,30562,-3,-5,-2,-2,-5,-5,-5,-5,-5,-5,-5,-5,-1,-1,-5,-5,-5,-5,-5,-5,-5,-5,6000,-2,10000,10800
2750,3,-2,2,1,-2,40000,23,17,18880,4000,40000,40000,35000,25000,30000,19292,16000,19500,18000,29000,40000,39000,31600,850,-2,-2,-2,18114,0,41122,50932,45000,52000,64625,66375
2751,3,-2,2,1,-2,40000,32,25,17588,21000,23640,24000,24552,24000,25000,28000,35000,31000,32000,32000,35000,39000,45000,45832,49000,-5,-5,-5,-5,-5,-5,-5,-5,-5,-5
2752,5,-4,3,2,-2,16000,-4,-4,-4,28500,75001,68520,28212,63600,44900,55000,33200,50000,53000,67000,48464,20600,-2,105000,89000,94000,173000,61500,110000,140000,119000,90000,143200,-2,-3
2753,5,-4,3,2,-3,14496,32,32,27325,19500,5100,19678,17796,25680,24400,24240,24400,-2,26040,30040,-2,-2,47001,54000,47000,44032,49000,59321,45168,38200,39864,36590,39032,-2,16101
2754,1,-2,3,1,-2,-3,32,41,52618,25000,-2,38000,-2,40000,3400,12000,22000,-2,8000,12000,12800,28585,-2,-5,-5,-5,-5,-5,-5,-5,-5,-5,-5,-5,-5
2755,1,24000,3,1,24000,-3,53,59,73536,-3,26720,30630,39900,25020,-2,-2,29000,24000,29000,40000,42200,47760,64700,73760,73000,115000,85000,88600,58600,102000,100390,80000,110000,-2,51600
2756,7,-2,2,2,-2,15000,75,71,75140,1700,9047,6242,3520,-3,23000,37000,-5,-5,-5,-5,-5,-5,-5,-5,-5,-5,-5,-5,-5,-5,-5,-5,-5,-5,176800
2757,5,-4,3,2,2052,-3,8,8,4216,10400,1500,9865,10000,8000,11040,20000,0,-2,4320,5160,2400,29000,30600,-2,41368,48600,-5,85000,-5,-5,-5,-5,-5,-5,-5
2758,5,-3,3,2,-3,-3,8,8,8653,30000,-2,8700,13452,15000,14000,14840,16692,12656,-5,-5,22000,-2,-2,14810,-2,19500,16980,-5,-5,77000,59000,82224,-2,63988,-5
2759,2,-2,3,1,-2,-3,-3,-3,643,7666,3679,4031,8826,9445,11138,-5,14820,35000,-1,29000,29300,-2,26200,-2,43500,58280,47604,48688,45000,78000,78000,48000,51975,62000,62000
2760,1,7126,3,1,7126,-3,30,36,51839,8900,4000,6900,5000,18000,30000,-2,38400,30000,21900,22000,-2,22200,22000,-2,26500,41132,65000,38520,47500,66560,58000,64000,84000,-5,87000
2761,3,-2,2,1,-2,-3,8,9,16131,-3,-2,75001,18600,6040,11166,7200,12540,5940,15448,12900,14840,9996,-2,31280,-2,7850,9360,7800,9360,10440,18480,9600,13620,12360,-5
2762,3,-2,2,1,-2,-3,6,9,16944,-3,8097,24000,-2,13504,9651,11000,14360,18000,25344,18620,18000,8000,10000,25000,44000,26000,24000,25200,34600,33600,15000,-2,25800,-2,-5
2763,3,-4,2,1,-2,14000,6,8,10405,-5,-5,-5,-5,-5,-5,-5,-5,-5,-5,-5,-5,-5,-5,-5,-5,-5,-5,-5,-5,-5,-5,-5,-5,-5,-5
2764,3,-4,2,1,-3,-3,3,10,12958,4285,31026,10306,-2,-2,-2,-2,-2,-2,-2,7000,-2,-2,-2,-2,-2,-2,23000,21000,21500,0,-2,-5,-5,-5,-5
2765,1,23000,3,1,23000,2200,45,40,46116,24500,21500,-2,-2,3000,-2,50560,7905,16545,27700,24750,23600,26000,37000,48000,65000,60000,62000,68000,72000,87000,85000,100000,120000,115000,115000
2766,1,7000,3,1,7000,-3,73,66,71977,4500,25000,25000,25000,40000,30000,51160,13600,21450,28300,24600,27160,22940,23500,29680,10200,0,1000,3000,6000,6000,26478,40000,59000,69000,-5
2767,1,7000,3,1,7000,-3,8,8,8889,23200,25000,25000,25000,20000,65000,43480,32745,31000,38325,38182,-2,23500,25000,30320,30200,65900,37200,41000,38998,46000,65575,80500,47500,45160,97104
2768,3,-2,2,1,-2,-3,10,11,14687,10304,-2,-2,-2,29800,15000,19000,32000,-2,52000,49000,64000,54000,81000,-2,77000,-2,-2,-5,87000,-2,-2,-2,-2,-2,-3
2769,7,-2,2,2,-2,-3,2,4,7241,9535,-2,10168,12104,-2,10000,8883,900,800,7512,2184,18180,8796,10763,1888,2476,-2,22600,30228,16040,-2,29000,-2,-2,-2,-3
2770,7,9000,2,2,9000,19000,49,59,62129,17000,22000,24197,35000,43000,49000,54000,29996,40000,36000,50600,40000,40000,42000,51000,-2,73000,-2,76000,97000,-2,66000,69000,79000,62700,82700
2771,7,9000,2,2,9000,18000,32,29,30365,-3,9000,13000,12000,31000,15000,-5,27240,39000,-2,49000,-2,57060,53000,-2,70000,332808,90074,85000,100000,139188,89000,181000,146000,102000,120000
2772,3,17000,2,1,17000,13640,16,13,16598,19000,-2,1300,8900,31000,21752,18750,43000,27000,27000,35000,31500,44024,40892,38000,44000,43000,35000,44000,46000,53304,39000,53000,63000,47000,54000
2773,3,17000,2,1,17000,14000,27,33,31630,12000,13000,-2,-2,-2,-2,9000,22000,21518,23050,-2,29000,33000,24000,27000,29519,-2,31000,42000,49000,54000,-2,45000,65000,67000,47000
2774,1,23000,3,1,23000,-3,87,85,68644,17000,22300,19530,10200,22000,23000,24000,22000,23000,26000,26000,29050,30400,30188,38300,50200,69000,78000,73300,71500,71000,59528,45000,60000,76000,75000
2775,5,25000,3,2,25000,-3,78,71,76999,20000,36000,55000,-2,50000,10000,12000,28000,22300,26000,28000,34000,36000,36000,39012,39071,51000,-2,55000,48500,63000,70000,55000,54000,56000,63000
2776,1,23000,3,1,23000,-3,65,80,84667,20000,36000,55000,9200,8200,8700,12510,15700,19000,15600,16150,24900,5800,34700,32200,29400,40000,50000,50500,66000,73000,60100,80000,-2,85000,156000
2777,1,-4,3,1,-3,-5,14,14,16675,11000,22000,13097,5669,21820,11259,-2,-2,-5,-2,46160,40000,40000,-2,37000,94800,-2,-2,-2,58000,41810,33140,17832,1890,-5,-3
2778,5,-4,3,2,9800,-5,5,6,6881,11000,22000,4597,5702,100001,14000,2844,-2,7092,4376,3432,3480,5340,4872,-2,1000,5700,10000,0,0,14800,33516,10000,12048,17100,-3
2779,1,17000,3,1,17000,-3,15,12,17442,19000,29000,22610,19520,27000,16000,21000,19000,19000,36500,53200,53000,56000,56000,55000,57000,58000,55000,66000,-5,65000,58000,70000,75000,85000,67000
2780,1,1800,3,1,1800,1500,2,3,10370,16000,27000,19337,-2,14000,22000,35000,-2,14000,12000,16000,12000,16400,-2,15000,-2,30000,48000,26000,32000,49000,40000,40000,40000,36000,0
2781,5,-4,3,2,1600,1800,63,54,56208,21000,25000,26000,24574,34100,19000,-3,11440,22960,26150,33600,16800,19320,14400,19800,-2,34800,31500,16000,88000,98500,102000,85288,79000,85588,91100
2782,1,9000,3,1,9000,-5,-3,-3,116,-5,-5,-5,-3,12000,12000,12000,12000,12400,10360,10000,-1,16000,25500,51000,-5,-2,26000,-5,-5,-5,-5,-5,-5,-5,-5
2783,1,1552,3,1,1552,-3,35,43,47692,10210,20060,16484,-2,-2,5560,13000,-1,-2,60100,25005,-2,160097,85000,110000,65000,30000,-1,65000,-2,40000,80000,-5,86000,-5,-5
2784,7,5000,2,2,5000,4411,9,12,15110,7000,10425,13900,12000,15654,7800,12000,15585,15500,-2,-2,-2,-3,8648,-2,33160,23000,85395,9468,8508,10176,10992,2400,0,-2,-3
2785,5,-4,3,2,-2,12000,42,35,37739,11100,11000,15282,18208,20863,22000,22600,25484,22000,23257,22640,23023,27700,29000,25800,29000,-2,48544,35000,63500,33200,44000,-5,-5,-5,-5
2786,1,-2,3,1,-2,-3,1,1,711,2400,7900,10000,-2,50000,30000,-2,30000,28000,40144,17600,17214,20000,20000,-2,-5,-2,111880,126020,-5,115000,-5,-5,-5,-5,-5
2787,1,15550,3,1,15550,-3,70,74,82075,16000,19665,1760,3600,9000,13600,11400,-5,-2,-2,-2,-2,27500,-2,16960,-2,17500,21000,24000,-5,-5,-5,-5,-5,-5,-5
2788,5,-2,3,2,-2,7000,12,9,7228,15000,25000,-2,14000,-5,-5,-5,-5,-5,-5,-5,-5,-5,-5,-5,-5,-5,-5,-5,-5,-5,-5,-5,-5,-5,-5
2789,7,-2,2,2,-2,3957,31,25,20296,8204,7500,13320,13420,16540,31850,27600,-5,-1,-5,-5,-5,-5,-5,-5,-5,-5,-5,-5,-5,-5,-5,-5,-5,-5,-5
2790,7,-2,2,2,-2,510,-4,-4,-4,800,-2,-2,12000,5000,0,7266,8028,8160,8472,7824,9012,8604,10861,8472,6000,10429,-5,-5,-5,20000,-5,17000,20000,-5,-5
2791,3,-2,2,1,-2,-3,15,16,23558,-3,-2,-2,14000,-2,-1,-2,29000,-2,40000,-2,-2,-2,-2,-5,47000,-2,-2,17820,-5,18000,-5,-1,-5,-5,-5
2792,7,-3,2,2,-3,1068,5,2,4728,1902,14428,4852,4342,6601,6000,5016,4996,6409,31988,12768,12400,11484,13484,15568,17612,13000,3680,12684,5192,7800,19896,12508,11400,9600,40420
2793,3,5040,2,1,5040,-3,3,5,8780,-3,498,9044,8457,-2,10400,4000,-2,-2,39510,11858,-2,-2,-2,3000,-2,10000,-5,-5,-5,-5,-5,-5,-5,-2,2304
2794,3,5040,2,1,5040,5544,4,5,5211,7100,-2,21600,5041,32000,11388,-2,-2,18067,5000,47000,13625,69000,12000,-2,-2,25000,-2,25000,24126,23000,42320,-5,-5,-5,-5
2795,7,5212,2,2,5212,-3,3,1,4002,9714,8500,12764,-2,10368,23000,34000,21000,3600,7800,9908,1800,9000,-2,23050,3900,24400,12000,26000,0,0,0,0,9786,10536,5278
2796,7,5212,2,2,5212,-3,8,8,8310,11640,-2,9272,9432,14000,11600,-5,-5,-5,-5,-5,-5,-5,-5,-5,-5,-5,-5,-5,-5,-5,-5,-5,-5,-5,-5
2797,3,5212,2,1,5212,-3,3,5,4598,-3,12000,9277,15000,17500,16800,34000,29560,33000,43460,54000,44000,72000,66000,40000,40000,22000,75000,95000,80000,84000,63000,55000,48800,73400,60000
2798,3,12500,2,1,12500,-3,1,4,9809,17996,-2,25000,21000,-2,-2,12000,16160,-3,-2,20600,13000,22758,-1,16900,26000,17000,18000,3000,-2,25000,2400,13020,14400,15600,-3
2799,3,12500,2,1,12500,0,3,6,4999,19000,12000,25000,21000,-2,8131,-3,8800,15628,-5,-5,-5,-5,-5,-5,-5,-5,-5,-5,-5,-5,-5,-5,-5,-5,-5
2800,1,39411,3,1,39411,3700,89,98,98512,3600,-2,6000,10500,7220,13821,29800,30159,65208,64992,65989,42279,38310,41042,50645,52400,146200,137000,7000,35000,30000,-5,-5,-5,-5,-5
2801,1,30000,3,1,30000,35000,83,84,90597,9808,15770,12015,12400,17720,19512,21525,28528,33045,36026,41025,42017,54016,35819,47508,33440,-2,71950,72400,83896,96000,96000,55000,60500,64003,64000
2802,1,30000,3,1,30000,35000,56,55,65610,17000,14000,-2,-2,-2,20000,33430,25740,27464,34100,45025,56100,52900,47600,56750,58000,-2,79200,64000,66900,66000,65400,91544,-2,-2,-3
2803,3,13000,2,1,13000,8500,23,20,18985,14000,18000,24000,26000,-2,31000,-2,25700,24600,31000,36700,40000,44000,50000,57000,43000,48000,50000,52000,58000,65060,70000,68000,26720,26000,-3
2804,7,13000,2,2,13000,8506,26,23,32049,13000,20000,24000,11800,-2,31225,40920,54000,55000,60500,67500,70000,78400,74900,80000,92300,49000,112000,147509,109500,141500,147000,148300,154000,173500,187500
2805,3,28000,2,1,28000,-3,13,13,14953,-3,-2,13000,5028,3300,-2,61500,42500,36000,-2,41000,49500,55450,60500,-2,69000,-1,-1,-5,-1,94500,-1,-1,-1,-1,-3
2806,5,-3,3,2,-3,25000,64,69,72700,34500,30000,33000,39000,37000,15000,53000,53900,21200,15000,18000,17000,-2,2260,42050,-2,32300,27750,29020,35000,40000,40000,39020,41000,50500,50000
2807,2,-2,3,1,-2,-3,12,18,17576,-3,1000,7016,7350,10957,10128,21440,19000,23000,28000,21000,27600,32000,18000,35000,20000,-5,0,56000,185000,45700,65000,35000,45000,40000,45000
2808,5,-2,3,2,-2,18000,17,20,27856,24000,25000,9620,8600,12038,11000,23309,19191,24500,27079,22775,24652,-2,-2,30507,33655,19720,21000,27208,14360,32200,33320,63920,-2,70000,77760
2809,5,22000,3,2,22000,30262,87,85,86026,18475,-2,22363,31660,19000,27367,79295,38900,89000,81750,44648,46825,14000,50300,-2,104500,109000,104000,140675,127000,144252,172000,2000,120000,348000,-3
2810,5,22000,3,2,22000,25500,48,43,49671,28000,30000,43000,40000,42000,50000,-2,-2,53070,-2,69200,-2,69000,-2,59575,40000,63100,108000,59000,66000,147000,135800,80000,65000,57000,57000
2811,1,22000,3,1,22000,25000,22,19,24308,28000,39000,43000,54000,40000,50000,51400,20771,18504,27000,24900,29100,27900,30000,32900,21800,34400,-2,45000,60000,70000,-2,47022,48686,69500,59400
2812,1,22000,3,1,22000,25000,16,13,14151,28000,39000,43000,-5,-5,-5,-5,-5,-5,-5,-5,-5,-5,-5,-5,-5,-5,-5,-5,-5,-5,-5,-5,-5,-5,-5
2813,1,17000,3,1,17000,7530,80,89,86520,5122,13017,28080,31540,34050,36100,36250,22000,50500,50250,60000,68850,64600,70300,74100,60200,40000,66000,70000,120000,102000,72400,82000,85000,87000,95000
2814,5,-2,3,2,-2,22000,79,76,71795,20000,25000,-2,31697,38000,42050,45200,40050,46300,45200,59100,60500,80400,87000,88300,102200,120200,125000,-2,-2,454737,440692,-5,-5,-5,-5
2815,1,18000,3,1,18000,22000,38,37,53908,20000,25000,31000,40000,15000,32050,35000,41000,41000,45200,46000,46000,37000,43500,43000,49500,21268,62000,-2,70000,73000,72000,86000,71000,75000,39000
2816,1,18000,3,1,18000,23000,18,16,13683,34000,25000,30000,37000,35000,40000,55000,57000,57200,74500,87000,94500,160097,189918,78500,142500,67000,97500,105000,114000,-2,115000,156500,170000,213000,210000
2817,5,6000,3,2,6000,-3,6,6,8253,8000,7774,10400,10629,11000,0,0,36612,20944,13794,10900,27252,16000,14000,27000,-2,-2,50000,40000,-1,156000,-5,30000,-5,-2,21600
2818,5,-2,3,2,-2,-3,60,63,72322,-3,-2,24200,23357,25400,25000,21040,31800,33200,45400,42490,36506,38100,-2,42000,51886,71000,90500,97074,242850,68900,118500,168000,196000,190000,-3
2819,5,-4,3,2,23500,15000,8,7,3957,8320,19200,18200,20800,20000,14372,18000,29216,29120,25020,28000,28202,29000,32000,33000,32000,-5,-5,70000,-1,-1,86000,0,-1,-5,-5
2820,1,-3,3,1,-3,8000,20,19,28290,-5,9300,-5,11300,13550,2000,6000,9000,11960,-5,14000,39450,-2,-2,-2,-2,30000,32000,-5,22000,-5,-5,-5,-5,-5,-5
2821,1,-2,3,1,-2,-3,79,86,79618,17470,37150,35640,23270,40554,49000,-5,42300,-5,49000,62000,26500,34180,-3,54015,-5,-5,-5,-2,102000,-2,-5,-5,-5,-5,-5
2822,8,-4,1,2,3932,4392,1,1,74,4008,-2,5016,4536,-5,5664,-2,-5,-2,-2,-5,-5,-5,-5,-5,-5,-5,-5,-5,-5,-5,-5,-5,-5,-5,-5
2823,5,15000,3,2,15000,24000,76,66,62369,23500,9000,20000,23679,25000,22000,34000,36000,36900,28134,41000,36470,22709,29310,26000,10000,45000,42000,-5,98809,-2,-2,210800,-5,-5,-5
2824,5,15000,3,2,15000,24000,28,32,45396,23000,20000,-2,20000,-2,9100,12100,78300,42100,25000,94400,45000,33492,2574,22000,95000,-5,-5,-5,-5,-5,-5,-5,-5,-5,-5
2825,5,15000,3,2,15000,24000,22,24,36159,23500,20000,-2,20000,14416,18000,24000,59505,63000,83000,97000,26670,65070,54806,6500,17000,33000,-5,-5,-5,-5,-5,-5,-5,56000,48000
2826,5,-4,3,2,7800,32000,50,47,44484,31000,35000,40000,45200,41000,50000,25016,-3,17477,3408,13252,15920,28520,30780,15200,28400,19538,17772,-2,107400,-5,-5,-5,-5,-5,-5
2827,1,6000,3,1,6000,-5,-4,-4,-5,-5,-5,-5,-5,-5,-5,-5,-5,-5,-5,-5,-5,-5,-5,-5,-5,-5,-5,-5,-5,-5,-5,-5,-5,-5,-5
2828,5,-4,3,2,-3,1252,23,18,18908,4140,7142,6696,7524,13784,8828,8520,9652,52400,12644,16390,17936,32116,45882,30000,10375,-2,270,-2,24000,40000,60000,47000,5000,36200,45000
2829,5,8178,3,2,8178,12250,8,5,4517,12000,10000,11364,12600,0,1000,32000,25000,39000,-2,48520,22000,22000,23000,25775,73340,35000,36000,63000,97873,121980,-2,93700,146000,115620,-3
2830,1,11200,3,1,11200,25000,56,55,72247,27000,25000,-2,38726,25000,11500,-2,14250,-5,-5,-5,-5,26050,-2,-2,14700,17500,19500,24000,25300,-2,-5,-5,-5,-5,-5
2831,5,10000,3,2,10000,5000,42,45,47539,9000,45700,-2,25380,-2,12050,25000,18025,40150,6800,7000,12000,16000,30000,-2,-1,80000,-1,75000,91550,-2,-2,-2,-2,101544,121520
2832,1,16500,3,1,16500,20000,46,38,47307,19600,15000,26800,30900,-2,10500,4100,11300,17200,9112,25000,19000,33000,30600,31000,34100,24000,33800,-5,69600,82680,115000,84660,28800,50800,72500
2833,1,-4,3,1,13000,17200,75,80,69924,21000,20500,21543,22390,-2,25930,26065,28035,30050,-3,33000,38000,41240,42700,41000,24000,-1,80000,-5,-5,-5,-5,-5,-5,-5,-5
2834,5,-4,3,2,11000,17200,72,65,63797,18503,20000,24000,25000,26500,25930,-2,30870,30540,36000,33000,38000,41240,41700,41000,54000,-2,80000,-5,-5,-5,-5,-5,-5,-5,-5
2835,5,-4,3,2,16023,8080,38,41,33755,9119,9210,13189,-2,25900,30700,29300,35460,40264,35422,-5,-2,43000,43314,54000,68000,-5,-5,-5,-5,-5,-5,-5,-5,-5,-5
2836,1,-4,3,1,6700,11610,49,59,44916,-3,11333,-2,11200,-2,22000,32000,-2,25306,21550,-2,22684,35368,85400,37100,88005,-2,-5,-5,-5,-5,-5,-5,-5,-5,-5
2837,1,25500,3,1,25500,30000,23,26,31514,28000,35000,-2,29000,-2,68000,-2,12000,-2,35000,40000,41000,37000,40264,37000,55960,20000,20000,59500,-5,-5,-5,-5,-5,-5,-5
2838,1,15000,3,1,15000,30000,94,94,95237,34000,31000,30000,40500,48000,50000,70430,69800,40500,39000,9600,68400,68050,39950,78000,47500,2500,108000,116000,125500,129032,157700,-5,-5,191000,204300
2839,1,23000,3,1,23000,34000,82,85,73761,35300,30000,-2,52000,17000,76000,-2,74000,63750,65030,25259,28957,-2,59000,67600,76500,84200,82000,105600,103000,109500,111000,116500,117500,121285,-5
2840,5,23000,3,2,23000,34000,75,85,95131,35300,30000,-2,52000,45000,69500,85900,78100,21010,22010,65500,50570,56500,50100,71200,136700,106700,148200,153500,178000,241700,230000,217200,290000,922631,345000
2841,5,35000,3,2,35000,40000,99,97,96898,23000,40800,39400,34200,44000,41800,48000,53400,57800,60800,54700,62681,74700,77000,88500,84000,105200,136000,145676,153000,172000,195000,170000,595986,222000,100000
2842,1,18000,3,1,18000,22000,82,80,87040,19000,17020,34000,20000,28000,20000,52000,36060,40580,40460,39600,37000,52000,42000,52000,-1,45000,67600,85000,94000,93000,90000,100000,110000,113000,-3
2843,5,19000,3,2,19000,27000,56,50,60087,29000,30000,35000,-2,-2,-2,-2,31050,30040,29030,33000,34000,34040,34000,40000,-1,-2,-5,-5,-5,-5,-5,-5,-5,-5,-5
2844,1,27000,3,1,27000,25000,97,98,97184,35000,20000,-1,-5,-5,-5,-5,-5,-5,-5,-5,-5,-5,-5,-5,-5,-5,-5,-5,-5,-5,-5,-5,-5,-5,-5
2845,1,12000,3,1,12000,14000,99,99,100000,16870,20000,6000,18000,9750,7150,18200,12440,11700,13740,14750,16600,9100,20200,38400,0,50500,60200,57100,74000,84500,88000,-5,-5,-5,-5
2846,5,12000,3,2,12000,14000,99,99,98767,16870,24000,6000,-2,20000,14000,2050,11040,10550,17205,22262,30050,29325,30000,32300,27115,91241,-5,-5,-5,-5,-5,-5,-5,-5,-5
2847,5,12000,3,2,12000,14000,99,98,99445,16870,24000,25000,22800,9900,-5,2800,18000,1057448,8020,14500,14000,21000,22000,28200,28600,14000,28000,-2,48000,56000,47000,-5,-5,-5,-5
2848,5,30000,3,2,30000,32000,91,97,97137,13178,8349,1250,70318,23580,28300,34600,44500,50500,40400,36500,36000,38000,39250,43200,46028,52000,58024,65823,20035,23907,27848,32640,34355,33741,34561
2849,5,32876,3,2,32876,-3,86,94,91680,-3,-2,9940,21317,1920,23040,26100,29800,34000,34100,42100,44210,50100,52120,60300,27600,53300,21000,6000,1000,0,16000,15300,0,1000,0
2850,5,45000,3,2,45000,25000,98,99,98492,-3,-2,50000,-2,35800,-2,-2,77500,73000,68000,159805,839078,160097,189918,974100,244343,332808,163000,210000,-2,454737,440692,-2,-2,270000,-3
2851,1,45000,3,1,45000,25000,93,96,96763,-3,35000,35000,9850,3700,10840,23300,47150,50500,52400,57400,60000,81500,189918,974100,244343,332808,390662,408473,479983,454737,440692,497763,595986,922631,766958
2852,1,35000,3,1,35000,24000,30,42,33730,3200,10000,36000,-2,-2,32400,-2,95010,30200,28560,-2,-2,-2,-2,27000,30000,30000,33000,-2,33000,-2,-2,35000,40000,40000,29000
2853,1,15000,3,1,15000,4300,80,84,84289,5000,-2,-1,2988,-2,14000,14500,-2,13800,18000,6000,14000,22000,22148,15800,35000,4400,-5,-5,-5,14500,-5,-5,-5,-5,-5
2854,1,-1,3,1,-1,10000,52,68,71491,35000,35000,30000,45000,65000,7000,25000,13100,-3,13000,13000,839078,30200,30000,39700,44000,42000,47000,48000,71000,71000,67000,-5,-5,-5,-5
2855,5,-1,3,2,-1,10000,34,42,58761,35000,35000,30000,20400,11810,21630,29600,28100,52000,44000,38000,0,-2,-2,16220,25000,-2,61000,67000,123000,27000,27920,30000,26000,31266,63076
2856,5,60000,3,2,60000,6700,76,61,56854,10565,12515,24750,38600,47102,20000,32030,28025,31600,19235,36600,31060,52625,38000,974100,80000,83000,118600,100800,59500,454737,-2,46000,32900,32950,83100
2857,1,40000,3,1,40000,35000,42,29,32422,30000,75000,-2,-2,40300,42800,-5,37000,-5,-5,-5,-2,-2,62000,70000,19188,-5,-5,-5,-5,-5,-5,-5,-5,-5,-5
2858,1,40000,3,1,40000,40000,71,80,84767,30000,74000,30430,32600,39500,30500,54500,28000,24892,58000,21000,48050,29050,26200,25000,25000,25000,-5,37025,-2,65600,62000,-2,-2,77000,70050
2859,1,20000,3,1,20000,35000,86,95,90096,-5,-5,-5,-5,-5,-5,-5,-5,-5,-5,-5,-5,-5,-5,-5,-5,-5,-5,-5,-5,-5,-5,-5,-5,-5,-5
2860,1,30000,3,1,30000,28000,67,78,84780,30000,-2,29000,29000,29000,50000,18000,41100,-2,48000,54000,54000,56700,61050,61600,71650,102000,115000,-5,-5,-5,-5,-5,-5,-5,-5
2861,1,20000,3,1,20000,21000,99,99,97983,21700,6000,28000,13595,-2,-2,33775,25300,33400,39080,52700,48600,51300,91300,103800,-5,123700,148200,144800,171000,190900,201200,241000,235400,249000,283000
2862,5,6000,3,2,6000,6000,50,49,58954,12600,-2,-2,-2,-2,-2,-5,-5,-5,-5,-5,-5,-5,-5,-2,-1,-5,-5,-5,-5,-5,-5,-5,-5,-5,-5
2863,5,6000,3,2,6000,6000,32,35,41306,12600,-2,-2,15000,12000,-2,-2,28050,-2,-3,-2,83000,90000,80050,87040,93080,-2,137000,92000,40000,30000,18732,-5,-5,-5,-5
2864,5,12000,3,2,12000,21500,32,35,32795,9000,18000,-2,25800,14000,22000,42400,15100,22060,10000,11220,11764,2886,500,32000,56000,51000,390662,70000,64000,33000,32523,48000,41130,38000,39000
2865,5,12000,3,2,12000,-3,14,15,14338,9500,18000,-2,26498,13000,24200,-2,13508,27508,36885,43000,35400,13731,12748,17600,0,8600,-2,9340,9600,10482,-5,14472,14640,-2,2382
2866,1,12000,3,1,12000,2403,57,50,57774,-3,14938,26040,27075,33070,49000,74000,42000,87900,73000,48000,839078,90500,36100,30000,58000,70300,90800,114000,273800,134000,136702,74000,-5,134200,194280
2867,5,12000,3,2,12000,33000,20,25,27951,18000,21000,18000,24000,28740,21000,38000,35440,34200,80200,40000,45080,43000,41000,31380,33000,33000,65000,97000,61000,70000,52000,43600,68960,60320,91600
2868,1,30000,3,1,30000,-3,57,59,56211,45000,67220,26400,29020,35560,38700,43500,39500,41400,45900,45250,60000,62000,57000,55000,57000,-2,90000,167000,144400,156000,160600,175000,216000,195000,187400
2869,5,30000,3,2,30000,-3,81,72,61979,60000,75001,-2,6100,12000,85000,11500,100001,-1,146942,-1,839078,160097,189918,-1,-2,-5,-5,-5,-5,-5,-5,-5,-5,-5,-5
2870,1,30000,3,1,30000,-3,79,78,74671,45000,67000,15010,19520,55000,90000,21100,26000,-2,53400,59000,61000,66600,73200,75060,87000,93000,121300,139000,182500,153150,130200,92500,113500,100200,91300
2871,1,30000,3,1,30000,-3,44,46,56887,45000,67000,-1,-1,80000,100000,-2,14200,25050,-2,-2,-2,36050,61200,64700,80000,117000,125000,105600,116000,125000,49000,135000,165000,170000,180000
2872,5,-1,3,2,-1,45000,83,95,92257,35000,-2,75001,-2,23000,26000,34200,39800,48000,51000,56400,63000,65500,65500,84000,131000,140000,-2,-1,-1,-2,-2,-5,-5,-5,-5
2873,1,-1,3,1,-1,39000,96,99,99157,47000,38500,-3,75000,6000,15500,15800,10000,12150,11500,20929,53000,28600,28400,31000,40000,51540,71500,79000,67800,31150,36700,31000,20000,-5,-5
2874,4,-3,1,1,-3,1200,2,4,7718,1200,13160,5000,10000,10400,12480,11000,11200,14000,15000,16456,16000,15200,19752,20000,27700,22000,30000,33000,25000,-2,30000,27000,35000,31920,30000
2875,1,-2,3,1,-2,-3,95,88,86469,50000,-2,7360,-2,39000,44100,61000,-5,-5,-5,-5,-5,-5,-5,-5,-5,-5,-5,-5,-5,-5,-5,-5,-5,-5,-5
2876,1,-3,3,1,-3,-5,-4,-4,-4,7000,7000,-2,-1,-2,27300,30000,70000,1057448,146942,40000,839078,160097,189918,160050,75000,82000,-5,26000,60000,101200,70000,87160,100000,82000,122000
2877,6,-4,3,2,19320,29275,95,84,84187,33135,27800,14750,35250,41300,63250,80450,71200,68200,146942,53700,37000,74100,52400,62200,80200,100100,98000,96000,103250,-2,-5,-2,-2,170200,160200
2878,8,-4,1,2,-3,5160,-3,-3,6566,-3,3408,4044,-2,7800,7788,11724,11244,12240,13164,9840,11218,7896,10116,7596,12468,0,7716,8690,11350,4992,4940,9744,11496,-2,-3
2879,5,-1,3,2,-1,0,25,27,27641,-3,-2,-2,39000,31700,36400,42500,59000,60500,-2,80500,76000,80000,78500,96500,-5,-5,35000,51000,48000,-1,50000,42000,-5,50000,-5
2880,5,-1,3,2,-1,40000,48,39,42864,-3,33000,40000,20050,41030,30100,20000,53500,30200,-2,77200,38950,35700,47780,49400,58430,63320,-2,-5,-5,-1,-2,182000,-5,-5,-5
2881,1,-1,3,1,-1,0,34,30,40672,-3,33000,40000,5000,12000,10000,-2,-3,-2,18200,-5,-5,-5,25000,25000,27000,40000,-5,105000,80000,-5,-5,-5,-1,-5,120000
2882,1,-4,3,1,5000,3058,13,17,18286,3000,12000,3000,10000,11800,20520,16500,-5,-5,-5,14200,83000,67440,74000,-2,80000,-5,-5,-5,-5,-2,40000,55000,48700,54000,32000
2883,5,-1,3,2,-1,-3,84,78,78966,-3,2500,-2,-2,-2,67000,-5,45105,57600,67000,67100,71620,75000,75000,90100,63200,-1,70000,100000,-1,-5,-2,-5,-1,-1,-3
2884,1,20000,3,1,20000,17800,30,34,42648,-3,25000,-2,-2,40000,67000,-2,100001,1057448,146942,159805,839078,160097,189918,-5,-5,-5,60000,150000,74000,85000,46000,50000,35000,60000,-3
2885,5,-4,3,2,4020,-3,55,42,33954,5720,34200,-2,-2,-2,-2,-2,70000,-2,-2,3400,11800,34072,-2,10000,73000,-2,-2,54600,-2,-2,-2,22500,30000,-2,-3
2886,7,-4,2,2,-1,15396,64,67,67886,-5,10550,33300,-3,38000,41100,-5,26600,20000,20000,17000,17000,23000,24000,23000,23000,25000,-5,-5,0,8000,0,10000,28746,32279,54240
2887,5,-1,3,2,-1,-3,69,55,42708,17000,30150,25200,75001,-2,100001,-2,28900,29800,39200,49150,35680,50100,50050,75015,87600,85000,130000,164000,-5,-5,-5,-5,-5,-5,-5
2888,1,-1,3,1,-1,-3,41,46,55411,-3,60000,-2,75001,100001,100001,28000,50000,60000,-1,-5,839078,160097,189918,95000,244343,-5,-5,-5,-5,-5,-5,-5,-5,-5,-5
2889,5,-1,3,2,-1,30000,54,61,69302,-3,40000,25000,25000,40000,42000,62090,98075,63800,85000,97500,59000,39500,43000,60500,77000,75500,-2,209300,255000,163000,180000,130000,168000,158000,0
2890,4,25000,1,1,25000,31800,49,45,57082,35000,25500,-2,-5,-5,-5,-5,-5,-5,-5,38055,91030,94230,92000,-5,-5,32000,-5,-5,-5,-5,-5,-5,-5,-5,-5
2891,8,25000,1,2,25000,31800,26,25,14598,35000,-2,-2,-5,-5,-5,-5,-5,-5,-5,-5,-5,-5,-5,-5,-5,-5,-5,-5,-5,-5,-5,-5,-5,-5,-5
2892,5,-1,3,2,-1,3000,93,93,96653,-3,50000,50000,55000,52000,52000,32200,-2,11840,15070,15000,35000,80800,52000,126000,138500,15000,65000,145900,479983,208000,-2,273500,-2,317724,-5
2893,1,-1,3,1,-1,75001,99,99,99256,50000,75001,17800,25000,42000,-2,57000,71000,63000,90000,159805,839078,84000,85000,114400,130500,141300,390662,195900,479983,454737,440692,497763,296400,922631,766958
2894,5,50000,3,2,50000,50000,84,91,94588,-3,40000,3500,-2,100001,35700,30000,71000,1057448,-5,91000,839078,160097,189918,974100,244343,332808,173000,180000,479983,454737,-2,497763,-1,-1,-3
2895,1,50000,3,1,50000,50000,44,48,81941,-3,75000,-2,75001,100001,100001,100001,3800,0,-3,22400,26000,27000,-2,44700,90000,125000,390662,408473,479983,454737,440692,497763,595986,315000,208000
2896,1,50000,3,1,50000,55000,82,92,85579,65000,75001,4200,12200,-2,46800,77200,78500,53000,65000,79000,66000,70000,71000,102000,244343,174000,206000,408473,479983,454737,440692,497763,595986,922631,766958
2897,5,-2,3,2,-2,-5,-4,-4,-5,-5,-5,-5,-5,-5,-5,21000,0,3000,7000,19000,0,-5,-5,-5,-5,-5,-5,-5,-5,-5,-5,-5,-5,-5,-5
2898,1,75001,3,1,75001,75001,96,99,99368,-3,6700,14381,35000,-5,-5,-5,-5,-5,-5,-5,-5,-5,-5,-5,-5,-5,-5,-5,-5,-5,-5,-5,-5,-5,-5
2899,5,40000,3,2,40000,-3,49,51,62044,-3,-2,75001,400,-2,11000,10000,8000,45000,55000,74000,839078,160097,36000,70000,25000,35000,25000,36200,30000,35000,57000,0,62000,105000,118000
2900,5,75001,3,2,75001,-3,99,97,98481,75001,60000,7531,25450,18200,8570,28700,83700,1057448,146942,159805,839078,160097,189918,130750,244343,332808,390662,408473,202500,195000,203000,-5,-5,-5,-5
2901,5,75001,3,2,75001,75001,95,95,98230,-3,6000,10000,15300,22100,31700,43300,55400,58100,65000,-1,-5,-5,-2,-5,-5,-5,-5,-5,-5,-5,-5,-5,-5,-5,-5
2902,5,60000,3,2,60000,5000,99,98,98731,-3,75001,17600,-2,14800,20385,100001,59500,64600,74000,77600,70900,47700,47000,52600,67300,79000,94000,91500,109000,143500,44500,54000,50000,53000,54000
2903,1,75000,3,1,75000,-3,91,91,90931,75001,-2,10700,12070,80000,-2,-2,19000,23100,23030,25020,23000,28020,55300,81000,87000,-5,-5,140000,-5,454737,440692,497763,-5,-5,-5
2904,1,-1,3,1,-1,-3,93,89,83613,-3,-3,-2,64600,3000,80000,-2,58574,65378,84000,91800,65850,52650,70230,91200,-2,130000,132500,159000,167300,215600,202500,216000,210500,222000,188000
2905,1,53000,3,1,53000,55000,79,87,82751,-3,75001,60000,75001,28000,33020,100001,100001,-2,146942,-2,70100,-2,95000,-5,-5,-5,-5,-5,-5,130000,160000,170000,165000,175000,-3
2906,1,53000,3,1,53000,55000,87,86,84155,75000,75001,60000,75001,100001,100001,100001,-2,1057448,146942,159805,839078,160097,189918,974100,-5,-5,-5,-5,170000,-2,50000,0,20000,922631,766958
2907,1,75001,3,1,75001,62000,74,85,82820,58000,75000,75001,75001,-5,15000,30000,35000,40500,30000,40000,45000,65500,88200,105200,244343,166000,85500,152000,-5,-5,-5,-5,595986,-5,-5
2908,5,53000,3,2,53000,62000,91,91,91836,4500,14000,75001,22310,26020,30060,100001,74500,90000,146942,159805,839078,160097,189918,974100,62000,332808,390662,-2,479983,-2,440692,497763,595986,922631,766958
2909,5,-2,3,2,-2,75001,90,95,96535,75001,75001,14500,-2,49320,100001,36000,100001,1057448,146942,159805,839078,160097,-2,974100,-2,332808,390662,-2,-2,-2,-2,-2,-1,-3,-3
2910,5,75001,3,2,75001,-3,77,82,93168,-3,-2,-2,-2,-2,-2,2000,-2,23150,26150,56000,58500,65400,67300,73250,82000,-2,-2,90500,85000,98000,103000,-2,58600,52000,56000
2911,8,4000,1,2,4000,-3,6,4,4106,5944,-5,-2,3500,3500,-2,-2,0,3110,9768,6804,37920,-2,-1,-3,9660,28600,-2,47000,12000,-2,23338,0,35760,37014,38000
2912,4,4000,1,1,4000,15000,25,29,36386,3809,-2,-2,-2,23000,33000,-2,17300,21000,22000,-2,-2,16940,15748,24000,36000,-5,48000,12000,15000,16000,18300,24000,15000,18000,27500
2913,4,4000,1,1,4000,-3,10,11,12978,3809,-2,-2,-2,28000,-2,38500,-2,21010,-2,20000,23561,24880,45650,26000,-2,-5,-5,32000,42000,61000,-5,-5,-5,-5,-5
2914,3,17000,2,1,17000,19000,8,10,9607,1900,-2,-2,-2,-2,62140,81000,79300,-2,77000,-5,-5,76000,66000,88000,72100,-2,89200,-5,0,36000,22500,24000,20000,35000,35500
2915,1,-4,3,1,-3,8060,99,99,99370,7900,6900,6500,9450,6075,11400,8700,28400,32400,28000,28000,28500,31250,78100,82800,114000,169000,109450,89757,211800,220000,114200,213000,168000,164200,155000
2916,1,20000,3,1,20000,26500,79,78,84349,24000,35000,44000,45000,50000,3850,13600,16100,11160,12000,14328,0,20824,21000,23000,27962,30200,-5,-5,-5,-5,27748,-5,18000,17220,18000
2917,1,400,3,1,400,15000,22,36,36294,-5,6700,31500,-2,25000,22000,-2,6000,30800,35500,-2,10000,10000,9000,3200,-5,-5,-5,-5,-5,-5,-2,-2,-2,-2,-3
2918,5,-1,3,2,-1,-5,64,48,53239,-3,-1,35130,43500,45136,52900,53800,38300,35085,3800,41550,43550,50000,65070,80050,86000,163080,128120,192000,112000,204600,156000,150000,130000,160000,180000
2919,5,-2,3,2,-2,-5,13,15,18256,-3,-1,40000,30000,85000,75000,-2,29914,42605,38080,58040,37122,40695,50100,974100,40000,38000,44000,57000,58000,65344,72712,-1,60000,60000,60000
2920,1,75001,3,1,75001,-5,42,50,52232,-3,4750,9600,10020,13000,70000,17000,-2,1057448,31442,28500,-2,61800,67300,-2,62500,78700,92400,80000,75500,103500,116300,121000,135600,130600,115000
2921,1,20000,3,1,20000,25000,27,32,39227,-3,-1,40000,21200,-5,70000,68000,-2,1057448,91000,159805,839078,160097,189918,50100,48000,49000,52000,103000,120600,138720,121750,131000,95452,124800,-3
2922,1,-1,3,1,-1,50000,29,39,48526,-3,22000,15020,18000,15014,-2,-2,67000,49440,51800,51342,-2,23000,25000,27000,30000,40000,61000,-5,-5,-5,-5,-5,-5,-5,-5
2923,1,-1,3,1,-1,-3,53,54,57962,-3,-2,-1,-1,100001,100001,100001,44020,55000,54530,44000,45000,50000,53200,81500,90000,75000,90000,100000,-2,152000,175000,146000,-5,-5,-5
2924,1,-1,3,1,-1,-3,40,49,57653,-3,-2,-1,-1,100001,-2,-2,40100,26000,34000,34000,31500,35000,45000,56500,58000,-5,-5,-5,-5,-5,-5,-5,-5,-5,-5
2925,1,-4,3,1,3800,3625,98,99,98916,40000,15700,37000,-5,-5,-5,-5,-5,-5,-5,-5,-5,-5,-5,-5,-5,-5,-5,-5,-5,-5,-5,-5,-5,-5,-5
2926,5,30000,3,2,30000,35000,91,90,93305,40000,-5,-5,-5,-5,-5,-5,100001,-1,-1,-1,-1,-1,-1,-1,-1,-1,-5,-5,-5,-5,-5,-5,-5,-5,-5
2927,1,30000,3,1,30000,35000,90,81,88659,13820,8020,8100,8430,18077,-5,50500,-2,-2,-5,32200,28000,34000,-3,55000,86000,-5,-5,-5,-5,-5,-5,-5,-5,-1,110000
2928,5,13000,3,2,13000,18300,94,93,96193,15500,-2,16000,5299,5400,4547,100001,26766,50700,61250,37990,45600,47702,47100,49000,49970,55000,65000,67000,77088,89770,12500,52000,60000,60000,66500
2929,5,12000,3,2,12000,30000,92,79,84197,-3,-5,12158,17420,-5,-5,-5,-5,-5,-5,-5,-2,-2,14000,16000,19000,35000,23800,40000,46000,49700,55000,58000,59000,67000,70000
2930,5,12500,3,2,12500,17000,64,58,70097,16538,28275,45000,31000,12352,14000,17000,36012,32250,-3,41000,3600,26900,43000,37000,25000,-2,25600,43003,57012,36100,39000,78000,45036,90000,103000
2931,1,12500,3,1,12500,-5,-4,-4,-5,-5,-2,45000,0,25000,-2,70000,-2,4200,30000,-2,0,-2,-2,-5,-5,30360,-2,-5,0,-5,-5,-5,-5,-5,-5
2932,1,-2,3,1,-2,-3,10,4,1110,1600,10000,-1,-2,27340,15000,-2,51500,10000,-2,-2,3000,17000,18000,25500,47000,26000,12480,-5,-5,-5,-5,-5,-5,-5,-5
2933,1,-2,3,1,-2,-3,-3,-3,3573,-3,-2,-2,-2,27340,15000,-2,52000,16400,14020,-2,-2,-2,12000,19000,15000,18000,15000,-2,52809,11028,13632,-2,6000,11000,-3
2934,5,-2,3,2,-2,-3,7,9,18123,15860,-2,-2,-2,27340,15000,19800,-1,-2,44550,19000,21605,21000,-2,27000,-2,-5,50000,-5,-5,-5,-5,12993,-5,16000,15000
2935,5,-2,3,2,-2,-3,-4,-4,-4,30000,-2,-5,-5,38000,-5,-2,-5,-5,-5,50800,58000,49500,52000,130100,99600,-5,-5,-5,-5,-5,-5,-5,-5,-5,-5
2936,5,34000,3,2,34000,22000,47,70,70882,17000,-2,33000,54000,45000,48000,-2,60400,75200,75500,78800,91400,160097,189918,112700,55720,-2,64200,62200,51500,79114,95600,55050,78000,108000,97185
2937,1,22500,3,1,22500,30000,55,64,61074,4240,6500,-2,7349,16800,19060,28400,25050,34000,64900,39000,42000,60000,44000,56000,-5,-5,-5,-5,-5,-5,-5,-5,-5,-5,-5
2938,5,-1,3,2,-1,53000,33,35,36114,75001,75000,-1,75001,70000,100001,35100,85000,-2,37300,88400,86100,93500,63500,93400,244343,94000,-2,-2,127400,136000,-5,182000,-5,146000,-5
2939,1,60000,3,1,60000,-5,91,97,98472,14800,16001,17110,16020,1910,23100,25500,59200,62500,60400,89000,21800,160097,52250,46050,74050,111000,107000,106000,117000,162000,150200,157000,258000,162600,146000
2940,5,60000,3,2,60000,70000,-4,-4,-4,-3,-2,8000,9000,5000,8000,3000,30000,24000,23810,27000,27426,37050,38000,63000,71000,90000,87000,45000,69000,87000,80000,92000,84000,105000,132000
2941,1,75001,3,1,75001,-3,92,91,92533,75001,75001,75001,75001,75000,100000,100001,32000,17000,30000,0,24020,41050,40050,90100,97100,110050,390662,408473,479983,454737,440692,497763,595986,922631,766958
2942,7,7000,2,2,7000,15000,11,13,18324,8000,25000,20000,9160,-2,38000,14880,-2,-2,70332,-2,-2,70657,18964,-2,-5,5709,65436,-2,47872,39600,25000,13516,28800,0,2400
2943,5,35000,3,2,35000,36000,82,82,93766,-3,51000,-2,-2,3660,4500,97000,100001,34000,30000,76000,71680,93400,189918,974100,244343,-5,-2,408473,479983,-5,-5,-5,-5,922631,766958
2944,3,20000,2,1,20000,25000,50,49,64365,40000,35000,37000,45000,45000,-2,69000,-2,9000,47520,13000,15740,17390,21426,15056,20000,43000,43000,24000,82000,23000,48386,66000,164000,16246,135000
2945,1,33000,3,1,33000,40000,51,61,70940,43000,45000,60000,12800,20000,25000,15712,72192,1530,13000,40200,46100,62500,50500,17925,5000,50000,77000,35000,40000,50000,29100,77525,60000,75000,89300
2946,5,32000,3,2,32000,40000,74,78,85937,45000,45000,60000,48000,-2,50000,-2,-2,-2,-2,47700,50000,40904,56100,63000,69100,73300,78000,-1,82100,87000,132136,133200,106323,160200,181000
2947,5,32000,3,2,32000,3013,81,80,73810,7000,37500,47000,13425,-5,-5,-5,-5,-5,-5,-5,-5,-5,-5,-5,-5,-5,-5,-5,-5,-5,-5,-5,-5,-5,-5
2948,5,33800,3,2,33800,-3,87,78,79666,-3,28350,-2,-2,-2,27000,-2,33600,38100,-2,43500,46200,47800,-2,-2,-2,-2,89000,-2,104050,-2,-2,-2,-2,-2,-3
2949,5,33800,3,2,33800,3000,64,64,52547,70000,67000,-2,24540,37050,43100,39500,34100,33050,31515,33566,38225,41500,-2,54250,65000,-2,-2,60100,120020,148050,103025,48000,68000,-5,-5
2950,1,33500,3,1,33500,45000,62,74,81036,70000,67000,-2,75001,55000,12350,26000,29250,10000,30100,84000,20000,-2,24800,90100,80000,39100,66000,97000,128000,94000,-2,207500,108000,113000,135000
2951,3,-2,2,1,-2,13275,17,22,19438,12000,10808,-2,30000,35000,30000,11000,-2,-2,39000,-2,-2,-2,-2,17000,-2,-5,29000,30535,20000,45000,44000,1920,3924,-2,-3
2952,5,10000,3,2,10000,22000,46,40,54754,3400,14000,21000,27500,-2,-2,15000,37220,40800,-2,43120,45000,40920,47576,54540,64600,18000,21889,-2,96978,78832,77000,154975,125400,112468,145822
2953,1,5215,3,1,5215,10000,30,39,33606,-3,5000,16000,15000,10000,20000,28000,32500,36200,98000,25800,24656,28838,30000,38880,42000,52000,52500,88534,85000,64881,59290,30000,74000,59000,45000
2954,1,15000,3,1,15000,18000,4,1,2451,22000,18000,10000,-2,-2,100000,45200,100001,1057448,-2,-2,75200,-2,-5,-5,-5,-5,-5,-5,-5,-5,-5,-5,-5,-5,-5
2955,5,-2,3,2,-2,65000,93,89,89238,1533,4100,65000,75001,23150,28600,30800,77000,58000,62000,159805,-2,160097,189918,974100,244343,332808,-2,408473,479983,-1,-1,-1,200000,922631,350000
2956,1,35000,3,1,35000,30000,54,55,70358,45000,7000,65000,5030,5808,-2,8050,19525,21040,62360,84000,-2,72080,86245,108800,244343,74000,111600,101400,-5,-5,-5,-5,-5,-5,-5
2957,1,35000,3,1,35000,30000,72,79,80160,60000,58000,60000,6192,5000,3500,7020,15020,1057448,25050,25050,14200,6750,-2,87050,73080,85300,63000,70000,78400,99000,109000,-2,-5,-5,-5
2958,1,-2,3,1,-2,30000,60,80,90655,60000,60000,60000,72000,100001,4520,9000,15010,74010,22060,28045,839078,160097,60400,93400,100100,97200,104045,102000,110000,91500,85200,190200,208000,195010,190600
2959,5,35000,3,2,35000,34000,65,68,77435,42000,4200,12000,22300,24000,30000,1800,7100,7050,15040,34050,33000,51550,189918,152500,244343,332808,200000,220000,230000,454737,-2,-2,248500,347000,390000
2960,1,-2,3,1,-2,-3,1,2,6594,30000,-2,45000,-2,-2,70000,-3,-2,-2,-2,-2,-2,-3,-3,-2,-2,-5,-2,-2,0,3112,2400,11052,0,10200,-3
2961,5,30000,3,2,30000,45000,66,74,78001,75000,65000,65000,44100,46831,58000,100001,-2,74500,83700,85700,88500,160097,189918,119650,148200,157000,-2,172540,98650,166900,235200,220000,-2,216000,195000
2962,1,30000,3,1,30000,45000,46,67,59686,75000,65000,65000,52085,100001,100001,33200,61028,67950,69425,80500,83780,72340,64600,77600,91500,147800,139500,142500,144300,144040,152500,222300,241700,269000,257500
2963,1,25000,3,1,25000,-3,57,68,78539,-3,4100,70000,70000,12000,100000,18000,20000,40000,-2,-2,-2,-2,-2,10000,30000,120000,140000,120000,93305,40000,40000,8400,-2,10644,10848
2964,5,-1,3,2,-1,13000,65,54,60684,15000,25000,-2,30800,100001,52000,63300,91250,60200,77750,90500,80500,160097,-2,150000,65000,332808,140040,130400,146600,157000,101000,90500,125300,170000,140300
2965,4,-4,1,1,4000,-3,-4,-4,-4,-3,3700,4400,0,100001,-2,-2,-2,-2,-2,-2,10000,26960,-2,-5,28900,36000,34000,-5,-5,0,0,0,1500,3600,5000
2966,4,8438,1,1,8438,-3,3,1,869,4832,-2,-2,-1,-2,-5,-5,-5,-5,-5,-5,-5,-5,-5,-5,-5,-5,-5,-5,-5,-5,-5,-5,-5,-5,-5
2967,4,9288,1,1,9288,-3,13,14,36830,4832,9000,-2,-1,11000,8000,11980,-2,16404,14400,29790,21450,19400,12000,39500,18000,-5,-5,-5,-5,-5,-5,-5,-5,-5,-5
2968,4,9288,1,1,9288,-3,6,9,30614,4832,9000,-5,-2,4500,21000,17000,-2,14000,28000,17914,18000,19000,22080,0,44000,48000,63000,-2,66000,23000,8000,45000,39000,-5,45000
2969,8,11000,1,2,11000,-3,12,18,19370,-5,-5,-5,-5,-5,4956,-5,-5,-5,-5,-5,-5,0,1000,-2,2674,-5,-5,-5,-5,-5,31000,-5,-5,-2,-5
2970,8,11000,1,2,11000,-3,2,2,2926,0,11000,10050,10800,-2,10000,-2,14044,-2,4642,-1,-2,-2,-2,-2,-2,5400,1590,11628,11328,13116,0,13152,13800,13800,0
2971,4,9500,1,1,9500,11532,1,1,2081,9100,-2,6000,12896,-2,-2,0,-2,0,0,13200,16500,17200,0,-2,-2,-2,-2,0,3200,3639,10300,-2,28000,-2,43000
2972,1,29000,3,1,29000,25000,51,43,41856,42000,45000,45000,40000,85000,-2,-1,100001,-5,-5,-5,-5,-5,-5,-5,-5,-5,-5,-5,-5,-5,-5,-5,-5,-5,-5
2973,1,29000,3,1,29000,25000,39,29,37194,42000,45000,45000,45000,-2,-2,7920,7000,-5,-5,-5,55000,60000,-2,0,700,-5,111390,8544,8760,9648,10200,10280,6948,28000,7296
2974,1,16500,3,1,16500,20000,15,21,31213,24500,28000,-2,-2,11000,26000,57110,34000,64300,42500,38000,46430,44800,50000,51000,60020,43980,65000,84936,110200,90000,71000,76000,95000,115000,329500
2975,1,10000,3,1,10000,14500,71,92,95172,13000,21000,35000,40000,49000,50000,78015,96075,97010,83250,40300,27601,37050,58420,37015,67832,67254,70040,69050,70305,73008,82009,76000,80000,-5,-5
2976,1,21200,3,1,21200,30000,52,57,68200,35000,40000,40000,62000,70000,25150,24000,43000,53500,82000,58500,34300,32200,45400,43000,59700,53750,83500,87000,73000,80000,72000,72000,91000,96000,90000
2977,1,16000,3,1,16000,14000,24,29,40065,-3,25000,-1,25000,-2,-2,25000,84800,30300,36650,41760,41972,30000,35171,45560,48264,30695,38970,59000,40000,25600,60800,101040,32000,43000,34040
2978,5,-4,3,2,14500,19000,52,44,36622,53000,35600,28000,45272,37000,33000,47000,47000,51000,-2,-2,73000,92000,98000,-2,-2,-2,48000,-1,-2,146500,-2,216000,-5,-5,190880
2979,5,20000,3,2,20000,21000,45,39,46418,50000,55000,42000,75001,75000,60000,100001,60600,73000,85000,68500,45000,45500,-2,53000,57000,-2,77600,75500,-1,38000,135000,87500,104000,124000,114000
2980,1,47000,3,1,47000,9080,99,99,98312,19550,14200,17150,14350,10000,15670,25950,31250,32200,37900,38440,46700,52000,52000,60000,-1,103000,74500,68500,2170,173000,243900,497763,225000,260000,320000
2981,1,32000,3,1,32000,30000,37,46,53000,42000,43510,45000,55000,60000,62000,15330,71125,72100,75610,72459,21600,21800,189918,79500,-2,3700,-2,16328,88330,80538,122575,-5,-5,-5,-5
2982,1,60000,3,1,60000,65000,87,82,90188,70000,75001,75001,5970,100000,-2,100001,100001,-2,-5,-5,88300,-5,-5,-5,-5,-1,-5,-5,-5,-5,-5,-5,-5,-5,-5
2983,5,60000,3,2,60000,65000,20,10,18111,65000,-2,-2,75001,100000,-2,90000,17600,-2,70050,61100,35000,-2,45300,-2,47000,-2,56,-2,-5,108000,88000,86742,66000,-5,-3
2984,1,60000,3,1,60000,55000,99,97,96417,75001,75001,-2,75001,100000,-2,100001,39530,42500,68000,159805,839078,160097,189918,90400,98000,105000,130300,152700,153500,163300,194500,268000,595986,316000,365000
2985,1,60000,3,1,60000,65000,89,81,90461,65000,-2,75001,75001,100001,100001,100001,100001,1057448,-2,79000,29200,46100,36500,41350,56200,-2,86000,-2,103000,126200,128150,144600,150000,162400,167100
2986,1,23000,3,1,23000,30000,76,80,70202,40000,25000,-2,-2,-2,-2,40150,-2,-1,-2,-1,-5,-5,-5,-5,-5,-5,-5,-5,-5,-5,-5,-5,-5,-5,-5
2987,5,-2,3,2,-2,-3,99,99,100000,-3,25000,-2,-2,-2,-2,-2,-2,-1,-3,-1,-1,-1,-3,-2,-2,-2,-2,-2,93305,109060,-1,-2,130050,-5,-3
2988,1,50000,3,1,50000,40000,87,79,78044,50000,65000,55000,75001,-2,25150,29100,68000,65150,75000,80100,78050,90200,85500,95000,244343,332808,-5,95250,100000,150000,170000,166500,202500,162282,253000
2989,1,50000,3,1,50000,40000,98,96,99192,50000,50000,-1,75001,100000,100000,100001,100001,-2,146942,20500,26500,30500,30250,34500,38000,44000,-2,63000,58700,-1,142580,155440,162160,197580,192000
2990,5,22000,3,2,22000,26100,57,67,74992,18000,-2,-2,33000,35000,45000,-2,40016,-2,-2,44800,-2,25288,43133,40000,-2,42000,-2,58000,52000,-2,70000,59480,63000,72000,77000
2991,5,50000,3,2,50000,30000,52,54,60487,45000,40000,40000,48006,50000,90000,18400,71500,94100,29300,55500,52400,56200,66450,73550,81000,-2,70300,101200,120150,120500,155226,135000,123500,137000,115000
2992,1,6500,3,1,6500,-3,-4,-4,-4,50000,-5,-2,-5,-2,24000,12000,-2,-2,-2,-2,-2,-5,-5,-5,-5,-5,-5,-5,-5,-5,-5,-5,-5,-5,-5
2993,5,6500,3,2,6500,-3,-4,-4,-4,-3,-5,25000,8000,10504,9000,10350,12392,12270,17200,30000,25000,29416,29000,45000,38000,32000,16000,5000,23000,0,19800,23427,22000,19436,22440
2994,1,16000,3,1,16000,21000,76,62,64927,39820,17000,-2,31000,24990,44000,40000,32000,42000,43000,38000,60000,160097,98000,46000,98200,65200,84000,408473,122200,137000,111825,148050,0,165500,164000
2995,5,30000,3,2,30000,35000,31,37,28057,-3,5000,-2,32295,-5,44080,29080,37000,43100,40000,44000,43000,40000,54000,60000,55000,85000,-2,-2,94000,102774,104527,102800,110000,105100,113480
2996,1,35000,3,1,35000,25400,77,77,68855,8466,6900,6180,25528,40000,32000,30000,50000,63000,61000,52515,45000,40000,15000,30000,50000,65000,50000,50000,90000,50000,25000,46000,50000,28000,50000
2997,1,49000,3,1,49000,37507,73,70,56956,49161,55000,60000,50000,43000,44600,44150,60100,55800,60400,53375,38500,39200,42000,42000,46500,53000,56000,65500,74000,107000,103150,99964,87000,85000,90000
2998,1,49000,3,1,49000,-3,49,73,65906,49161,55000,60000,22650,29000,30000,31000,35600,36700,38180,37990,36396,33000,33000,38000,32000,34000,47500,56000,62000,60000,67000,-5,-5,-5,-5
2999,1,36000,3,1,36000,-5,79,73,63020,-3,-5,-2,7000,-1,40000,-2,30000,-2,63000,30000,34030,47050,49000,-2,53000,40000,-2,69400,69000,50000,-2,84968,80000,142000,102000
3000,5,23000,3,2,23000,6600,30,24,27564,7683,-5,-5,-5,-5,-5,-5,-5,-5,-5,-5,-5,-5,-5,-5,-5,-5,-5,-5,-5,-5,-5,-5,-5,-5,-5
3001,5,23000,3,2,23000,35000,65,69,83613,30000,-3,50000,-5,-5,-5,-5,-5,-5,-5,-5,-5,-5,-5,-5,-5,-5,-5,-5,-5,-5,-5,-5,-5,-5,-5
3002,4,4512,1,1,4512,7680,4,4,5944,8675,2500,6662,2846,3797,6000,-5,41000,16097,18000,36522,20000,40500,39000,25000,18380,-5,51000,70000,68000,115000,96600,-5,0,74000,-5
3003,3,10304,2,1,10304,-3,38,53,65670,-3,-2,-2,11000,30000,19500,-5,-5,6600,5500,10000,2940,-2,-2,13700,-2,0,-2,6526,16000,0,0,0,10077,977,-3
3004,7,-4,2,2,4128,-5,-4,-4,-4,36,5650,-3,5036,210,6720,6136,-5,-5,-5,11414,-5,-5,-2,9984,1392,7200,4200,138384,12000,11640,13573,12000,14400,14415,24000
3005,4,24000,1,1,24000,20000,46,47,53987,-3,-3,20000,31500,43000,-2,-5,-5,-5,-5,-5,-5,-5,-5,-5,-5,-5,-5,-5,-5,-5,-5,-5,-5,-5,-5
3006,7,12730,2,2,12730,8000,50,59,51747,15000,5000,12500,-2,20000,-2,22000,32020,20000,6000,-5,-5,-5,-5,-5,-5,15000,-5,-5,-5,-5,-5,-5,-5,-5,-5
3007,7,12730,2,2,12730,16000,28,38,50597,20000,15000,-2,18000,20000,20000,35010,5000,-2,-2,-5,-5,-5,-5,-5,-5,-5,-5,-5,-5,-5,-5,-5,-5,-5,-5
3008,3,11400,2,1,11400,14300,20,29,22280,12020,10500,25000,11304,17200,1800,26000,-5,18000,23500,64000,64000,2800,5200,-5,-5,-5,-5,-5,-5,-5,-5,-5,-5,-5,-5
3009,7,13000,2,2,13000,-3,8,12,10289,23000,45200,-2,39000,-2,-2,-2,-2,-2,146942,-2,18400,-2,-2,-2,-2,3588,12156,12207,8468,15600,-5,-5,-5,-5,-5
3010,7,-3,2,2,-3,-3,16,25,21722,23000,45200,1900,9550,-2,-2,-2,-2,-2,-2,12,-2,-2,-2,-2,-2,-2,52000,-2,-5,-2,-2,17100,16000,18768,21800
3011,5,-1,3,2,-1,40000,87,80,86942,-3,-2,19000,27000,38500,-2,100001,98000,94000,146942,159805,839078,160097,189918,-2,244343,332808,140000,-2,208500,454737,-2,497763,595986,310000,766958
3012,5,-1,3,2,-1,-5,63,62,50059,3500,-2,6600,10000,11000,13510,14500,17000,17030,19000,22000,22000,27000,27000,30020,30000,35000,40000,40000,-5,38000,32000,35000,36000,37000,-3
3013,6,3764,3,2,3764,400,30,28,42897,-3,-5,1200,3500,-2,13000,15320,18500,-2,0,4292,8832,6828,-2,6216,-2,-5,-5,-5,12000,19690,800,35540,-5,25916,-3
3014,8,5500,1,2,5500,7000,9,9,6411,4884,5072,358,7488,-2,17100,10000,7061,7332,7680,2075,2150,8220,8256,8388,8532,0,0,600,600,65870,205300,0,0,0,10968
3015,1,16000,3,1,16000,25000,65,58,57016,25000,40000,60000,70000,80000,85000,95000,100001,1057448,146942,159805,-1,160097,189918,150000,-5,-5,-5,-5,-5,264000,440692,280000,231450,210000,-3
3016,1,16000,3,1,16000,25000,89,84,79756,20000,40000,60000,70000,80000,60000,75500,70400,53500,65000,75500,58200,72000,17700,30200,46000,65000,64000,103000,91200,95000,132500,100000,115000,126000,145000
3017,1,-1,3,1,-1,-3,96,93,91558,-3,30000,40350,43400,55000,65000,100001,96000,1057448,-1,-1,78000,-2,-2,105000,-2,-1,-1,-1,-1,-1,-1,-1,-1,-1,-3
3018,1,-3,3,1,-3,-3,72,63,78261,-3,-1,-1,27900,-2,-2,2325,5030,16050,15409,17426,19125,20600,35343,37000,40200,40000,-1,-1,55100,55000,30000,10,-1,85200,-3
3019,1,42000,3,1,42000,40000,56,53,63843,34000,30000,45000,50000,70000,90000,56500,26500,84000,64300,72500,63200,40000,40000,47000,-2,64000,-2,75000,-2,95000,120000,-2,-2,120000,120000
3020,5,42000,3,2,42000,40000,35,39,47078,33000,35000,45000,45000,70000,75000,26200,33100,50010,40100,40500,32200,40000,40000,59100,58000,-2,-2,100000,75800,70000,-2,-2,-2,28040,30000
3021,5,28000,3,2,28000,40000,21,25,20071,34000,35000,45000,45000,-2,-2,35000,-2,58900,59600,55808,-2,68000,50000,-2,61000,45000,80000,90000,228054,72000,-2,-2,-2,84000,-3
3022,1,30000,3,1,30000,37600,65,65,54075,-3,25862,13000,13531,15386,19950,21000,28050,33150,31000,19035,19856,21145,15857,24550,-5,32000,33000,-5,-5,-5,30500,-5,-5,-5,-3
3023,5,30000,3,2,30000,20000,41,35,35837,16800,30000,24280,-2,43500,49025,-2,66000,68050,61900,50000,55000,60800,189918,62000,73000,86000,97000,95000,110000,105000,128000,118000,-5,-5,-5
3024,1,28000,3,1,28000,27000,14,23,27309,35000,-2,50000,50000,66500,-2,-2,-2,-2,-2,-2,35000,-2,-2,45100,50000,51400,70000,85500,85100,98369,109000,60020,85020,90100,100000
3025,5,40000,3,2,40000,-3,97,95,94201,19245,24000,18585,18078,16350,30000,20200,42100,100000,-2,22242,31151,35807,40655,44100,37000,46700,63025,71000,31500,106000,100300,124300,120000,922631,202620
3026,1,40000,3,1,40000,50000,49,43,46776,35000,70000,70000,75001,75000,40000,-2,88500,1057448,100000,159805,71540,60075,-5,-5,-5,-5,-5,-5,-5,-5,-5,-5,-5,-5,-5
3027,7,-4,2,2,2900,-5,-4,-4,-4,4800,5832,14020,8256,8664,-2,-2,9672,16848,10392,9070,11988,12972,17616,13584,17084,-5,-2,32000,32000,40600,42134,37000,37000,89000,37000
3028,3,-3,2,1,-3,-5,88,81,81959,6100,-3,21000,20400,16000,61000,50440,54189,-2,28300,36000,23500,20000,11000,70000,22000,24000,16000,57200,28000,28000,19000,22800,29100,18350,22320
3029,3,-2,2,1,-2,-5,-4,-4,-4,5000,17424,20000,-2,18050,-2,21000,20000,33230,38236,48063,56069,12000,17300,-5,-5,-5,-5,-5,48250,10400,43856,-5,-5,-5,-5
3030,3,6500,2,1,6500,-3,7,9,9639,-5,-1,-2,12000,28000,-2,31000,-2,11000,-2,38300,-5,-5,-5,-5,-5,-5,-5,-5,28500,-2,-2,-2,43000,-5,-5
3031,4,-4,1,1,5228,5136,35,41,40819,9531,6790,8700,8601,12000,15520,-5,-5,-5,-5,-5,-5,-5,-5,-5,-5,-5,-5,-5,-5,-5,-5,-5,-5,-5,-5
3032,3,6000,2,1,6000,-3,3,3,3403,16000,7000,-2,6500,-2,-2,-2,45000,41500,59000,49000,44000,10660,15300,35760,32128,0,-5,0,0,0,-5,-5,-5,-5,-5
3033,3,10500,2,1,10500,-5,87,81,75947,23000,38000,54055,57150,61500,61000,68500,79050,93150,88000,83800,90000,160097,189918,137000,151000,-5,217000,155000,150000,230000,0,120000,10000,-5,-5
3034,5,25000,3,2,25000,-3,49,62,43680,34000,40000,25000,40000,68000,65000,100001,19000,1057448,-2,-2,-2,-2,-2,-2,37000,-5,-5,-5,-5,-5,-5,-5,-5,-5,-5
3035,5,25000,3,2,25000,-3,46,70,71321,1785,4000,-2,40000,55000,65000,57000,-2,-2,50000,28992,24336,-2,-2,-2,26100,6600,22200,30000,65000,73000,83000,45000,45000,47000,50500
3036,5,-4,3,2,26600,25640,90,80,84533,5936,25000,34300,33300,40000,42008,43000,50010,52520,53520,55550,65720,77022,68030,70030,74010,78050,73678,72300,75520,74200,78925,93093,157400,97600,100000
3037,1,36600,3,1,36600,23050,78,73,72993,26600,32550,27000,24650,34000,33200,33150,35100,38050,38000,42000,39020,42050,44540,55050,59000,65000,67200,69000,78200,82000,90100,105000,70000,1000,75500
3038,5,23000,3,2,23000,-3,-4,-4,-4,17120,16630,18150,22960,24110,28015,23101,28000,35200,-5,-5,-5,-5,-5,-5,-5,-5,-5,-5,-5,-5,-5,-5,-5,-5,-5
3039,1,23000,3,1,23000,24000,76,69,71201,15000,16000,15500,-2,14000,22000,18500,29000,36000,44840,43100,45860,49800,51500,60396,73500,74400,68500,-2,113739,87000,102430,45000,61000,56000,113000
3040,5,23000,3,2,23000,24000,40,36,45475,27000,30000,33000,45000,-2,-2,4000,-5,4200,4920,5616,5820,40000,1500,1,0,-2,-5,-5,-5,-5,-5,-5,-5,-5,-5
3041,6,-4,3,2,5065,7548,99,90,92464,7530,8015,-2,-2,25000,-2,5892,-2,8600,15484,26232,19284,16900,24628,-2,-2,15016,11000,-1,12000,45400,14000,13000,-2,43548,68548
3042,5,-3,3,2,-3,-3,41,42,48152,45000,35000,25000,40000,25000,30000,27700,32400,43500,48000,53000,51382,-2,-2,53500,54500,-2,82160,84530,91025,94000,98010,100000,80000,97000,101000
3043,5,25000,3,2,25000,-3,47,55,71492,45000,35000,25000,40000,30000,25000,-2,-3,25320,26750,32500,47100,42000,-2,45000,-2,-5,-5,72000,12500,-2,-2,54535,-2,60000,-5
3044,1,3912,3,1,3912,4632,-4,-4,-4,5000,-2,1000,-2,-2,9500,-5,-5,18000,-5,38000,-5,51745,-5,-5,-5,-5,-5,-5,-5,152000,-5,-5,-5,-5,-5
3045,5,-4,3,2,7800,-3,-4,-4,-4,6200,-2,-3,-2,-2,-2,-2,-2,0,0,0,0,0,0,0,-2,0,0,-2,10332,7992,12120,15792,0,-5,-5
3046,7,6500,2,2,6500,1410,16,12,13119,6360,-2,7224,7008,6996,-2,5580,5856,5856,5856,5856,5870,20000,22000,95740,20700,15000,26000,30000,30050,30000,-1,-1,-5,-1,0
3047,5,-4,3,2,6511,-3,45,35,35153,-3,-2,-2,35604,5234,-2,-2,48000,8668,15000,-2,16500,16809,-5,-2,44000,-5,24000,100000,85200,130000,80108,59700,26000,66000,-3
3048,5,5000,3,2,5000,1700,46,42,52489,6000,11000,28005,-2,52500,47500,39000,48000,49250,-2,-2,-2,-2,76000,-2,-2,112000,-5,-5,-5,-5,-5,-5,-5,-5,-5
3049,5,5000,3,2,5000,-3,11,15,16244,4200,10000,10800,0,5733,-2,0,-2,-2,-2,3000,12560,5225,-2,-2,-2,15000,17680,-2,17500,-5,-5,-5,-5,-5,-5
3050,1,-4,3,1,6313,4000,8,8,3838,20000,23536,14844,-2,18510,27000,-2,32000,44000,37000,22095,-2,50000,189918,38000,47000,81000,-5,120000,105000,100000,94000,-5,-1,-5,-5
3051,5,-4,3,2,6313,40000,32,34,42040,8000,23536,14844,-2,18510,28600,36766,33200,44000,37000,22095,-2,49600,189918,19000,15796,13000,15000,14500,36200,40200,41200,28000,31000,32000,40000
3052,1,-4,3,1,13700,16593,74,67,53278,24442,17000,18340,27575,36050,26525,35000,26535,30050,30000,33015,30020,-2,60000,-1,78050,-5,-5,53700,-5,52000,55000,-1,-1,-1,-3
3053,5,-4,3,2,11900,16593,82,79,76213,24442,-1,9435,-5,-5,-5,-5,-5,-5,-5,-5,-5,-5,-5,-5,-5,-5,-5,-5,-5,-5,-5,-5,-5,-5,-5
3054,6,25000,3,2,25000,25000,31,34,29399,9000,20000,25000,12636,0,5600,31736,-2,35000,-2,-2,-2,30000,28000,-2,17400,13200,12700,-5,24828,-2,-2,36000,18000,25500,-3
3055,2,25000,3,1,25000,25000,14,15,18999,9000,20000,25000,-2,-2,9000,-2,3000,21050,18000,22000,17000,-2,-2,28000,65000,65000,67000,73000,70000,-2,60000,39225,40082,51200,32000
3056,1,21500,3,1,21500,11000,80,94,95032,16000,14000,17500,3030,6030,12613,13348,6490,15587,24210,24896,16200,25259,29124,31515,40100,33000,25316,-5,-5,-5,-5,-5,-5,-5,-5
3057,5,-4,3,2,5000,13411,26,25,19496,19235,7863,19000,-2,20000,25000,-2,27100,34110,32630,15580,38710,22063,-2,19404,15000,29648,43700,43737,-2,26000,28300,31000,71200,3000,62200
3058,5,20000,3,2,20000,25000,53,46,49827,30000,22925,30000,53000,12527,30000,49000,47000,53500,66000,83000,71000,83500,77000,81060,159500,137000,390662,145000,479983,189000,138000,131000,-2,140000,108000
3059,1,-1,3,1,-1,50000,22,21,15551,-3,4500,20000,25000,23100,22000,30000,33100,33600,34000,29170,24000,48760,37000,-2,56000,41000,44000,50000,55000,48000,55600,60200,60000,59000,56000
3060,1,-1,3,1,-1,40000,22,18,17174,2500,-2,-2,25980,31000,34000,35000,-2,46000,68300,52200,60700,82000,72000,-2,120000,143000,120000,180000,224000,254000,225000,-2,-2,-2,-3
3061,5,-2,3,2,-2,1500,64,67,49223,-3,13000,16000,18010,19250,20600,21600,23300,54200,37400,27600,63200,-2,-2,102000,137000,178000,224000,408473,225000,227000,260000,280000,234000,212000,320000
3062,1,25000,3,1,25000,32000,94,95,82256,50000,23650,24550,27560,33690,35180,44000,52600,52000,57500,159805,839078,87100,189918,974100,244343,332808,390662,237000,479983,454737,440692,257504,595986,922631,325000
3063,1,-1,3,1,-1,15000,-4,-4,-4,-3,30000,29000,28000,14000,14500,10500,20000,30000,30020,30000,27000,30000,32000,36082,30000,65000,67000,78000,100000,110000,100000,100000,100000,106000,102000
3064,7,-4,2,2,5400,8405,42,32,26227,9600,8000,8852,-2,-2,-1,8500,6000,14888,2940,1260,666,-2,-2,-5,-5,-5,-2,-2,22500,1400,-2,26000,23000,-2,-5
3065,7,4000,2,2,4000,-3,6,12,10181,13000,14268,11500,10000,13000,2340,5200,-2,-2,-2,-2,-1,-5,-5,-5,-5,-5,-5,-5,37040,-2,-2,-5,-5,-1,-5
3066,7,5600,2,2,5600,6828,46,56,43898,-3,9000,9800,3186,8852,5088,5328,20280,-2,20928,26000,9100,-2,-2,-5,-5,-5,-5,-5,-5,-5,-5,-5,-5,-5,-5
3067,3,5000,2,1,5000,-5,-4,-4,-5,-5,-5,-5,-5,-5,-5,-5,-5,-5,-5,-5,-5,-5,-5,-5,-5,-5,-5,-5,-5,-5,-5,-5,-5,-5,-5
3068,7,16300,2,2,16300,7900,41,42,36196,10950,46200,14414,60754,7788,12170,16700,20400,-2,23000,26200,-5,15248,11306,24046,25930,50096,-5,-5,-5,-5,9500,-1,-1,-1,37600
3069,7,13500,2,2,13500,-3,30,22,21782,-3,-1,18000,12000,-1,-1,-2,-2,-2,-2,-2,-1,-1,-1,-1,-1,-1,-2,-1,-1,-1,-1,-1,-1,-1,-3
3070,3,6000,2,1,6000,-3,3,6,1299,7000,7000,-2,0,-5,-5,-5,-5,-5,-5,-5,-5,-5,-5,-5,-5,-5,-5,-5,-5,-5,0,-5,-2,-2,-5
3071,3,6000,2,1,6000,-3,4,5,2840,4000,7600,18000,12000,-2,25000,-2,-2,-2,-5,-2,-2,-1,33000,15000,40000,35000,-1,-1,45000,38000,35000,-1,-5,-5,-5
3072,3,2000,2,1,2000,-3,11,17,19121,14000,6000,-2,1500,-1,6000,4000,-2,4000,15000,-2,-1,-1,-2,-1,-1,-1,-1,-1,-1,-1,-1,0,0,-1,-3
3073,7,8000,2,2,8000,12000,19,12,8799,30000,-2,7000,7500,866,2400,7700,-2,-2,-2,-5,-5,-5,17031,14616,-2,-2,9970,-1,39489,15084,30808,-2,-1,-1,-3
3074,7,10000,2,2,10000,6000,1,1,336,-3,1500,-2,6000,-2,14728,-2,7865,5040,4272,21880,17912,3924,8304,9960,17092,-1,0,-5,-5,-5,-5,-5,-5,-5,-5
3075,7,-4,2,2,5000,18000,12,11,4881,-3,-2,8000,11032,9500,12100,6444,11008,9000,3140,5890,-2,-2,-2,-2,-2,12000,0,20000,-2,-2,9600,-2,13848,-1,-3
3076,7,10000,2,2,10000,18000,30,32,41502,15000,30200,33000,35000,37000,45000,-2,13000,-2,-2,-2,21900,22000,19800,21876,-2,-2,120,10968,-1,-1,-2,-1,-2,-2,-3
3077,3,12000,2,1,12000,9000,30,19,16973,7696,8000,9000,10000,10000,13025,20000,25000,-2,23000,26000,33000,12900,27000,33000,36000,-2,0,-2,71000,-2,-2,-2,110000,87150,92000
3078,7,11000,2,2,11000,9000,44,50,50564,-3,7373,19429,22416,26128,31000,-2,-1,43050,-1,-1,-5,-5,-5,-5,-5,-5,-5,-5,-5,-5,-5,-5,-5,-5,-5
3079,5,10600,3,2,10600,15280,72,68,55687,15500,20100,18640,24000,21960,-2,19000,18100,23100,28560,30000,28050,41000,31000,32200,37000,29650,60000,47000,30000,20000,40000,32000,-5,75000,-5
3080,5,10600,3,2,10600,11000,30,24,22789,12000,14000,7585,5480,9700,11003,17000,14490,16800,18000,16227,16888,20400,20300,70000,37550,-2,35900,32000,36000,146500,-2,54000,-5,20000,27552
3081,5,10600,3,2,10600,11000,55,54,63437,12000,14000,25000,31000,38500,60000,31000,38000,40000,38000,30000,34500,-2,31800,15400,19210,24400,-5,31025,37003,29000,20040,27025,21450,18100,-3
3082,1,10600,3,1,10600,11000,30,35,58906,12000,14000,14000,12000,16000,-2,29725,18135,15150,24290,26460,-5,-5,-5,-5,-5,-5,-5,27000,25000,61000,48005,66000,62000,54000,-3
3083,1,17000,3,1,17000,9867,44,52,45819,14800,12000,-2,38900,-2,26000,23000,28500,24700,33000,23000,22500,-5,-5,-5,0,33000,-5,-5,-5,-5,-5,61000,64480,75000,70000
3084,1,27000,3,1,27000,20000,93,89,89903,25000,30000,21500,17250,26800,35500,-2,70000,57032,90000,90000,86500,160097,189918,140000,244343,332808,205000,50078,479983,454737,0,497763,595986,922631,-3
3085,5,35000,3,2,35000,40000,80,84,87496,45000,60000,55000,50000,4650,16900,20446,20050,20200,26075,28560,29250,53000,61450,68200,61400,69210,93700,139500,119120,134250,152110,159050,177300,228100,215700
3086,1,35000,3,1,35000,40000,84,84,95692,45000,51000,50000,40000,50000,6950,2070,25040,25060,37000,37200,75200,93000,189918,145300,244343,-5,-5,-5,-5,-5,-5,-5,-5,-5,-5
3087,2,7000,3,1,7000,-5,-4,-4,-5,-5,-5,-5,-5,-5,-5,-5,-5,18400,24500,38655,51000,38868,42120,45800,44900,56971,68500,-5,-5,67075,72612,-5,-5,-5,-5
3088,2,7000,3,1,7000,8400,-4,-4,-5,-5,-5,-5,-5,-5,-5,-5,-5,-5,60000,48000,36000,40000,55000,-2,44200,53000,46500,-5,-5,47000,87000,60000,60000,63000,80000
3089,1,25000,3,1,25000,30000,93,97,93403,37000,2040,6835,6820,9793,9522,11952,16284,18920,20180,15550,11600,19000,15000,16200,-2,19500,14000,25050,13000,50200,53020,53000,59020,62010,72003
3090,5,23000,3,2,23000,30000,65,72,73371,37000,-2,32500,33525,30500,22500,13800,23010,4000,-5,26010,27189,-5,32005,-5,-5,-5,-5,22969,31600,32741,34000,38875,40000,41660,44371
3091,5,20000,3,2,20000,30000,39,27,39958,37000,39000,40000,37000,-2,-2,2450,11000,10000,57500,69000,85000,-2,80000,27000,30000,30000,29000,34000,41200,41000,43000,50000,55000,46000,90000
3092,1,10000,3,1,10000,-5,-4,-4,-5,-5,-5,-2,-5,-5,-5,-5,-5,-5,-5,-5,-5,-5,-5,-5,-5,-5,-5,-5,-5,-5,-5,-5,-5,-5,-5
3093,5,9000,3,2,9000,9000,18,17,18165,15000,19000,19000,-2,21680,20000,20000,25000,40000,15000,35000,30000,-2,40300,50500,37000,40000,-2,52000,42000,66000,70000,20000,-2,2500,40000
3094,5,10000,3,2,10000,9000,20,22,14147,15000,19000,19000,14000,-2,-2,-2,10025,12500,23000,7800,-2,7000,4800,100,12200,2015,26400,-2,42879,66000,43600,42000,-5,84454,32000
3095,5,-4,3,2,12000,20523,45,41,42733,11800,11922,27594,12660,15366,20888,25200,25000,-2,41670,44400,33050,34030,18000,22000,25000,30000,25000,30000,18000,32000,26000,3000,2000,3324,-3
3096,5,-1,3,2,-1,10300,74,61,53650,16154,-2,28875,-2,-2,-2,43500,-2,42200,60100,51100,-2,-2,-2,-2,72000,-2,-2,-2,120000,122000,123000,-2,132000,-2,147000
3097,1,-1,3,1,-1,-3,39,30,34227,30000,24000,-1,-2,-2,17000,37150,50300,54000,54100,40000,57000,58100,40150,42000,60000,75800,70000,128000,70000,115000,120000,95000,100000,110000,-3
3098,5,-1,3,2,-1,20670,86,79,79047,17632,16870,20042,19040,29905,42400,35726,43200,45000,54000,37000,35564,-2,-2,49500,69733,47500,64250,52600,58072,9100,16600,17600,8400,250,7600
3099,5,-1,3,2,-1,-3,57,49,57237,10000,-2,-2,5000,14000,-2,13000,19000,19030,52700,58700,-2,-2,-2,86970,-2,-2,-2,-2,-2,116000,119000,141500,164000,-2,-3
3100,1,32300,3,1,32300,13472,29,35,27065,10700,11525,16100,18220,21547,26050,26000,29060,31050,33100,35025,40940,44000,44300,3600,51207,53500,57300,53400,56000,70500,43000,65500,75000,75000,80000
3101,5,-1,3,2,-1,-3,54,49,59484,4621,-2,9195,18608,18619,6328,8172,22394,8800,19972,-2,6000,8772,7904,9492,9202,16840,10464,10990,0,18972,10752,-5,-5,-5,-5
3102,1,23800,3,1,23800,-3,94,96,97618,40000,6000,30000,40000,35000,11000,10260,12000,14500,52200,48100,72200,74100,87200,60000,61000,77000,-2,-2,114000,107000,-2,85000,80000,110000,134400
3103,2,4500,3,1,4500,-3,2,1,953,9095,-2,-2,14000,25508,5040,25534,17600,23000,-2,22290,39950,28000,30500,27000,34000,44500,40500,50860,32000,47000,101000,65000,62000,83000,84000
3104,2,4500,3,1,4500,-3,6,7,24392,9095,-2,-2,14000,-2,-2,-2,5000,-2,-2,10545,-2,13000,51000,23000,-2,21128,-2,8200,30600,43240,35741,-2,2268,6268,5000
3105,5,-3,3,2,-3,-3,52,49,67298,13510,11396,13000,12418,15211,18250,13500,16120,-2,-2,-2,47200,-2,189918,15000,15000,22000,-2,-2,27500,-2,-2,-2,-5,-5,-5
3106,5,-1,3,2,-1,30000,72,78,85394,40000,-2,30000,-2,40000,1500,11000,5700,12100,-2,40026,49343,-2,189918,26000,39700,47030,-2,67500,19000,62000,87000,108000,115000,159000,105000
3107,5,10000,3,2,10000,12026,34,48,65348,10000,9500,11839,9000,-2,4015,6876,-2,20330,16711,27600,27800,20000,19700,15000,38000,40000,47000,53000,47000,24900,27500,29250,2202,4000,73728
3108,5,-2,3,2,-2,25120,42,42,46813,28000,37335,35100,33015,39116,37430,35725,37000,30000,41000,44800,42000,6596,43626,36734,59000,68000,69765,97190,92020,126123,97000,111136,-5,-5,-5
3109,5,20000,3,2,20000,-3,97,99,98588,30000,11018,35000,4863,4450,5100,-2,60500,12500,22000,20156,61400,-2,76500,74000,65100,86000,98500,100000,-2,120000,112000,106000,110000,70000,75000
3110,5,-2,3,2,-2,35000,87,91,90778,20000,35000,12625,20898,22020,25023,28287,-2,25880,27150,28598,41869,-2,30000,-5,-5,-5,-5,-5,-5,-5,-5,-5,-5,-5,-5
3111,5,37000,3,2,37000,45000,89,73,80097,52000,28450,32015,34995,41150,40200,45035,51500,52000,48750,51600,53560,42241,45700,32159,38352,73916,-2,73160,63500,54200,103000,120010,108500,267300,136000
3112,5,37000,3,2,37000,45000,46,42,44232,52000,-2,45000,59200,70000,60000,21000,84100,69400,74500,81150,81500,90150,83000,89900,98000,107000,155000,165000,105000,85500,115300,120000,145000,160000,218643
3113,5,-4,3,2,11500,17760,45,40,40008,17516,17800,16500,20320,31255,32000,34500,39650,39090,32000,22600,50000,51000,53000,45000,35000,36900,-5,114000,40000,51900,51000,-2,28000,112000,186000
3114,1,-1,3,1,-1,-3,18,22,23306,17000,-3,27000,28000,40000,-1,-2,-2,7500,9400,8000,20136,8224,7000,-5,9000,-2,-5,-2,17000,32100,24482,27000,32000,-2,-5
3115,5,-1,3,2,-1,16000,89,76,83625,-3,28300,27000,28000,40000,16050,18050,21050,81500,78250,159805,-3,160097,189918,974100,244343,332808,390662,408473,479983,454737,-2,497763,595986,922631,766958
3116,1,-1,3,1,-1,23000,65,67,63440,18561,23620,17160,29373,23080,-2,34200,33275,44300,41650,49800,48500,58000,56000,53300,-2,-2,66000,77400,98000,-2,117413,126065,-2,-2,86608
3117,5,-4,3,2,9304,12599,55,59,64261,10149,2775,8397,8875,5200,4265,4425,16830,26054,46000,43000,50040,48600,47700,55664,61849,38300,-5,175000,109020,-5,-5,-5,-5,-5,-5
3118,5,24000,3,2,24000,26000,26,25,35994,27900,18000,35000,35000,40000,-2,32000,31500,38200,39700,40900,43000,47200,49975,58100,58129,40360,67440,80956,76650,-2,-2,-2,33000,22000,-3
3119,5,20000,3,2,20000,18000,10,7,4175,16000,-2,17000,7319,10000,27000,22700,34000,55005,-2,12000,13500,22000,22000,20000,25000,54000,-2,-2,53585,60000,3216,-5,-5,-5,-5
3120,5,20000,3,2,20000,18000,30,27,34968,16000,1105,17000,22000,32000,27000,22328,-2,-2,-2,37500,42000,-2,-5,-2,-2,-2,50000,70000,97200,28300,29010,47000,36000,45000,30680
3121,5,32000,3,2,32000,-5,77,58,68011,17340,27000,23849,29950,32045,38075,38200,41000,-2,-2,36100,-2,-2,-2,43000,63000,72500,93000,-5,-5,-5,-5,-5,-5,-5,-5
3122,5,32000,3,2,32000,-5,85,74,86910,6106,29771,25645,23250,39215,48881,59050,36800,40180,-3,31140,41400,57900,45100,-2,56400,52000,64000,69682,74699,83000,85916,86403,99695,100000,207636
3123,1,4000,3,1,4000,7000,80,87,90601,10000,28000,19000,17970,12030,12000,-2,25000,33000,45600,40000,27050,28099,24000,32000,28000,51600,-5,72000,64000,32000,53000,73200,-5,98128,92000
3124,1,4000,3,1,4000,7000,65,76,83367,10000,13500,-2,16050,25000,6000,10000,15352,13000,13000,18000,45000,28000,37000,42000,53500,45000,48000,48900,59000,76000,92530,92100,131193,87000,111000
3125,1,8000,3,1,8000,0,16,17,24481,9800,-2,-2,-2,-2,-2,26000,33308,23035,28000,30000,31000,30000,32000,41000,38000,-2,44000,-2,27500,-2,-2,-2,-2,-5,-5
3126,1,19000,3,1,19000,22300,64,72,73387,24000,25000,-5,-5,-5,-5,-5,22000,-5,26000,-5,-5,-5,-1,-5,-5,-5,-5,-5,-5,-5,-5,-5,-5,-5,-5
3127,1,19000,3,1,19000,22300,12,15,16094,24000,30000,-2,13000,-2,-2,-2,27000,26000,34800,28000,25000,28000,25500,26000,28000,14000,28000,31011,40000,48161,63100,21000,0,50000,85000
3128,1,30000,3,1,30000,45000,49,57,57010,52000,45000,-3,11010,11000,9436,8360,19060,14000,39700,26000,29000,29000,27500,27500,49000,52500,59000,70000,63000,65000,63000,80000,-5,45000,11994
3129,5,30000,3,2,30000,45000,35,32,36672,52000,53181,60000,9300,10666,11550,64800,25450,33600,35300,30340,34200,32200,28500,52000,38000,45000,48000,100000,60000,49000,99000,28800,48000,38000,32000
3130,5,-2,3,2,-2,32000,95,92,93498,-3,400,-2,1300,8003,12000,-5,40050,-5,-5,-1,-1,-2,-5,-5,-5,-1,-5,-1,-1,-1,-5,-5,-5,-5,-5
3131,1,75001,3,1,75001,6500,79,81,74542,6400,18450,26700,22600,37000,-5,-5,-5,-5,-5,-5,-5,-5,-5,-5,-5,-5,-5,-5,-5,-5,-5,-5,-5,-5,-5
3132,1,-1,3,1,-1,-3,93,94,93545,-3,50000,50000,18000,5460,5815,20800,24915,-2,-2,-2,-5,-5,-5,-5,-5,-5,-5,-5,-5,-5,-5,-5,-5,-5,-5
3133,5,-1,3,2,-1,-3,86,95,93686,-3,-1,-1,8025,17155,49400,42000,46000,-1,-1,-5,-5,-5,-5,-5,-5,-5,-5,-5,-5,-5,-5,-5,-5,-5,-5
3134,5,15000,3,2,15000,15000,30,29,21288,12900,10000,10000,-2,-2,25000,-2,-2,-2,-2,-2,-2,-2,-2,-2,-2,-2,-2,-2,36000,-2,600,30000,50000,-2,56000
3135,5,25000,3,2,25000,-3,36,36,45188,22000,-2,-2,16842,24082,22000,26000,29800,-2,35000,11100,41280,49560,-2,-5,-5,-5,-5,-5,-5,-5,-5,-5,-5,-5,-5
3136,1,35000,3,1,35000,27000,-4,-4,-4,30000,5000,-1,30600,40000,26000,-2,-2,27000,-2,-2,31000,-2,-2,35000,-5,-5,-5,-5,-5,-5,-5,-5,-5,-5,-5
3137,1,24000,3,1,24000,40000,89,86,85855,25000,30000,35000,40900,40000,48000,41000,55300,59800,70000,71964,77000,77800,80000,73500,81000,-2,111344,80000,120000,270000,71000,104000,106000,145000,132000
3138,1,-4,3,1,6000,13000,42,43,37729,22725,30000,10064,10000,19000,14000,14000,29673,34984,36000,37950,38700,38000,61500,40000,800,-2,43000,60450,54300,65000,151000,200000,50000,69000,85000
3139,1,-1,3,1,-1,-3,68,77,89196,-3,-2,-2,-2,-2,40000,66500,-2,-2,37000,50100,47000,63000,54000,55500,-1,105000,78200,0,-5,-5,-5,-5,-5,-5,-5
3140,1,33000,3,1,33000,45000,57,53,52478,50000,34600,41200,42095,50300,44150,50780,62100,65500,81000,95100,839078,160097,189918,48500,78350,332808,101300,111200,124555,128515,-5,-5,168500,-5,215000
3141,1,25000,3,1,25000,24000,99,89,94082,40000,40000,-2,4600,32000,45000,42500,-2,28000,32000,31000,10770,19200,39500,17000,50000,-2,78500,70000,81500,85500,90000,-2,30000,25000,25000
3142,1,30000,3,1,30000,38000,87,99,100000,38000,48000,48000,75001,55400,70000,7900,18301,27877,41840,23800,26375,43635,50598,63708,-2,75100,86100,95150,106000,159700,185100,208964,224025,230752,244000
3143,5,12000,3,2,12000,20000,45,53,50223,-3,26000,9000,26000,25000,3500,17000,15720,22000,27000,27300,32000,35000,35015,39050,45000,103000,127000,131050,128050,143050,171530,155080,160000,171800,160400
3144,1,33000,3,1,33000,-3,14,14,6432,-3,29960,-2,50000,-5,-5,-5,-5,-5,37600,-2,-5,-5,-5,-5,-5,-5,-5,-5,-5,-5,-5,-5,-5,-5,-5
3145,5,24000,3,2,24000,18000,85,81,80710,35000,40000,-2,50000,55000,18020,18550,39000,22000,35100,44050,65000,70500,47030,70300,76500,73000,102000,102000,110000,114000,151000,180000,188000,223000,208252
3146,5,20000,3,2,20000,18000,59,67,74184,26000,31000,1350,5401,15000,19200,21000,24590,27520,18020,63650,67120,72200,75550,83400,101000,122000,58500,60500,62000,68300,75000,79000,85000,98000,95000
3147,1,20000,3,1,20000,23000,94,91,81524,2300,25000,45000,20050,24800,30500,35000,-5,-5,-5,-5,-5,-5,-5,-5,-5,-5,-5,-5,-5,-5,-5,-5,-5,-5,-5
3148,5,20000,3,2,20000,12500,8,4,4382,22375,-5,-5,-5,-5,-5,-2,-5,-5,-5,-5,-5,-5,-5,-5,-5,-5,-5,-5,-5,-5,47800,49030,49850,52120,-3
3149,1,18000,3,1,18000,20000,37,32,38949,-3,20000,30000,20000,-2,33000,13000,-5,15600,-2,41380,-2,-5,23000,-5,-5,-5,-5,-5,-5,-5,-5,-5,-5,-5,-5
3150,5,20000,3,2,20000,28000,92,94,85289,26000,27000,32000,37000,49000,50000,26650,31650,34048,47200,68500,79000,-2,73600,73300,103000,157500,172000,190700,224000,275000,262200,497763,595986,318000,338500
3151,5,20000,3,2,20000,-3,39,34,39186,31000,-2,-2,34530,44492,50000,47400,20500,42000,34300,-2,39000,51500,54600,31000,55000,37888,35000,101200,60920,55000,55800,59000,58612,63000,73000
3152,1,54100,3,1,54100,29000,79,80,81144,38000,43000,48000,75000,95000,100000,61000,68500,-5,-5,-5,839078,160097,189918,85000,75000,92000,390662,153720,-5,175000,191000,120000,-1,150000,-3
3153,5,54100,3,2,54100,32500,68,73,79758,36000,68000,75001,75000,96000,100001,55700,63500,66500,49600,60000,64000,73300,84000,110600,244343,332808,0,408473,479983,454737,440692,-1,-1,-1,-3
3154,5,30000,3,2,30000,10700,98,93,87711,45000,11000,16500,16700,26750,60500,71000,91500,68500,146942,91000,95000,160097,189918,100500,105000,110000,140000,135000,110000,172000,95000,-5,-1,-5,-5
3155,5,27000,3,2,27000,27000,21,22,29317,33000,-2,-2,48000,50000,-2,51000,64100,40000,40500,36000,50000,-2,48200,59700,64300,61700,98000,105000,101000,-2,145100,-5,-2,-5,-5
3156,5,27000,3,2,27000,-3,83,76,78547,-3,1300,3848,8910,85000,-2,-2,16005,23300,-2,-2,-2,-2,45005,-2,-2,-2,-2,-2,0,-2,164200,182500,178500,177000,185000
3157,5,27000,3,2,27000,40000,33,46,56562,-3,-2,-2,35000,-2,91500,90350,30198,36571,36302,38508,42167,40125,42205,-2,42900,49000,-2,97203,162000,160000,170652,186150,0,127000,171400
3158,1,-4,3,1,13510,15834,81,85,83152,-5,-5,-5,-5,-5,-5,-5,-5,-5,-5,-5,-5,-5,-5,-5,-5,-5,-5,-5,-5,-5,-5,-5,-5,-5,-5
3159,1,14500,3,1,14500,-3,81,65,69350,400,-2,5600,3800,5400,10500,17000,13020,12000,12000,18000,13000,22680,22500,25050,-2,48000,36400,50000,40000,46000,45000,42000,36480,42000,88000
3160,1,14500,3,1,14500,5184,-4,-4,-4,3400,3400,4000,5600,8000,3518,7800,12480,17060,19100,23400,26400,27100,10250,68400,57000,25300,45300,40000,80400,51400,50000,60000,65000,120000,-3
3161,1,14500,3,1,14500,5184,30,35,49448,35000,-2,1800,3800,7700,9000,12000,12000,12020,13196,14081,4000,11742,10500,15000,25000,-2,22000,-2,55000,62000,20000,35000,35000,24000,25000
3162,5,-2,3,2,-2,-3,94,91,95012,-3,-2,2000,15000,80000,11550,15000,47200,60500,69200,80000,72000,75700,53500,70200,70700,70600,73000,84300,119000,157000,175000,185000,160000,162000,-3
3163,5,30000,3,2,30000,32200,39,38,35413,15000,29400,40000,35000,48050,42000,25000,40000,45000,45000,40000,30000,35000,40000,54200,96000,-2,72000,79000,74000,105000,79000,110000,75000,48040,50400
3164,5,30000,3,2,30000,40000,12,17,15220,20000,2090,-2,-2,-2,-1,-2,60000,50000,40050,35340,13816,11856,31018,35000,-1,-2,-2,-1,-2,-2,-1,50400,13200,13200,40000
3165,5,30000,3,2,30000,40000,34,35,40180,20000,-2,2128,14000,16000,20004,25000,13030,-2,28800,30200,35000,13000,-2,35000,42000,30000,60000,28000,35000,75000,50000,80000,117000,52000,100000
3166,1,-1,3,1,-1,-3,95,99,99463,45000,55000,60000,65008,75000,85000,90500,90150,22200,25200,32200,59776,48649,49400,54500,56500,58000,52200,54300,50000,52500,52000,59749,24000,44128,80000
3167,5,-2,3,2,-2,65000,99,99,100000,75001,60000,9005,17560,23489,-5,-5,-5,-5,-5,-5,-5,-5,-5,-5,-5,-5,-5,-5,-5,-5,237500,13000,50000,52000,222900
3168,1,40000,3,1,40000,54000,91,98,90399,8171,11800,18500,24450,28261,33600,33800,35000,35000,37500,63500,83000,56200,59000,47778,110600,95100,109400,131500,147500,147000,159335,172110,194000,184122,198100
3169,1,39000,3,1,39000,40000,94,96,91471,45000,50000,70800,-2,9650,26350,38000,55800,1057448,146942,159805,839078,-2,189918,974100,244343,20000,390662,-5,-5,-5,-5,-5,-5,-5,-5
3170,1,50000,3,1,50000,50000,99,99,98699,50000,5750,-2,11550,4000,13500,38500,100001,1057448,146942,-5,839078,160097,189918,974100,-5,332808,390662,-5,-2,454737,440692,497763,100000,922631,766958
3171,1,75000,3,1,75000,75001,92,99,96789,75001,75001,75001,-2,100001,100001,-3,45000,77000,146942,159805,839078,160097,189918,974100,244343,-2,390662,408473,479983,-2,440692,497763,595986,922631,-3
3172,1,-2,3,1,-2,75001,99,99,97598,2000,75001,75001,10500,15000,21000,39000,-2,1057448,53000,65000,95000,70000,78000,117000,108000,166000,192000,408473,479983,454737,440692,497763,595986,922631,405000
3173,1,75001,3,1,75001,75001,99,98,96915,-3,75001,10000,9350,5500,-2,39000,-2,20500,15000,40000,47000,-2,-2,54000,-2,-2,121000,135000,175000,-2,195000,220000,222000,-2,-3
3174,5,30000,3,2,30000,40000,-4,-4,-4,-3,-2,-5,0,40000,3280,7900,-5,39500,51200,60000,70000,-2,-2,26600,62000,7200,13000,82000,-5,-2,-2,-2,-2,-2,93003
3175,7,8000,2,2,8000,10000,17,19,22578,-3,10000,-2,-2,-1,18000,-2,16522,20625,30,7030,0,-2,-2,-2,-2,-2,7500,-2,12100,-2,-2,-1,25830,2328,-3
3176,7,25000,2,2,25000,40000,49,54,60884,40000,-2,-3,17500,-5,-5,-5,-5,-2,-5,-5,-5,-5,-1,-5,-5,-5,-5,-5,-5,-5,-5,-5,-5,-5,-5
3177,3,28300,2,1,28300,40000,15,13,15835,-3,-3,-2,18000,-2,-2,22000,-5,-2,-2,32000,35000,83000,90000,-5,-5,-2,-2,-2,55000,-2,-2,64000,62000,-5,-5
3178,7,20000,2,2,20000,38000,20,21,25222,4000,14000,20848,11390,13600,13500,15000,15005,19500,21800,30660,28000,28000,1200,15001,15000,20500,-5,-5,-5,-5,-5,-5,-5,33600,16800
3179,5,-4,3,2,9100,-3,60,69,76903,16000,2000,11800,15000,14000,13850,10800,17000,22000,8050,25000,25000,27000,40000,24160,22540,58360,66180,56000,86000,75000,62000,78000,78500,75000,68000
3180,1,75001,3,1,75001,6400,98,94,92801,20000,47500,60000,60000,31000,42000,41000,40800,77000,76500,75500,76500,88500,87500,104000,126000,162000,-5,-5,-5,-5,-5,-5,-5,-5,-5
3181,1,-1,3,1,-1,75001,98,99,96586,15350,23640,24500,8400,24000,53200,76000,100001,1057448,146942,159805,839078,160097,189918,153000,244343,126500,390662,408473,479983,454737,440692,497763,595986,-1,-3
3182,5,-1,3,2,-1,4000,98,99,99923,-3,-2,12000,16700,22000,24000,31200,28000,1057448,146942,159805,839078,160097,189918,17000,25000,71000,-2,-1,101280,-1,-1,-1,-1,-2,-3
3183,5,-1,3,2,-1,50000,87,87,81120,70000,-5,-1,-5,-5,-5,-5,-5,-5,-5,-5,-5,-5,-5,-5,-5,-5,-5,-5,-5,-5,-5,-5,-5,-5,-5
3184,5,-1,3,2,-1,-3,70,71,86549,-3,-2,-2,-1,-5,-5,-5,-5,-5,-5,-5,-5,-5,-5,-5,-5,-5,-5,-5,-5,-5,-5,-5,-5,-5,-5
3185,5,36000,3,2,36000,-3,62,70,83977,34000,50000,4532,12420,8244,13480,-5,-1,-5,-5,-5,-5,-5,-5,-5,-5,-5,-5,-5,-5,-5,-5,-5,-5,-5,-5
3186,1,-4,3,1,1620,775,78,82,70703,1700,8400,14200,-2,90000,100000,30500,100001,-2,10000,37000,38000,58000,67500,76200,-1,153000,-1,-5,-1,454737,-1,-1,0,-1,-3
3187,1,-2,3,1,-2,5300,99,99,97762,10700,7000,10500,16000,11000,31700,28000,40600,54600,63600,159805,839078,160097,189918,974100,244343,332808,390662,408473,479983,454737,440692,497763,595986,-5,-5
3188,7,-1,2,2,-1,11762,24,32,23362,-3,-2,2522,3010,-5,4560,12000,-5,0,-5,-5,-5,-5,-5,-2,-5,-1,-5,-5,-5,-5,10496,-5,23956,-2,2280
3189,3,-1,2,1,-1,-3,57,72,74512,-3,-2,-2,-2,-2,30000,-2,-3,-3,45000,90150,55530,160097,189918,70150,60200,-5,-5,-5,-5,-5,-5,-5,-5,30000,25000
3190,7,5599,2,2,5599,9360,8,7,17018,17444,23000,35000,13000,16000,3574,12000,10000,6360,6396,5200,20200,11000,-2,28500,-2,87000,-5,-5,-5,-1,79065,63303,-1,-1,-3
3191,7,5599,2,2,5599,9360,15,12,12665,17444,23000,35000,30000,37000,30000,34000,-2,10610,-2,-2,17990,-2,16785,20000,26000,-5,-5,-5,-5,-5,-5,-1,-1,-1,-3
3192,3,5000,2,1,5000,8000,39,35,31785,6650,10000,10268,2884,7119,6942,-3,7672,-2,52000,26150,34000,48000,22000,-2,23000,61000,54000,-2,51000,-2,-2,-2,0,-2,-3
3193,1,-1,3,1,-1,34000,76,78,75440,40770,10055,19175,22150,33200,42000,45400,47600,38900,-2,47000,52800,56000,42500,50900,50500,65000,83000,85000,91000,105232,108000,98540,96760,90000,90000
3194,1,22000,3,1,22000,1960,30,28,25518,6516,15248,19500,20540,14900,16000,18000,16100,18000,16000,57000,70000,61500,67300,100100,102000,35100,50000,50000,40000,40000,62000,50000,66500,65000,-3
3195,1,22000,3,1,22000,45000,65,74,59617,15025,35000,30352,39129,28000,13040,36500,39500,40560,45020,41050,-1,46000,47200,49300,63100,36000,90000,86000,101000,97000,94000,74832,93500,85000,86000
3196,1,33000,3,1,33000,-3,69,72,66428,49000,18430,20030,20000,19234,-2,100001,25500,35600,41000,42000,41000,42000,44000,54000,53000,53900,54000,62000,136000,161000,146450,151000,154000,119552,-3
3197,5,33000,3,2,33000,-3,33,38,43955,49000,-2,20440,22344,20000,2200,6800,5850,3640,4840,3640,-2,3100,20860,16800,19864,-2,75375,-2,68900,32000,34697,45000,56000,61497,65000
3198,5,33000,3,2,33000,9080,62,68,69661,27716,17100,27000,32000,20000,32650,34150,36200,39200,40000,40820,50000,56000,41700,60000,72000,84000,97000,106000,113600,145100,128000,135000,158000,167250,178800
3199,5,24000,3,2,24000,25000,21,17,16749,-3,25000,23866,29680,26000,25000,45000,-2,-2,13000,14000,20000,20000,22000,24000,32000,24000,24000,-1,29500,32700,30000,58000,71000,57900,51800
3200,1,15000,3,1,15000,-3,30,35,24193,45000,-2,45000,38268,39000,38000,-2,30035,32800,-2,34810,39416,41335,48272,-5,-5,-5,-5,69495,49752,50512,69880,63700,87000,49161,-5
3201,5,15000,3,2,15000,-3,77,88,88518,45000,-2,45000,23000,24602,27100,31011,-2,48030,38420,37020,42000,42250,24250,49000,52000,76000,-2,-1,-2,-2,43600,-2,79300,-2,54000
3202,1,-1,3,1,-1,-3,37,37,34983,14252,75001,23348,61907,26853,-2,34002,-2,27000,-5,-5,-5,16000,16500,21000,21700,35000,42000,-5,-5,-5,-5,-5,-5,-5,-5
3203,1,-1,3,1,-1,-3,26,28,43176,-3,-2,-2,-2,-2,-2,-2,-2,-2,26800,-2,-2,-2,-2,23000,-2,-2,-2,-2,72500,39000,21000,46000,-2,-2,-3
3204,5,-1,3,2,-1,-3,37,41,52129,-3,-2,16000,-2,48500,-2,-2,-2,44250,31070,54000,-2,-2,49300,-5,26900,32284,29300,50960,49284,45000,46500,-5,-5,-5,-5
3205,5,25000,3,2,25000,20000,69,76,83732,25000,30000,33000,-2,32000,45000,50100,58210,20000,22000,26020,32200,38000,18000,27000,35000,37000,46000,62000,149000,154700,170300,181000,202000,242000,235000
3206,5,-2,3,2,-2,20000,41,37,49106,20000,32000,48713,53140,65000,75000,-2,98600,79400,53500,16000,32000,33200,38400,33500,51000,82400,56000,74000,75000,80500,89300,82050,95500,200000,-3
3207,1,-2,3,1,-2,22500,75,58,57768,27960,28600,29910,31450,35250,34000,34500,22000,28200,25800,26500,24000,25000,26050,27300,67500,78500,92200,98000,113000,158000,263000,158000,150500,143000,155000
3208,1,20000,3,1,20000,-3,94,92,92189,29324,33400,31190,41880,51150,50100,53500,60500,65300,90500,86000,95500,160097,189918,155000,151000,183000,184000,210300,227500,454737,440692,250000,266000,258000,-3
3209,5,-2,3,2,-2,-3,71,46,53889,-3,-2,5000,-2,-2,12000,12100,15100,18600,-2,45500,-2,35900,40700,29500,19600,13960,42322,40000,-5,-5,-5,-5,-5,-5,-5
3210,1,28000,3,1,28000,37000,57,51,67243,32000,48000,38040,65000,65000,75000,75300,22100,22250,38674,57100,-5,67040,-5,58275,79100,-5,-5,-5,-5,-5,-5,-5,-5,-5,0
3211,1,-4,3,1,13580,9520,46,49,49313,13717,19500,18200,13000,-5,-5,-5,-5,-5,-5,-5,-5,-5,-5,-5,-5,-5,-5,-5,-5,-5,-5,-5,-5,-5,-5
3212,5,-4,3,2,13580,11925,99,95,94747,13850,17850,16460,-2,-5,-5,-5,-5,-5,-5,-5,-5,-5,-5,-5,-5,-5,-5,-5,-5,-5,-5,-5,-5,-5,-5
3213,1,-2,3,1,-2,20000,43,59,74571,21000,3000,8010,12015,-2,12000,18500,17020,21210,-2,23118,-2,26455,13662,86500,76900,-2,102850,227700,143460,164430,-5,-5,-5,-5,-5
3214,1,-2,3,1,-2,20000,62,70,73204,21000,-2,21110,26500,-2,50000,55005,15024,18150,22130,44350,45400,56900,66000,-2,38000,42000,73000,116000,105000,-2,-2,-2,44200,45200,50000
3215,1,27477,3,1,27477,32952,69,62,68957,33168,33500,34675,36800,44306,16364,14900,17950,19400,41000,42071,43485,49031,49993,70990,57927,29498,34570,42548,43700,50015,50185,53200,-5,-5,-5
3216,1,27477,3,1,27477,32952,95,94,95111,32000,4275,34675,21000,21000,37000,44000,43000,58000,43400,52500,53800,56000,54400,98000,80000,109000,106200,41000,176000,184000,164000,215000,135600,112000,113800
3217,5,25000,3,2,25000,31000,-4,-4,-4,40000,45000,50410,-5,-5,-5,-5,-5,-5,-5,44000,48000,48000,-5,-5,-5,-5,-5,-5,-5,-5,-5,-5,-5,-5,-5
3218,5,25000,3,2,25000,348,39,48,50820,820,0,2800,6011,22200,33576,27250,27150,35248,43030,-3,35000,34220,16040,5100,-5,7000,9000,41300,46000,61435,30120,55088,58425,48222,39445
3219,1,25000,3,1,25000,30000,48,68,60974,-3,5084,10000,15000,14239,18740,20170,42570,47850,52000,50240,48300,48100,46000,60001,70500,73860,70840,71360,82800,95800,99200,86400,83600,82800,104600
3220,1,25000,3,1,25000,30000,73,82,80835,-3,-2,-2,-2,-2,50000,0,-2,15130,-2,33610,14566,15000,-5,-5,-5,-5,-5,-5,-5,-5,-5,-5,-5,-5,-5
3221,5,25000,3,2,25000,30000,56,72,87803,-3,-2,3680,-2,22038,-2,13500,21000,18000,45000,42030,52015,70000,189918,-2,37000,-5,-5,-5,69400,-5,126270,119050,66025,76550,125200
3222,5,21500,3,2,21500,20000,82,76,75354,30000,40000,23200,30800,33400,35800,37200,-5,-5,-5,-5,-5,-5,-5,-5,-5,-5,-5,-5,-5,-5,-5,-5,-5,-5,-5
3223,5,20000,3,2,20000,20000,89,88,92292,33000,35000,22000,30000,28000,2300,4499,11444,8500,31400,30570,32500,33050,33000,42017,42795,-1,-5,-5,-5,-5,-5,-5,-5,-5,-5
3224,1,35000,3,1,35000,40000,78,88,77251,2880,6350,6680,-2,8640,22700,40400,37970,34800,50400,76430,52500,59100,65450,78800,93000,500,95000,122500,130000,144000,145000,183000,237000,221000,215000
3225,5,20000,3,2,20000,22000,75,76,81344,-3,22000,-2,41600,45150,40540,72800,42500,50000,53000,51800,54600,-2,55600,53025,49200,61000,98000,78000,14170,87700,89800,89000,113682,117234,-3
3226,1,15000,3,1,15000,18000,86,99,98716,25000,15000,17000,30050,24200,43325,-2,47600,-5,-5,-5,-5,-5,-5,-5,-5,-5,-5,-5,-5,-5,-5,-5,-5,-5,175000
3227,5,-2,3,2,-2,-3,87,99,100000,2941,-2,40925,15100,4560,23880,29150,34750,9100,12840,15651,17090,2540,15568,40260,34000,60800,-2,71570,65233,85700,132550,116624,136350,120700,134000
3228,1,-1,3,1,-1,-3,56,66,74327,-3,40000,35000,45000,70000,80000,68100,22300,22000,27000,67700,63000,73500,76000,70270,78000,-2,125000,408473,156000,165000,157000,155000,168000,-2,220000
3229,1,-1,3,1,-1,-3,57,65,82125,-3,-1,50000,45000,2515,6070,71850,68700,84080,4300,72200,839078,160097,189918,138000,71000,80000,160000,115000,110600,185000,138000,134000,156000,169500,179000
3230,1,20000,3,1,20000,32000,11,8,8961,39000,35000,32100,40000,-2,49900,-2,40000,24000,52300,29000,32500,24000,11000,-5,-5,-5,32000,60000,80000,55000,150000,22000,-5,0,40000
3231,5,28000,3,2,28000,20000,53,54,61426,48000,46500,36000,6604,-2,-2,10000,42850,36770,38221,23691,23900,20000,20000,20800,59979,-2,65000,91732,93610,130000,-2,74287,57200,60000,-5
3232,1,27500,3,1,27500,40000,71,57,45018,34000,20990,18765,-2,26050,-2,60000,49080,40020,70100,50100,50120,62300,55200,71800,51010,58050,72160,63400,60500,75000,65085,72200,90500,93000,74000
3233,5,27500,3,2,27500,40000,57,53,40697,34000,28000,21550,32050,41295,43280,32300,34100,37000,39000,36100,41070,45000,-5,-5,-5,-5,-5,-5,-5,-5,-5,-5,-5,-5,-5
3234,5,27500,3,2,27500,40000,64,66,64311,34000,28000,20000,-2,-2,10000,26000,31200,45650,51000,51000,47500,51500,51000,27190,66300,90200,70150,71500,90500,88600,99500,102500,95200,100200,92000
3235,1,27500,3,1,27500,40000,74,69,74936,16137,14257,13025,20050,15560,13125,17000,23050,19050,28000,23610,16025,13500,20800,20800,17450,27250,38495,33000,26050,40000,33096,26225,36000,41000,42000
3236,5,3000,3,2,3000,-3,55,50,69055,-3,30800,20954,-2,-2,-2,6032,-2,-2,6500,10000,10100,23690,-2,18000,18700,21000,28000,61600,3000,19000,16214,2400,1000,0,8000
3237,5,-4,3,2,15000,18500,54,50,45032,24500,29674,23465,26400,22110,8600,7000,13000,19200,26000,25000,26500,30000,26880,36000,-5,35000,-5,43000,42000,42000,52000,52000,40000,31000,41000
3238,7,33000,2,2,33000,35000,69,84,85024,34000,-2,-2,-2,-2,-2,-2,-2,-2,19100,21250,20075,18500,29600,25150,29200,-2,12800,33000,29500,55200,36050,38000,-2,10212,23090
3239,3,33000,2,1,33000,3035,42,59,63447,3971,4166,-2,2250,2160,8500,-2,10000,19500,20100,21080,25150,25000,25250,30050,28020,28100,0,32000,30150,-2,-5,-5,40000,49050,40150
3240,1,27000,3,1,27000,31000,88,93,96819,32000,35000,40000,6000,34000,10100,23750,28270,28540,47260,26400,23600,19020,37000,28000,67200,111000,127100,210900,142300,220500,222700,497763,293000,305000,766958
3241,2,-4,3,1,5800,9010,91,90,89103,8400,8400,3600,4800,0,-5,-5,-5,-5,-5,-5,-5,-5,-5,-5,-5,-5,-5,-5,-5,-5,-5,-5,-5,-5,-5
3242,5,14000,3,2,14000,16500,62,52,55896,19000,26000,-2,55577,65000,33300,33400,40150,29950,39200,32400,38100,40438,47593,50800,50420,61801,68009,64363,87592,102408,99850,115000,124200,110500,206300
3243,5,25000,3,2,25000,30000,77,75,58532,37000,70000,75001,-2,100001,100001,100001,100001,1057448,146942,159805,839078,160097,189918,974100,53000,40500,110000,58000,158000,100000,214000,104000,196000,269000,766958
3244,5,25000,3,2,25000,30000,51,69,82180,37000,-2,60000,73000,60000,30000,19200,58000,22100,52328,56150,-2,51100,76000,82450,73000,50000,70000,90000,98000,89000,100000,96000,112000,96000,117000
3245,5,-1,3,2,-1,-3,33,40,51236,-3,-2,-2,-2,-2,5050,15000,11000,3600,-2,41000,41020,53000,75000,72030,72000,79000,72030,77000,100000,95000,95000,130000,97000,108958,103924
3246,1,16000,3,1,16000,18000,49,42,38573,-3,22000,-2,25000,-2,30530,39850,45200,43400,49800,40000,77100,44600,-2,40200,49150,50500,65000,68600,78400,84030,77900,82030,84015,85000,87000
3247,1,16000,3,1,16000,18000,50,35,43302,-3,22000,-2,35117,41070,-2,52090,55000,60500,42900,54000,839078,88000,83000,974100,244343,332808,152000,408473,479983,232000,440692,250000,595986,922631,766958
3248,6,-2,3,2,-2,17000,57,69,77003,-3,20000,34300,49564,45900,29436,34936,38578,38920,40164,38795,34105,51500,47336,42500,53520,73119,70050,79003,83875,67217,71405,84000,97288,104000,175000
3249,5,23000,3,2,23000,23000,42,61,56140,25000,25000,27500,29000,4313,8668,-2,18500,-2,-2,11200,17800,16847,38100,33060,41000,26600,35750,37000,37000,50000,62000,51000,49000,-5,-5
3250,5,24500,3,2,24500,25000,98,99,99453,38000,17320,7600,9200,8703,12800,15574,15123,18300,33000,37522,27325,39030,4250,40000,26300,69000,43025,32100,45945,-2,106335,110000,117800,160000,170000
3251,1,24500,3,1,24500,27000,74,81,78718,38000,38000,-2,-2,30000,12000,23000,31000,36000,39000,39500,32500,31400,40000,35000,57000,49000,70000,63000,63000,74000,76000,70000,72000,66350,62000
3252,5,8500,3,2,8500,8200,32,22,28527,1200,-2,12260,12768,14070,13800,14374,14300,15638,17400,25600,25020,27000,28000,-2,-2,-2,37000,24000,29000,20000,20000,20000,18000,28188,18000
3253,5,8500,3,2,8500,8200,4,1,572,12000,7000,-2,0,8000,-2,-2,-2,8374,-2,825,-2,-2,5024,9360,-2,15000,12750,-2,10504,-2,8094,10580,-2,-2,11971
3254,5,8500,3,2,8500,8200,54,47,67565,12000,7000,8595,8000,-2,11000,12000,12000,13000,14000,12300,13500,38000,49000,56900,34000,50000,54000,60000,66240,81000,62300,69500,80000,75000,78440
3255,1,25000,3,1,25000,1036,90,91,91683,30000,60000,59360,-2,13258,16728,20646,29024,22000,40932,48270,41476,47700,28005,49728,44840,42200,48000,8000,20000,40000,20550,30000,40000,922631,-5
3256,1,75001,3,1,75001,40000,89,99,97873,30000,25000,50000,14800,10000,13900,17800,26050,20140,73000,74200,63500,78500,82000,98000,126000,175000,390662,212000,205000,230000,220000,237000,30000,260000,286000
3257,1,20000,3,1,20000,25000,86,96,98634,30000,30000,35000,30000,25000,2350,1600,750,-2,32500,38120,-2,14550,14000,22000,32671,35000,57540,66000,75000,-2,126180,165042,-1,-1,-3
3258,1,-1,3,1,-1,-3,83,89,89343,30250,20507,27950,12900,36220,35740,34500,35100,30000,20000,27000,25000,31000,58500,59000,66000,80000,94000,73440,55000,65000,68000,-1,-1,-2,-3
3259,7,15940,2,2,15940,-3,1,1,1145,-3,7200,9480,9440,-2,12000,19656,9900,-2,-2,10332,10968,-2,-2,4848,0,0,0,0,0,0,0,4920,0,-2,800
3260,7,15940,2,2,15940,5000,2,2,3283,-3,10000,-2,9440,-2,-2,55954,21824,-2,-2,1200,11304,-2,11818,0,-5,-5,-5,-5,-5,-5,-5,-5,-5,-5,-5
3261,3,15940,2,1,15940,-3,14,12,16527,-3,10200,-2,9440,-2,15000,5800,23000,-2,13000,18000,10000,14000,15000,11332,11397,24000,24000,16194,2664,-2,18000,25000,26000,25000,29000
3262,5,25000,3,2,25000,10000,19,23,22175,35000,40000,-5,-5,-5,-5,-5,-5,-5,-5,-5,-5,-5,-5,-5,-5,-5,-5,-5,-5,-5,-5,-5,-5,-5,-5
3263,1,16000,3,1,16000,11000,80,97,96452,14000,12000,15000,12000,25000,35000,32800,33300,51300,83000,81000,80000,97000,189918,1000,3000,123000,132200,93000,95100,101080,105150,103910,110000,117200,116000
3264,4,10500,1,1,10500,14000,22,21,21626,-3,10000,12000,-2,-2,7000,17000,14000,31000,27000,-2,-2,-2,-2,47950,56400,-2,87000,56000,27364,-2,33400,-2,-2,124320,66692
3265,4,7600,1,1,7600,14000,23,25,29955,-3,10000,12000,-2,7166,8172,9130,12900,24000,12000,-2,-2,29800,33200,38000,-2,75500,49000,-5,70000,-5,-5,31200,67600,10944,43464
3266,8,25000,1,2,25000,18000,43,45,44505,2000,66500,700,39000,50000,65000,74000,-5,-5,-2,55300,-2,-2,-5,-5,-5,29750,35000,32000,250,500,0,-2,-1,-1,-3
3267,4,25000,1,1,25000,18000,75,78,78896,20000,65000,4967,39000,50000,65000,64000,100001,69576,53824,48300,-2,-2,-5,-5,-5,-5,-5,11600,59000,-2,-2,14000,-5,43000,-3
3268,8,4526,1,2,4526,6000,13,13,22938,4772,-2,18460,31384,-2,0,-2,-5,-5,-5,-1,1876,8560,-2,7320,24638,17092,-2,6788,-5,3000,9226,5184,8196,6043,3504
3269,8,6468,1,2,6468,13000,32,46,47051,23000,-5,10000,8056,10637,9500,12000,16000,25500,23500,23900,16428,23000,23000,25000,28600,25000,32800,26953,35501,36000,21810,36855,43000,42584,48000
3270,4,4032,1,1,4032,-3,2,4,1277,-3,-2,-2,4200,8000,-2,-2,8400,-2,38000,-5,-5,-5,-5,-5,-5,-5,-5,-5,-5,-5,-5,-5,-5,-5,-5
3271,2,6888,3,1,6888,-3,-4,-4,-4,-3,-2,20000,12000,20000,17000,14000,22500,15000,-1,17000,-2,30000,20000,-2,95000,-2,50000,-2,11750,-5,35000,-2,-2,100000,-5
3272,2,6888,3,1,6888,-3,17,11,16201,-3,9150,30000,27000,35000,-2,3164,12500,10176,-2,12000,15000,25500,20000,11600,-5,49180,-5,-5,-5,-5,-5,-5,-5,-5,-5
3273,8,5508,1,2,5508,2976,5,8,10456,-3,8470,2126,4488,4812,6864,-5,5448,512,9960,-2,-2,-2,-2,-2,-2,-5,0,-2,24000,25000,35000,25000,44000,45000,-3
3274,4,5508,1,1,5508,2000,-4,-4,-4,-3,-2,-2,-2,-2,-5,-5,-5,18000,18000,20800,-2,22325,24900,-5,-5,18800,37400,-5,-5,-5,-5,37440,-5,-5,57000
3275,1,-1,3,1,-1,-3,66,79,84104,-3,-1,-1,-1,-2,-2,-2,32500,-2,-2,40350,-2,-2,-2,-2,-1,-1,-1,-1,-2,-2,-2,85000,85000,-2,-3
3276,5,-1,3,2,-1,-3,51,57,64978,-3,-1,-1,-1,-1,-2,-2,-2,-2,54000,-2,-2,-2,-2,-2,-2,-1,9600,10836,101100,-2,112792,153200,127000,-1,27000
3277,2,25000,3,1,25000,13000,75,80,84126,19000,30000,-2,8000,9000,10800,-1,-2,33020,-1,-1,-1,-1,-1,-1,-1,-2,-1,-2,81500,-2,-1,-5,-5,-5,-5
3278,6,6000,3,2,6000,13000,81,77,60446,9800,12640,14500,16485,20430,24927,28980,30880,42600,41440,93635,96420,98700,189918,140600,244343,332808,222400,408473,98598,239200,204600,126024,102800,49836,165400
3279,2,6000,3,1,6000,13000,18,16,13410,12000,16000,25000,35000,24000,31000,-2,-1,-1,-1,-1,-1,-1,-1,-1,-2,-1,-1,-1,93305,-1,-1,-1,0,-1,-3
3280,6,6000,3,2,6000,13000,42,53,61654,12000,16000,25000,35000,31000,34896,34740,48300,76800,85200,-1,-2,81500,-1,102000,124000,150000,-2,85000,-2,150000,-1,-1,-2,-1,175000
3281,4,32000,1,1,32000,31500,52,56,55405,23000,30000,22000,29000,40000,-2,20071,-2,42200,47050,-2,-2,50100,51900,-2,53500,-2,35000,26000,37040,-1,46600,-2,-2,92000,87000
3282,4,14500,1,1,14500,-3,38,29,33772,-3,39000,12000,18020,25000,24000,17000,56900,58780,38070,86000,57200,73100,82100,29000,50000,-2,90000,147188,137000,-5,-2,176000,83000,70000,182000
3283,4,14500,1,1,14500,-3,16,17,14537,-3,24000,-2,15000,20060,19000,20000,20060,-1,-2,22000,20000,25050,-5,-5,-5,-5,-5,-5,-5,-5,-5,-5,-5,-5,-5
3284,1,19000,3,1,19000,21500,45,42,50333,-5,6300,8456,10000,6500,30000,38000,6000,5006,17547,37070,46050,39600,44000,55040,68000,95500,110000,145030,146000,172000,162054,143860,-5,-5,-5
3285,8,20000,1,2,20000,10000,14,14,14453,-3,50000,32000,40000,40000,40000,-2,18344,-2,71940,-2,-2,-2,-2,-2,-2,95000,-2,122200,51000,-2,-2,-2,-2,78090,53010
3286,8,-1,1,2,-1,32000,75,77,75710,12175,-2,30100,32200,38100,42200,50500,57100,-2,-5,73400,80000,80200,87400,122000,111350,140000,169000,180000,230000,-5,-5,-5,-5,-5,-5
3287,5,12500,3,2,12500,17000,20,27,39989,12000,15000,-2,11300,-2,25000,36805,-2,45158,46080,48780,60200,45000,49760,110000,79000,96800,99000,62339,48929,-2,92000,125500,117000,138000,111000
3288,8,7760,1,2,7760,-3,13,13,20051,-3,10624,-2,12986,6236,-3,-5,-5,-5,-5,-5,-5,-5,-5,-5,-5,-5,-5,-5,-5,-5,-5,-5,-5,-5,-5
3289,1,27000,3,1,27000,27000,93,94,94381,42000,40000,16080,24000,22300,25450,26200,35000,35400,40000,48800,48000,49000,-2,68100,77112,130000,137000,181000,190000,-1,145800,-5,165000,45000,68500
3290,1,27000,3,1,27000,27000,88,92,93795,4200,40000,30000,40000,39500,43000,51800,58800,76200,54000,56000,53600,57000,66000,76500,92000,103000,135000,159000,159000,218000,150203,235500,255000,327500,275000
3291,5,27000,3,2,27000,27000,37,45,53457,42000,40000,30000,40000,-2,35000,42000,52030,66200,70660,66400,76400,77200,90500,65400,70400,78000,65200,-2,90300,115300,-5,194200,229725,231000,241000
3292,5,-2,3,2,-2,14000,54,51,41120,3000,15000,16000,17000,34860,42600,41000,-5,1057448,-3,-2,839078,160097,189918,974100,-5,-5,-5,-5,-5,-5,-5,-5,-5,-5,-5
3293,5,-4,3,2,20550,-3,62,56,63654,-3,-2,13600,17100,25030,-2,-2,20600,28500,38500,-2,45672,47366,51932,57080,65000,-2,-1,-1,-5,-5,-5,-5,-5,-5,-5
3294,5,-3,3,2,-3,24000,98,95,94740,25000,30000,49742,55000,55000,70000,-2,32100,65400,37200,44400,40400,47300,47200,50500,55400,65000,98800,-2,202000,73000,108333,100500,115100,113925,123302
3295,5,14000,3,2,14000,24000,91,90,94806,25000,30000,48750,55000,55000,70000,-2,48380,46500,47800,75300,63010,48380,-2,2000,82500,-5,-5,-5,-5,-5,-5,-5,-5,-5,-5
3296,1,6500,3,1,6500,-3,73,70,61616,6440,7125,8454,9320,4780,-2,12000,20150,-2,-5,-5,1500,-2,-5,-5,-5,-5,-5,-5,-5,-5,-5,-5,-5,-5,-5
3297,3,18000,2,1,18000,15000,10,14,13034,7000,40000,28500,44000,40000,45000,80000,16000,30000,-1,14000,6000,-1,10000,12000,30000,16000,-5,-2,0,-1,20000,0,0,0,0
3298,8,-4,1,2,5028,-5,-3,-3,1046,10900,13600,18440,-3,6400,-5,-5,-5,-5,-5,-5,-5,-5,-5,-5,-5,-5,-5,-5,-5,-5,-5,-5,-5,-5,-5
3299,8,17000,1,2,17000,20000,31,45,42659,25000,30000,40000,-2,32000,10000,14016,-5,11025,13230,14401,13200,14430,24005,57168,42792,66000,97000,-2,-5,90340,-5,-5,-5,-5,-5
3300,8,12000,1,2,12000,20000,11,17,12454,25000,30000,40000,-2,32000,10000,-5,-2,37000,-2,28900,-2,-2,25000,26000,22900,26000,3000,0,-5,0,-5,-5,4000,4368,25000
3301,4,12000,1,1,12000,-3,40,52,50796,30000,30000,40000,19500,32000,10000,-5,-5,27000,-5,-2,-2,30000,-2,-2,-1,-5,-5,-5,-5,10000,-5,25000,15000,-2,12000
3302,4,12000,1,1,12000,20000,56,74,77135,30000,30000,40000,-5,-5,-5,-5,-5,-5,-5,-5,-5,-5,35000,-2,26000,33000,-5,12582,-2,4000,-1,206200,-5,175000,-5
3303,5,-4,3,2,11464,8220,97,97,94269,28500,30500,27900,37800,36000,37500,42800,43500,49300,50500,49100,58000,67900,71000,75000,89000,90000,98000,78500,95000,128000,124100,113010,127710,172365,131000
3304,8,-2,1,2,-2,25000,68,82,80934,50000,-1,23640,24100,26200,28400,-2,18200,20025,23015,25100,30200,67800,69250,61050,44000,49700,74400,130600,88700,81000,88200,95020,103050,117900,-3
3305,8,-2,1,2,-2,25000,63,62,78189,55000,-1,-2,20000,30000,25000,0,87000,49000,6100,-2,12000,12000,66900,1200,81000,101000,123000,137000,156000,150000,-2,181325,80000,180000,125000
3306,7,4488,2,2,4488,4632,14,16,25048,0,7000,8500,-2,6312,6648,-2,-2,-2,15000,12000,18000,12800,5200,7329,-2,20400,8400,-2,-2,9600,11040,11040,-2,12708,10800
3307,3,36000,2,1,36000,35000,15,17,21330,18000,30000,32000,45000,55000,75000,-2,81000,77000,65800,68800,24000,-2,22000,25000,-2,-2,-2,-2,26100,30000,14000,-2,15307,10000,20000
3308,7,34500,2,2,34500,35680,10,14,20264,18000,30000,32000,45000,-2,40000,39100,33000,27700,-2,15000,-2,-2,-2,23452,14000,-2,-2,-2,-2,-2,-2,10356,-5,-5,-5
3309,7,30000,2,2,30000,-3,93,94,92951,40000,-2,3750,-2,-2,6000,18500,-5,30400,-5,40200,-5,-2,40000,-2,-5,48200,48000,50000,54000,-1,-2,-2,66000,-5,-3
3310,3,5770,2,1,5770,10000,14,18,27814,11000,9000,12000,-2,25000,22000,42000,6000,-2,10004,-2,-2,-2,35000,-2,25000,11200,29000,49000,55000,62000,67000,70000,68000,67000,75000
3311,3,14000,2,1,14000,9000,14,17,18024,-3,21000,37950,32120,27000,30000,30752,14458,16764,-2,21870,34464,23000,39519,-2,45000,-2,0,0,25000,35000,32000,26000,20783,16752,-3
3312,7,13500,2,2,13500,25000,13,12,6887,15000,3250,17580,18534,17000,24000,-2,-2,-5,25000,32700,-2,-2,19205,13000,22000,22000,22000,25000,31500,-2,40000,-2,34000,-2,-3
3313,2,13000,3,1,13000,5800,4,5,1739,-3,17000,19650,20000,25000,16700,4025,-2,-2,3108,-2,-2,-2,0,0,0,0,-2,0,32680,0,-2,-2,0,15750,-3
3314,2,13000,3,1,13000,7000,42,44,48817,-3,17000,19650,20000,25000,6001,40701,-2,-2,-2,-2,-2,-1,-1,-1,-5,-5,-5,-5,-5,-5,-5,-5,-5,-5,-5
3315,7,-3,2,2,-3,11040,47,34,34992,8400,7908,12930,-2,17270,-5,-5,15360,30366,22692,25376,-3,16650,30629,-2,10152,30384,13328,17500,15013,15072,48200,43916,23500,30032,-3
3316,7,17550,2,2,17550,6543,13,8,11714,7167,6450,-2,-3,-2,-2,7186,13264,8160,21900,-2,18860,1200,-2,12264,22000,17000,-2,10698,32368,-2,23820,8942,9931,-2,19600
3317,7,17550,2,2,17550,-3,6,2,2463,7302,6073,3848,6804,7308,8641,16100,6296,2203,2575,-2,-2,-2,-2,2597,22163,-2,25070,9618,21708,13202,15288,12816,8892,-2,10079
3318,3,17550,2,1,17550,4029,3,3,2123,1344,2746,125,350,4400,2000,3000,2500,0,-2,-2,2980,1875,-5,-5,-5,-5,-5,-5,-5,-5,-5,-5,-5,-5,-5
3319,2,10060,3,1,10060,-3,5,6,15354,9000,-2,-2,27850,-1,1392,-1,12000,16000,2548,-1,-1,-2,-2,-1,-1,-2,-2,-1,7500,15000,-1,-1,11400,-5,-5
3320,6,10060,3,2,10060,-3,6,5,5019,15868,7500,13500,12720,12276,10000,11000,12000,14000,-5,17000,-5,-5,-5,-5,-5,-5,-5,-5,-5,-5,-5,-5,-5,-5,-5
3321,6,10060,3,2,10060,8000,3,3,12579,9000,-2,-2,27850,-2,12000,-2,-2,-2,9600,9308,20948,13000,26000,37060,45000,29000,-2,31600,21000,19000,21456,25000,36400,62400,-3
3322,7,2700,2,2,2700,7000,14,14,11508,5000,-1,3500,4500,7560,-2,12300,11600,7600,12200,12000,11000,7000,14550,14000,-2,-2,54000,23600,-1,-1,-2,20000,32000,-1,-3
3323,3,2700,2,1,2700,9000,27,30,27875,-3,-2,3500,3048,14000,9000,6000,-2,1074,-2,2096,5980,2664,3573,-2,-5,-5,-5,-5,-5,-5,-5,-5,-5,-5,-5
3324,3,13000,2,1,13000,2017,18,17,30357,6024,-2,7200,-2,13956,20000,32470,24476,23019,23733,24030,27108,26000,28300,-2,48500,95000,93000,-2,123000,105460,89585,-2,115500,73400,-3
3325,7,2700,2,2,2700,8754,10,8,4022,2736,-2,6192,-2,2108,2820,2926,2964,3192,3240,3432,3912,4080,-2,-2,3308,3524,900,300,300,1920,2400,2506,2400,2328,0
3326,3,12000,2,1,12000,7000,3,3,3975,6000,-2,-2,-2,-2,13000,12976,-2,32624,-2,-2,-2,-2,-2,-2,0,0,-5,-5,-5,-5,-5,-5,-5,-5,-5
3327,3,-2,2,1,-2,-3,1,5,11116,-3,548,-1,-1,10160,3200,6080,28850,-5,22000,17221,3747,7814,17940,17000,-5,-5,-5,-5,-5,-5,32000,-2,24000,-2,-3
3328,1,25000,3,1,25000,28000,68,66,54747,30000,38000,22000,30000,35000,65000,30964,35775,-2,27200,32250,40200,40015,40050,-1,-5,-5,-5,-5,-5,-5,-5,-5,-5,-5,-5
3329,1,24000,3,1,24000,25000,74,69,70007,30000,32000,22000,45000,9680,11444,12000,12300,34000,-3,159805,18237,25801,36600,22000,-5,-5,-2,-5,45000,-5,0,0,0,-5,-5
3330,1,22000,3,1,22000,25000,14,16,21713,30000,32000,22000,45000,50000,50000,61000,77200,-2,146942,159805,839078,73000,75500,135000,112000,110000,123000,114342,145000,108548,80671,109000,161000,161000,179000
3331,1,12000,3,1,12000,500,22,25,18388,26000,30000,-2,-2,3936,8000,3000,-2,-2,-2,-2,-2,-2,-2,25600,25000,30000,-5,70000,50000,44600,43400,36640,-5,-5,-5
3332,5,19000,3,2,19000,-5,-4,-4,-4,12000,-2,11453,8490,8500,9728,6990,5600,8000,6768,5136,5000,5869,6348,8040,-2,-2,12680,-2,-1,7788,20472,16696,17068,10776,-3
3333,1,-2,3,1,-2,-3,-4,-4,-4,-3,15000,-2,11793,11414,12300,23900,12500,14000,28000,35800,37400,35600,-2,36000,43600,51600,113126,101150,104400,104760,78114,95000,111000,99120,68000
3334,3,20000,2,1,20000,-3,25,24,28972,-3,19000,44000,12612,1844,1000,-2,26164,1300,4104,-2,1832,9888,1000,-1,0,2600,-5,-5,-5,-5,-2,2400,2220,8988,19884
3335,1,7200,3,1,7200,9700,44,49,53555,17000,11000,4000,-2,-5,-5,-5,-2,-5,-5,-5,-5,-5,-5,-5,-5,-5,-5,-5,-5,-5,-5,-5,-5,-5,-5
3336,1,32000,3,1,32000,4097,20,27,21195,8290,-5,-5,-5,-5,-5,-5,-5,-5,-5,-5,-5,-5,-5,-5,-5,-5,-5,-5,-5,-5,-5,-5,-5,-5,-5
3337,5,40000,3,2,40000,38000,92,80,89081,32000,5000,7060,45550,52000,2400,23132,26760,26490,32072,34098,66120,79225,95075,49825,49550,111035,121780,126000,141000,143800,162017,170040,-5,-5,-5
3338,5,20000,3,2,20000,20000,85,88,89463,23000,32900,41000,43000,33500,52000,-2,-2,29100,22820,27400,24800,17740,19530,-5,23100,36836,13050,-2,31000,32122,37478,31517,36834,38386,38437
3339,5,20000,3,2,20000,20000,63,80,89511,25000,32900,41000,11700,18150,24070,11000,17150,18050,150,28100,-1,36700,-1,-5,-5,-2,-5,-5,-5,-5,-5,-5,-5,-5,-5
3340,1,-4,3,1,0,26000,33,49,51000,15000,75001,67000,-5,20000,-2,12000,20000,21000,22000,-2,17000,13000,11000,25000,30300,-5,-5,-5,-5,-5,-5,-5,-5,42800,-5
3341,5,18000,3,2,18000,15000,35,37,38607,22000,-2,-2,17000,16000,22000,27005,27000,17000,20000,20957,21220,23000,54000,56900,62000,61000,-2,77000,69000,89600,90000,84200,74000,83000,103000
3342,5,-2,3,2,-2,15000,29,26,21982,7620,-2,-2,-2,20000,23140,21000,25000,27000,26000,43800,21495,27740,38000,34000,41000,42000,38300,35000,40000,39000,43000,49000,50000,50000,56000
3343,5,15000,3,2,15000,24600,23,18,24527,27000,33000,32000,35000,50000,55000,42435,55004,70005,18003,17503,46015,46709,48242,52220,39354,49908,55645,14000,19968,23799,21161,5568,0,2328,3586
3344,1,24000,3,1,24000,6328,63,67,51012,8020,7087,1070,6200,12900,20000,-2,15000,20000,-5,-5,-5,-5,-5,-5,-5,-5,-5,-5,-5,-5,-5,-5,-5,-5,-5
3345,5,21000,3,2,21000,26000,48,49,46920,32000,29500,38000,48000,25000,-5,-5,-5,-5,-5,-5,-5,-5,-5,-5,-5,-5,-5,-5,-1,-1,-1,-1,-2,-1,-3
3346,1,21000,3,1,21000,26000,15,13,19847,32000,29500,38000,48000,25000,45000,-5,28000,-2,47990,80000,50000,-2,-2,-2,34000,37000,-2,-1,78000,-2,73000,69200,-2,-2,102000
3347,5,32000,3,2,32000,-3,59,53,35431,35000,-2,40040,30700,-2,-2,93000,48070,39200,35144,29440,39100,34200,36600,-2,24000,72000,61600,62000,40000,50000,45000,45000,50000,56000,-3
3348,5,32000,3,2,32000,-3,25,33,31705,28200,72000,17200,15600,70000,23400,20840,100001,75000,56000,45000,40200,160097,48000,48000,0,70000,55000,75000,95000,-5,-5,-5,-5,-5,-5
3349,5,32000,3,2,32000,-3,15,16,18676,35000,33100,30628,38415,43000,40000,45000,31800,55000,9000,6000,7000,14000,76500,91000,102000,-5,-5,-5,-5,-5,-5,-5,-5,-5,-5
3350,5,32000,3,2,32000,-3,39,53,59694,35000,33100,30628,-2,35000,30000,11800,56000,-2,19000,20000,11000,49184,34184,38990,36164,31200,42950,54671,58228,50500,52628,54228,50557,79228,70357
3351,1,25000,3,1,25000,32000,70,66,64625,36000,33000,40000,55050,40000,13856,54000,-2,1057448,75000,95000,60000,-2,189918,85000,149000,332808,75000,60000,60000,-2,75000,12000,69000,91000,53000
3352,5,25000,3,2,25000,35000,72,72,76359,35000,38000,40000,40000,12519,18840,40100,-2,73550,69040,78200,77200,81000,80200,89500,73050,87000,100200,121000,110200,136000,178900,153650,226000,302000,332000
3353,1,26000,3,1,26000,30000,16,15,16881,40000,40000,40000,40000,56500,10010,17080,18000,22000,16500,29005,-2,-2,-2,39000,43384,43000,39000,39000,44000,47000,46000,49000,60000,70000,0
3354,1,26000,3,1,26000,30000,37,36,32157,40000,37000,40000,29515,19237,15158,7890,9700,12000,10150,-2,-2,-2,33892,33560,-2,7344,15436,8040,126400,111636,65976,29900,47560,5835,11462
3355,5,-4,3,2,7500,-3,79,71,62443,75001,75000,60000,10000,41800,29600,51000,54100,-2,-2,74300,89500,160097,189918,-2,90500,-5,43000,55000,59600,60800,56000,-2,-2,121000,163000
3356,1,1300,3,1,1300,29600,42,40,43776,22600,12800,75001,26176,27000,15200,10236,40000,-2,13400,11808,8175,21660,32000,-2,-2,11000,4200,-2,3015,1872,8688,9732,10296,8796,10152
3357,1,30000,3,1,30000,30000,50,42,63141,25000,35000,46200,60000,55000,90000,35000,10000,27000,13000,34000,55000,72100,54700,92000,142000,332808,390662,210000,266700,454737,440692,240000,595986,922631,766958
3358,5,-4,3,2,2500,30000,76,84,77831,40,75001,75001,-5,30000,0,850,5500,6400,58200,3160,-2,-2,31772,28889,25680,-5,16476,10500,10560,12000,-5,-5,-5,-5,-5
3359,1,30000,3,1,30000,30000,63,79,72763,25000,35000,53065,5665,6530,50000,89150,13060,18500,18000,22892,-2,-2,15000,49100,38200,73500,87000,77880,60000,25000,22000,30192,13800,31400,108400
3360,5,25000,3,2,25000,30000,43,52,67272,40000,30000,35000,6500,1020,1100,8000,28950,-2,92000,24000,37550,6902,18735,22660,30000,25200,12000,75500,37000,55200,55164,-1,40000,80000,60000
3361,1,25000,3,1,25000,-3,58,64,75092,-3,50000,40000,13278,50000,90000,2200,8100,40050,38840,35020,20000,160097,189918,160100,160000,103000,134000,200000,479983,200000,440692,497763,595986,922631,766958
3362,5,5000,3,2,5000,-3,35,37,34454,3437,10366,26000,5009,5000,24500,26000,26000,-2,6000,25000,-5,24608,-5,29420,-5,15000,-5,8067,6438,9216,18888,10980,11568,11760,11904
3363,5,-1,3,2,-1,-3,58,68,77027,-3,30000,26100,-2,-2,16002,41120,-2,-2,-2,52005,-2,60003,65000,-2,68025,-1,-1,65000,167774,-2,-2,-2,-2,-2,-3
3364,5,-2,3,2,-2,34000,87,80,84004,45000,11700,12670,13470,14540,13730,17644,18750,19500,23008,21850,44180,21768,41694,51050,66050,69100,63440,49200,58580,53204,-5,-5,-5,-5,-5
3365,5,-2,3,2,-2,34000,31,31,42299,42000,50000,40000,21080,30000,10000,12000,-2,-2,53728,-1,-1,-1,-1,-1,-1,-1,-2,-1,-1,-2,-1,-1,-1,-5,-5
3366,1,30000,3,1,30000,25000,74,76,74270,-3,-1,-1,-1,-1,-1,-1,-2,-1,-1,-1,-1,-1,-3,-5,-5,-5,-5,-5,-5,-5,-5,-5,-5,-5,-5
3367,5,-2,3,2,-2,40000,87,99,98982,43000,5450,1350,43000,20217,21530,70030,20010,21020,25020,25030,24150,22500,34500,38000,22100,60100,90000,52300,61500,74000,74000,109000,87328,157491,-3
3368,5,-2,3,2,-2,37000,94,97,99400,40000,75001,32000,-2,45000,6850,20530,36030,36670,43910,46000,50410,52070,54600,62500,75348,80000,81625,94000,97900,99000,95000,223400,136100,84990,132536
3369,5,55000,3,2,55000,34000,86,95,91112,43000,75001,32000,27000,30000,52420,61550,64500,65800,65500,66700,81500,80200,-2,156000,130300,180200,390662,408473,255000,454737,440692,215000,595986,922631,766958
3370,5,-2,3,2,-2,40000,55,57,76987,-3,-1,-1,62100,90000,30000,78500,37500,51300,55880,56214,57700,64350,81196,71039,244343,87000,88000,119200,136138,153000,142982,150100,179200,190519,206000
3371,7,12000,2,2,12000,20000,5,7,31539,7200,6357,3936,4592,5000,4640,-2,-2,-2,-2,-2,12544,11176,8688,10339,0,13800,5964,6525,9212,12864,18484,0,4080,10000,-3
3372,1,25000,3,1,25000,30000,35,30,18701,-3,-2,28000,-2,-2,-2,-2,-2,-2,-3,-1,-2,-2,-2,-1,-2,-2,-2,-1,-1,-1,-1,-1,-5,-5,-5
3373,5,25000,3,2,25000,30000,21,18,17885,-3,32000,28000,33000,32800,30020,29100,35000,35000,37052,37000,-5,40000,46640,-5,-2,-5,-5,-5,-5,-5,-5,-5,-5,-5,-5
3374,1,25000,3,1,25000,30000,32,44,51063,-3,32000,28000,33000,80000,-2,-2,100001,-2,146942,-2,-2,-2,49400,76500,85000,-2,40160,80056,68500,110400,91000,115500,114000,112789,149500
3375,1,50000,3,1,50000,34000,42,43,48318,19275,23946,45000,25000,85000,41800,49000,53000,30250,32500,77670,37300,41400,52937,61200,30460,-5,-5,90200,110000,110590,107899,-2,-5,-5,-5
3376,1,50000,3,1,50000,30000,68,65,74979,-3,-2,45000,3500,85000,22580,100001,40100,37390,45050,75300,87454,76000,81488,44706,-2,-5,-5,75000,108000,153000,137915,-5,-5,-5,-5
3377,5,50000,3,2,50000,30000,68,74,85986,-3,-2,45000,3856,3220,7000,9600,-1,-2,61150,-5,-1,-5,-5,-5,-5,-5,-5,-5,-5,-5,-5,-5,-5,-5,-5
3378,5,25000,3,2,25000,20000,65,55,58958,16000,14000,33000,37600,41200,-2,52800,35400,200,22200,38600,34200,48092,44360,57815,50800,78000,93100,101100,98802,108150,104118,100100,113050,-2,107300
3379,1,25000,3,1,25000,20000,77,80,81031,16000,14000,40000,30000,250,34000,15008,35200,-2,146942,159805,839078,160097,189918,-2,110500,128000,390662,121000,135000,158000,156000,186000,180001,235000,140000
3380,1,50000,3,1,50000,45000,94,91,90763,60000,75001,24800,45400,43900,53000,59000,-2,72000,69100,70000,75000,93000,97000,68400,-2,332808,176000,143000,150900,165000,89000,101000,104000,101000,128000
3381,1,50000,3,1,50000,45000,76,82,79141,60000,75001,75001,33300,31000,33000,25750,30000,33000,40100,40100,40100,40000,45000,49550,90500,150500,130500,150000,125000,125020,100000,78000,80000,150000,200000
3382,1,25000,3,1,25000,18000,59,70,77607,30000,-2,60000,60000,50000,60000,100001,56300,48600,81000,87000,839078,-5,-5,-5,-5,-5,-5,-5,-5,-5,-5,-5,-5,-5,-5
3383,5,25000,3,2,25000,18000,67,62,68563,20000,-2,60000,67000,50000,60000,-1,-5,-2,-5,-5,-5,-5,-5,-5,-5,-5,-5,-5,-5,-5,-5,-5,-5,-5,-5
3384,5,40000,3,2,40000,38000,64,54,66224,41000,15000,25900,30750,40200,58000,59200,55400,90200,-5,-5,-5,-5,-5,-5,-5,-5,-5,-5,-5,-5,-5,-5,-5,-5,-5
3385,1,40000,3,1,40000,38000,72,73,86301,41000,-2,35000,16000,30100,33500,-2,32200,42400,30200,31500,35000,37100,38000,82100,-2,-1,-1,-1,-1,-1,-1,-1,179000,-1,-3
3386,5,40000,3,2,40000,38000,19,22,34209,41000,15000,5000,4718,4132,15000,25000,20000,1057448,-2,-5,75000,19000,57000,-2,-5,-5,-5,-5,-5,-5,-5,-5,-5,-5,-5
3387,7,28000,2,2,28000,28000,66,70,65907,8050,24000,25778,20600,23186,27209,2045,10570,30060,26240,28720,27610,27226,-2,72560,86010,45010,39840,51550,48050,62213,62035,102001,76003,81010,193000
3388,3,28000,2,1,28000,28000,79,96,98970,35000,30000,20000,30000,32000,31000,32150,7075,23220,54532,25610,32700,27000,20030,-5,-5,-5,-5,-5,-5,-5,-5,-5,-5,-5,-5
3389,1,15000,3,1,15000,20000,79,81,72590,18500,28000,16000,27000,32000,44100,40000,64000,-2,66000,70000,56000,68000,65000,71300,-5,80000,43000,62000,72000,-5,56400,114000,-1,127000,165000
3390,3,50000,2,1,50000,5400,93,88,80348,4500,4400,10300,12500,75000,20000,-2,48003,22000,49000,53040,35480,36000,36000,34500,41500,60000,76000,73700,80300,79000,69548,84000,90000,93000,96000
3391,3,30000,2,1,30000,35000,95,99,100000,37000,34000,3100,34000,45000,42000,20000,10000,11005,35538,35050,33942,36840,47540,51065,55400,74000,97200,98131,60157,65058,81001,94003,99803,101010,85366
3392,3,26000,2,1,26000,11000,32,39,33465,1000,40000,-1,1700,45000,50000,-5,-2,-2,33380,15000,-2,-2,-2,-1,-2,32000,45000,-2,51000,45000,-2,-2,-2,-1,-3
3393,7,40000,2,2,40000,43000,22,23,27639,50000,68000,-2,40000,-2,40000,300,-2,29600,-2,13500,17000,22750,27000,56700,60000,69000,63000,85000,65000,85000,89000,32000,30500,32880,45000
3394,3,35000,2,1,35000,-3,69,59,65826,40000,55000,-1,50000,18600,90000,-2,65000,-2,80500,95000,98000,160097,189918,-2,-2,158000,174000,165000,181000,207000,124555,160400,152200,155600,-5
3395,2,10000,3,1,10000,12179,55,63,75491,12000,21000,26000,20000,22000,22000,24200,29200,32300,31800,159805,95000,86586,42480,-5,-5,-5,-5,-5,-5,-5,-5,-5,-5,-5,-5
3396,1,25000,3,1,25000,25000,83,81,84632,28000,37000,4610,-5,-5,-5,-5,-2,-2,-5,-5,-5,-5,-5,-5,-5,-5,-5,-5,-5,-5,-5,-5,-5,-5,-5
3397,5,25000,3,2,25000,25000,38,39,48483,28000,37000,44900,-5,-2,34800,37600,50000,50000,60100,51600,-2,52200,-2,-2,-2,-2,103000,108000,123000,138000,139000,-5,-5,-5,-5
3398,1,-2,3,1,-2,20000,49,42,54253,-3,25000,15000,-2,21000,-2,70000,41500,53200,51500,58700,54500,52700,58000,68200,70000,-5,-5,-5,-5,-5,-5,-5,-5,-5,-5
3399,1,-2,3,1,-2,50000,87,84,80288,6063,20168,20000,-2,24272,20130,40040,45640,48800,38000,42000,44250,44100,48300,46000,68000,60100,83000,96000,144000,113420,14674,61016,15534,12600,12540
3400,1,-2,3,1,-2,20000,17,26,16139,-3,25000,20476,-2,33200,-2,57000,42100,-2,-2,32000,42500,28000,46000,42000,45000,101272,76228,75000,7500,107000,110450,-2,50000,-5,62990
3401,1,33000,3,1,33000,60000,41,34,35316,-3,20000,-3,20000,32000,65000,36200,45000,38420,36900,39400,29400,34774,42800,45500,70000,49200,66000,75000,72000,78000,53000,51188,45000,-2,103000
3402,5,33000,3,2,33000,35000,63,55,65213,-3,20000,27000,39210,30000,37000,25824,18050,37900,51000,57550,51250,67200,61500,69570,61000,99050,78000,65000,100000,110050,109000,123000,135000,140000,152500
3403,1,5000,3,1,5000,20000,51,48,52847,30000,50000,58313,75001,25400,61000,-2,-5,-5,146942,159805,839078,99000,91500,974100,146000,-5,-5,-5,-2,-2,150000,209000,-2,156000,-5
3404,1,19000,3,1,19000,30000,89,87,89713,40000,-2,34363,46000,-2,20000,-2,43550,45040,45050,45100,41100,38801,50000,60000,-5,-5,-5,-5,-5,-5,-5,-5,-5,-5,-5
3405,1,19000,3,1,19000,24058,89,84,95206,30000,-2,2550,30000,25000,12800,11150,22350,25795,38505,53170,49350,67000,75050,22025,56000,69025,84050,35000,78500,84500,41860,82000,110010,85000,194000
3406,5,35000,3,2,35000,37000,64,72,87896,27000,38000,22000,10600,11000,35000,9000,17300,20000,13860,13000,14500,20300,20300,23800,25000,40000,31000,33800,38500,38100,191100,47200,49500,48500,48000
3407,5,48000,3,2,48000,25500,-4,-4,-4,38300,40900,24600,25500,28000,30000,33600,34500,35500,37950,36600,37400,44000,49700,53200,63000,79000,84000,90000,108000,-1,83000,-5,-5,-5,-5
3408,5,26000,3,2,26000,29000,30,29,25825,22900,23400,42700,40000,39500,49000,-2,72060,51500,39200,-2,75000,-2,90000,-5,-5,-5,-5,-5,-5,-5,-5,-5,-5,-5,-5
3409,5,24000,3,2,24000,30000,59,55,62361,23000,26000,-2,14700,-2,44550,40550,48060,55080,-5,-5,-5,-5,-5,-5,-5,-5,-5,-5,-5,-5,-5,-5,-5,-5,-5
3410,1,40000,3,1,40000,50000,75,75,73196,50000,75000,58200,75001,100000,55000,38300,25000,24500,21800,32000,12400,15000,25000,50500,73000,87000,106000,118000,103000,144200,128200,127000,150000,142000,140000
3411,5,2000,3,2,2000,-3,49,55,86623,18000,-1,-3,-2,-5,-2,98000,-5,-3,56010,42950,43000,40500,40000,52300,90000,100000,-5,-5,-5,-5,-5,-5,-5,-5,-5
3412,5,-2,3,2,-2,-5,-4,-4,-5,-5,-5,26000,-2,-2,-2,-2,37166,38100,48075,45010,40917,48000,-2,-2,66000,47200,-1,2562,2000,17000,14000,-5,-5,-5,-5
3413,5,-4,3,2,27500,40129,90,87,73678,37700,36650,37500,37800,39300,39700,41700,43200,42300,47100,47500,53750,52200,53400,66000,75000,142500,98000,106619,110500,120200,142000,136200,-5,-5,-5
3414,1,44000,3,1,44000,-3,65,59,52758,70000,25000,26500,29100,27400,38560,37000,35100,45025,40200,47200,47200,62050,67000,72900,-2,100000,114000,-5,-5,-5,-5,-5,-5,-5,-5
3415,1,44000,3,1,44000,48000,38,42,40203,-3,14000,-2,-2,-5,7000,-5,-5,-5,-5,-5,-5,-5,-5,-5,-5,-5,-5,-5,-5,-5,-5,-5,-5,-5,-5
3416,5,15000,3,2,15000,6000,57,40,41012,-3,5521,19000,12000,15000,22000,51000,-2,28000,-2,46012,-5,46025,-2,-5,125000,114000,111000,110000,101000,184680,116150,90400,77000,75000,95000
3417,1,15000,3,1,15000,-3,42,33,41461,-3,20000,20000,23000,-5,-2,21200,12000,8000,38000,-2,8000,51000,10000,8191,8520,35000,0,0,8000,260,4500,4752,0,0,0
3418,5,15000,3,2,15000,-3,37,29,46630,-3,20000,20000,-2,14603,44100,43000,-2,-2,-3,-2,-2,-2,189918,-2,-2,22400,75500,60000,72000,71000,72600,51000,50000,135000,-3
3419,5,20000,3,2,20000,35000,42,51,41650,67000,73000,15040,-2,19800,21650,26000,30000,28950,-5,40400,839078,70240,76980,73980,110000,145000,-5,-5,-5,-5,114000,165000,106000,76610,56360
3420,1,40000,3,1,40000,40000,65,84,76206,75001,6000,12000,10000,70000,50000,15004,25000,31000,35200,33050,30000,40000,50000,37200,-2,56000,60212,70000,72000,72000,70000,85000,76000,77000,120000
3421,5,35000,3,2,35000,-3,54,64,77549,18075,13850,19900,30000,32250,34265,66300,25300,42020,30000,27011,25610,20500,28520,34100,47000,53100,125094,108400,105100,107600,96000,110000,21515,60000,64000
3422,5,35000,3,2,35000,35000,55,67,75246,40000,45000,48000,56300,55000,6700,23300,25850,26950,38000,37500,40400,41500,44000,53000,54000,4500,83900,93315,92200,98500,123000,136000,132000,145000,95000
3423,5,25000,3,2,25000,18880,93,90,89754,30000,25000,20000,35000,-2,36075,20100,47200,55500,60500,50200,25050,35100,35500,2000,75600,104900,100300,112050,42000,40000,46000,47000,39400,48800,42000
3424,5,4000,3,2,4000,21000,93,89,86745,17000,-2,26600,28754,-2,-2,-2,52700,55500,41700,30620,79050,80030,31750,-2,-2,31720,37200,38560,91250,108550,86200,86050,111000,124100,-5
3425,1,4000,3,1,4000,21000,74,73,79069,17000,25000,-2,35000,-2,-2,65165,-2,26135,26000,99100,91900,33540,32000,58050,59440,30500,88400,-5,77300,88000,-5,-5,-5,-5,-5
3426,5,-1,3,2,-1,35000,86,87,93457,-3,-2,-2,45000,85000,32200,60600,66100,82300,90000,90800,75200,75000,73010,120100,244343,200,390662,408473,258550,454737,155500,214000,595986,922631,766958
3427,5,-1,3,2,-1,45000,88,87,91975,45000,60000,-2,-2,-5,-5,-5,-5,-5,-5,-5,-5,-5,-5,-5,-5,-5,-5,-5,-5,-5,-5,-5,-5,-5,-5
3428,5,53000,3,2,53000,65000,99,97,96365,53000,27631,60107,65400,74272,58967,57363,60100,75200,63000,159805,839078,86162,88350,102959,244343,-2,390662,408473,479983,173000,179970,243000,94900,283000,133800
3429,5,-4,3,2,6100,25324,98,93,84702,24600,26000,27000,23000,33000,16500,-2,12400,18050,17980,-2,50350,77000,78328,89000,96000,89000,-2,184000,200700,231200,256200,250,253500,922631,383500
3430,5,53000,3,2,53000,65000,99,99,98418,53000,63000,42771,-2,-2,50500,52000,51000,40500,60300,40700,48176,-2,43000,-2,73000,45100,74000,65000,66000,80050,80000,62000,0,39000,68200
3431,1,50000,3,1,50000,65000,89,99,100000,53000,-2,70000,75001,80000,27075,41100,38100,46100,51000,60375,52050,60000,64000,67000,95000,115000,105050,109000,210100,210200,80100,230100,182000,280000,240020
3432,5,30000,3,2,30000,30000,96,95,92486,35000,33188,-2,45000,34000,42203,12146,-3,16505,26520,24505,54050,50325,49020,53005,80825,79015,93005,78828,100083,113000,102000,153000,117000,136604,155000
3433,5,60000,3,2,60000,60000,93,84,68906,75001,75000,52020,40200,52250,90600,-2,82600,87000,95750,77000,-2,91000,81000,91000,140000,125000,390662,-2,-2,-2,-2,497763,-2,-2,-3
3434,8,-3,1,2,-3,16000,44,37,27003,14000,13000,15000,5000,9000,2533,18000,23000,25000,-2,71030,82200,160097,79100,160084,-2,160150,170000,-2,479983,267000,263000,260000,-1,116200,-5
3435,8,-4,1,2,-2,4000,1,1,131,27000,-2,-3,-2,-2,-2,10800,19000,-2,11000,0,-2,-2,3192,-2,10400,-5,-5,14000,18000,20000,22000,12792,18720,18000,19440
3436,8,10000,1,2,10000,4000,1,1,0,27000,-2,-2,-2,-2,14016,-3,0,10000,-5,200,-3,-2,-5,-2,550,-2,23340,-2,26000,-2,3000,-2,23000,-2,24000
3437,4,10000,1,1,10000,4000,1,1,0,27000,-2,-2,-2,9000,-2,-5,-5,9000,-5,-3,18500,-2,42000,20000,-5,-5,-5,-5,-5,-5,-5,-5,-5,-5,-5
3438,8,1000,1,2,1000,4000,1,1,0,27000,-2,-2,10400,12102,-2,-2,-5,23000,-2,-3,30000,38000,32650,-5,50000,47000,22000,-2,48188,47000,-2,21000,27000,22148,28000
3439,1,-1,3,1,-1,26000,48,47,55549,-3,20000,21550,-1,35000,-5,-5,-5,-5,-5,-5,-5,-5,-5,-5,-5,-5,-5,-5,-5,-5,-5,-5,-5,-5,-5
3440,1,4000,3,1,4000,4800,19,15,12346,2500,7525,22000,24134,21117,15000,21500,21520,29000,23250,23000,65000,77890,37000,37000,-2,47000,-2,-2,65800,93000,114000,95000,96000,106000,113000
3441,1,-3,3,1,-3,4800,19,15,15622,2500,9132,9680,12400,22900,16032,9000,13000,17000,-5,6000,5600,6000,17000,14000,23000,27000,31000,35000,36000,34400,0,29400,28120,15240,15600
3442,5,20000,3,2,20000,27000,88,93,95099,27000,32000,3900,10320,11000,42600,47600,51800,76900,42500,48500,38500,38600,52500,59500,54000,56000,72300,-5,-5,-5,-5,-5,-5,-5,-5
3443,1,20000,3,1,20000,27000,90,95,95575,29000,50000,-3,65000,52000,65000,-2,15100,-5,-5,-5,-5,-5,-5,-5,-5,-5,-5,-5,-5,-5,-5,-5,-5,-5,-5
3444,5,-4,3,2,9300,8420,28,25,25156,13700,18400,28360,30320,35580,44120,44000,50000,53015,55310,57000,50000,87000,41197,72500,-5,13000,12850,32164,19200,23587,-2,13560,21060,-2,70952
3445,5,-4,3,2,-2,18650,82,75,70650,71000,-2,22450,24500,25500,32800,12200,22505,-2,-2,51099,-2,-2,37432,29500,84000,-2,92500,-2,113854,-2,-2,132520,82740,139316,-3
3446,5,-4,3,2,8820,-3,53,48,34824,2307,1152,16722,10350,8469,2400,11400,10700,38005,4516,7710,16200,14000,19331,8844,2500,24200,43104,-5,-5,-5,-5,-5,-5,-5,-5
3447,7,-4,2,2,12500,11900,5,6,8376,11220,6000,7276,36948,17100,23400,-2,35100,100000,35200,43400,37490,68000,189918,84400,77400,65200,30600,216800,18000,42180,-5,36000,-2,-5,102000
3448,5,-4,3,2,6400,-5,-4,-4,-5,-5,-5,-5,25000,-5,25400,26000,31500,30000,32000,39000,38800,38000,-2,0,17800,-2,-5,-5,-5,-5,-5,-5,-5,-5,-5
3449,1,75001,3,1,75001,-5,-4,-4,-5,-5,-1,-2,-5,-5,-5,60000,-5,-5,-5,-5,-5,-5,-5,-5,-5,-5,-5,-5,110000,-2,0,-5,-5,-5,106208
3450,1,75001,3,1,75001,75001,-4,-4,-4,75001,-2,75001,-5,-1,-5,-5,-1,-1,-2,-1,-2,-1,-1,-5,125000,-1,185000,145000,-5,-5,-5,-5,-5,0,245000
3451,5,42500,3,2,42500,40000,-4,-4,-4,75001,75001,-2,-2,80000,80000,100001,-5,38550,36300,51060,50300,50100,57100,-5,-2,-5,-5,-5,55600,51000,59200,58400,106000,170000,220000
3452,5,24000,3,2,24000,25000,41,35,44827,28000,6025,50000,-2,35000,50000,57100,39000,38800,55500,39700,31700,34300,46200,97000,32100,10200,48000,45976,68000,47015,24000,33520,0,55500,78000
3453,1,27500,3,1,27500,27000,16,22,28581,23000,26000,30000,12400,17000,21500,22000,42000,42344,60830,55000,34400,34000,43000,47100,54500,50000,83500,78500,93250,70000,57000,70600,70000,75000,95000
3454,5,59000,3,2,59000,-5,-4,-4,-5,-5,-5,-5,7400,19000,20100,19000,27000,26600,41700,100000,96600,25030,90000,-5,10200,-5,55000,134000,35000,160000,180000,-2,90012,66000,77600
3455,1,25000,3,1,25000,-3,64,67,63061,60000,65000,70000,64870,75000,52500,47000,34800,32200,40900,43400,37400,33000,42300,50600,56000,63400,30540,56700,61600,66000,-5,-5,-5,-5,-5
3456,5,25000,3,2,25000,-5,30,37,39194,10000,4100,11000,10500,11000,75000,15000,-2,15000,57000,58200,53000,70400,-2,-2,70000,-2,-5,107000,75000,105000,110000,120000,122432,12684,62455
3457,5,25000,3,2,25000,40000,19,14,14135,60000,65000,73200,62000,78000,70000,29000,39000,62000,66010,81000,46000,-2,33000,16000,18000,23000,26400,26000,26000,26000,26000,120000,134000,53200,107400
3458,5,25000,3,2,25000,40000,23,21,25830,60000,65000,73200,62000,75000,70000,21000,34700,11814,42000,39017,45500,50936,50940,52000,62000,71000,52952,66967,66000,60000,41700,99000,109000,100000,110488
3459,5,20000,3,2,20000,23000,65,72,83153,25000,-2,20000,-2,25556,-2,37200,41500,45050,-2,58000,56050,-5,-2,55050,-2,-2,300,33200,76050,-2,95340,57515,98300,92000,110000
3460,1,20000,3,1,20000,23000,17,16,22708,25000,12000,30800,-2,-2,-2,-2,34600,-2,-2,56020,-2,20000,-2,28500,33520,36750,-2,56000,34200,0,-2,14700,16800,1552,-5
3461,1,24000,3,1,24000,32000,79,92,88411,38000,11750,36000,24500,30015,32040,32030,30020,31550,48040,54000,55000,52000,56000,35000,43200,50000,56000,65000,-5,66200,78000,50600,50000,0,65000
3462,1,24000,3,1,24000,28000,45,42,47612,38000,45000,34225,40000,40000,27000,65000,-2,-5,30069,56050,55000,-2,-2,72000,73000,-2,-5,-5,-5,-5,-5,-5,-5,-5,-5
3463,1,24000,3,1,24000,32000,42,47,63241,38000,45000,27226,40000,40000,30000,60000,2500,70400,21000,62000,20300,-1,-2,-5,55200,51000,71000,45000,57000,60300,70200,77000,99000,140000,98000
3464,1,20000,3,1,20000,-3,81,93,96279,4800,56000,-2,64000,-2,27500,28000,28520,28050,32100,40100,32100,32000,34100,40200,35050,36050,68000,84100,156000,160000,157000,190000,150000,175000,100000
3465,5,20000,3,2,20000,28000,78,75,82154,48000,55000,74000,64000,18377,20000,47000,33020,32640,34500,35147,46000,43400,38000,39500,75000,12100,77300,81000,107000,51700,48000,60000,55000,50000,60000
3466,1,20000,3,1,20000,28000,65,73,88224,43000,56000,64420,64000,-2,100000,77200,-3,62890,30030,30200,30700,33300,33690,45650,17900,78037,77200,93091,100000,144000,127000,161075,141000,146000,152500
3467,5,40000,3,2,40000,70000,35,42,43428,20000,31500,29800,30668,34700,44100,42100,51000,53400,35300,37400,41400,44300,43100,44175,60350,85402,79000,100125,109532,115400,-2,122006,130550,141696,141940
3468,1,60000,3,1,60000,70000,88,96,94705,40000,40000,45800,45000,60000,62000,64650,39500,30400,27300,28600,24000,38400,31700,40500,31600,39700,46400,43300,73200,84200,87300,80000,89000,106050,111500
3469,5,15000,3,2,15000,18000,92,93,97109,20000,22000,17000,18000,15000,12000,15650,29500,30150,38700,47200,56600,57900,54800,63300,57158,65700,79300,80800,85100,88500,97073,95967,117700,98000,112060
3470,1,17000,3,1,17000,32075,53,42,49625,32150,29400,29270,35840,27000,25000,43200,50200,80300,47100,92125,52200,55000,-2,-2,-2,-2,108000,110000,-5,-5,-5,-5,-5,-5,-5
3471,1,17000,3,1,17000,16000,20,21,18838,28000,9030,27684,27500,31100,34050,-2,46900,31500,37000,38504,37500,-2,38040,49070,98200,332808,60000,56420,80000,-2,23000,90000,131000,190000,-5
3472,1,-1,3,1,-1,70000,58,56,58518,40000,71000,24560,23001,26600,25300,30400,39000,43300,56300,60000,74000,89000,91000,107000,150000,130000,135000,172000,-5,-5,-5,-5,-5,-5,-5
3473,1,-1,3,1,-1,50000,42,35,30285,40000,71000,75001,50000,70000,80000,58000,80150,85050,-3,87075,839078,160097,189918,123200,127000,110000,140000,138000,159000,160000,177022,194000,190000,236120,208000
3474,1,-3,3,1,-3,50000,22,16,12607,40000,71000,75001,35024,50410,47000,62475,43100,57100,67600,59300,59500,70000,67300,73000,106000,112000,127700,-5,-5,-5,-5,140000,103000,130000,140000
3475,5,-4,3,2,2000,1500,14,15,18263,15400,20060,15912,16942,23600,-2,-2,-2,35200,44000,46030,37100,40950,-2,69000,65000,72700,97000,86000,95000,97000,88960,66330,41000,18000,22340
3476,5,18000,3,2,18000,25000,26,29,33828,4195,-2,14900,41000,35000,5755,16188,14908,17000,33600,50000,47260,35700,88000,70900,73160,70000,78000,86500,100000,110000,115000,123500,105000,127205,120000
3477,5,17000,3,2,17000,0,49,57,63210,1615,19000,1144,4136,3959,4605,10185,10230,12460,9700,6859,9490,-3,-5,2240,-5,19560,-5,19400,18520,16567,19396,-5,2220,4008,-3
3478,1,34000,3,1,34000,-5,58,51,43424,15000,21000,13312,19437,19020,20000,22000,24000,26000,79000,47000,30188,25000,45000,38500,-5,-5,-5,-5,-5,-5,-5,-5,-5,-5,-5
3479,1,34000,3,1,34000,30000,28,29,39476,38000,51000,-2,11150,17432,26320,26486,39669,39940,-2,45080,51500,70800,-2,85340,130000,101000,89000,112000,80450,91200,-2,135000,185000,160200,145000
3480,5,20000,3,2,20000,20000,29,32,25652,-3,26800,29054,25250,40000,37000,45000,49000,40600,-2,43500,35000,47000,39000,35675,40000,-5,-5,-5,-5,-5,-5,-5,-5,-5,-5
3481,5,-4,3,2,15500,19000,79,70,65371,17641,25000,35000,37020,42030,41520,44425,50520,50100,50025,50050,54040,62000,60000,60050,70030,77000,87000,82660,86000,82418,83000,-2,95000,-2,100000
3482,1,17000,3,1,17000,-3,17,18,14447,50000,-2,-2,-2,35000,30100,50000,30786,24100,20080,33033,19830,15880,42050,47100,-2,66000,80400,77000,97050,98000,67130,110200,102000,107000,97000
3483,1,-2,3,1,-2,-3,14,19,23172,-3,-2,-2,-2,21000,-2,41644,-2,64280,-2,-2,-2,-2,-2,-2,60,100000,42500,144500,66000,62000,126500,59000,130000,45500,120000
3484,1,-2,3,1,-2,-3,6,7,5647,-3,-2,-2,-2,21000,-2,13388,-2,-2,-2,-2,-2,-2,20925,25080,23928,-2,-2,-5,-5,-5,-5,-5,-5,-5,-5
3485,5,24500,3,2,24500,28000,94,93,93419,35000,-2,-2,6000,65000,50000,79720,32968,31036,39700,-2,30500,38400,37050,56300,-5,-5,-5,-2,0,108320,-5,-5,-5,-5,-5
3486,5,28000,3,2,28000,25000,89,82,83037,-3,-2,37575,28050,-5,-2,54500,-5,69000,-2,-2,-2,65000,-2,78000,-2,-5,-5,66000,-5,85000,-2,193500,159600,130400,-3
3487,5,28000,3,2,28000,40440,41,33,34632,35000,30400,-2,13000,23000,34050,-2,-2,53600,43200,8000,-2,56396,-2,92140,84200,-2,-5,91400,115900,113179,-5,142015,126000,82000,125000
3488,5,28000,3,2,28000,34000,65,55,53699,40000,10006,12029,-2,-2,-5,-1,47760,45200,53500,52275,50550,45500,-5,-5,62000,81000,-5,-5,-5,-2,-5,-5,-5,-5,-5
3489,1,16000,3,1,16000,30000,48,46,49900,19000,-2,-2,24400,-2,26800,29700,74500,78000,146942,91200,66500,89500,74700,100000,-5,-5,-1,-5,-5,-5,0,162000,284500,129600,173928
3490,1,-4,3,1,-2,-5,-4,-4,-5,-5,-5,-5,-5,-5,-5,-5,-5,-5,-5,-5,-5,-5,-5,-5,-5,-5,-5,-5,-5,-5,-5,-5,-5,-5,-5
3491,5,30000,3,2,30000,51000,26,22,21083,5600,23000,26500,11516,33050,34577,28600,35000,42360,47530,43040,33100,28550,35050,33100,61020,52600,63020,-2,81000,-5,92046,112500,81000,115400,162000
3492,1,9713,3,1,9713,6000,45,54,66416,9000,3000,14300,9600,12000,14000,-2,-2,-2,34000,46092,46500,53400,40000,53000,49300,50900,40000,-2,47000,50400,50000,59000,63000,142000,176000
3493,1,-4,3,1,15800,17000,63,62,56788,16200,48000,18000,6800,17000,19400,24000,26500,26200,29000,34800,32000,35500,35000,69000,152000,58000,84000,56200,60000,70000,130000,97000,92000,98000,-3
3494,1,-4,3,1,33040,30580,60,58,51167,17884,-2,16000,11855,33010,52000,48070,45075,48900,49910,45650,47480,-2,-2,82520,93050,126000,125000,149000,142000,200000,-2,105000,80000,90000,-3
3495,1,-4,3,1,16000,20000,45,48,36121,19600,21280,25139,15600,11524,16516,15900,17000,32100,41400,45500,44500,47600,51700,58500,70500,66000,70000,82000,100000,102000,-2,107015,31000,71672,83000
3496,5,22000,3,2,22000,40000,75,62,63829,37000,8401,34800,42800,37000,36000,40100,53000,57800,57700,66200,75200,86200,97000,78000,100000,110000,112000,128000,139000,152000,159400,169191,206000,285000,269484
3497,1,26000,3,1,26000,40000,72,84,91675,37000,38000,42000,47000,8250,-2,26000,-2,35225,42400,42020,43050,21970,48500,42100,63000,90000,97000,112000,122000,141000,167000,179500,187000,223000,189000
3498,5,37000,3,2,37000,-3,18,22,22579,-3,-2,-5,500,-2,3000,20200,100001,31000,-2,25620,27248,-2,24700,24800,-2,-2,-5,-5,-5,-5,-5,-5,-5,-5,-5
3499,1,-4,3,1,11050,-5,-4,-4,-4,26000,13000,-5,-5,-5,-5,-5,-5,-5,-5,-5,-5,-5,60000,974100,90000,105000,160000,110000,-5,150000,200000,-5,-5,-5,-5
3500,8,-4,1,2,16000,18700,75,71,55835,35000,40000,41000,48000,100001,100001,100001,-5,1057448,146942,159805,-2,67000,70000,68000,-5,-5,-5,-5,-5,-5,-5,-5,-5,-5,-5
3501,5,-4,3,2,17800,22080,42,29,22447,16478,17460,19100,21618,15000,13501,11200,-2,26200,11000,19400,19800,-2,9383,-2,-5,-5,-5,-5,-5,-5,-5,-5,-5,-5,-5
3502,8,-4,1,2,23904,26900,53,47,43096,13814,37640,35300,37300,44200,47200,45780,51500,52800,57500,61100,76000,74350,73500,72500,89500,95800,105000,104335,126000,139487,150468,100600,46500,78320,156881
3503,1,-4,3,1,17000,18000,85,67,56814,20575,21040,23225,24000,25000,-2,29090,31120,39550,45100,45100,46150,47200,48100,54250,60000,55880,68100,90000,88200,-5,-5,-5,-5,-5,-5
3504,5,-4,3,2,18000,28572,44,48,37546,32080,25050,75001,20800,24150,-5,-5,-5,-5,-5,-5,-5,-5,-5,-5,-5,-5,-5,-5,-5,-5,-5,-5,-5,-5,-5
3505,5,34000,3,2,34000,45000,69,54,56313,55000,13487,17500,20000,21900,23000,27000,29100,-2,44500,45000,-5,-5,-5,-5,115024,-2,123711,-2,123000,181300,124200,178064,-5,158000,169544
3506,5,34000,3,2,34000,45000,75,78,79063,57000,6600,2030,5320,12000,49150,48300,35500,58300,63600,60500,50400,48800,45900,51200,58800,74300,8000,82500,104000,108000,109300,134300,148500,149400,175900
3507,1,34000,3,1,34000,45000,71,69,75331,57000,60000,2015,3820,7025,21025,48620,28250,31500,36200,34010,36004,36500,37500,46027,38200,55100,-5,-5,-5,-5,-5,-5,-5,-5,-5
3508,5,20000,3,2,20000,28500,22,20,21706,32000,30000,50000,44000,65000,70000,-2,-2,-2,46000,55040,-2,-2,-2,42000,52872,-5,140000,75302,58000,56000,91645,62540,57000,-1,-3
3509,1,30000,3,1,30000,720,-4,-4,-4,4000,-2,7500,42707,28010,27000,20800,35000,38100,-2,38150,-2,40000,40150,78000,48000,67000,83260,50000,120000,100000,70000,60000,67000,84000,80000
3510,1,12000,3,1,12000,21000,16,18,18559,24000,29000,36200,34500,-5,-5,-5,-5,-5,-5,-5,-5,-5,-5,-5,-5,-5,-5,-5,-5,-5,-5,-5,-5,-5,-5
3511,5,20000,3,2,20000,21000,79,75,81893,30000,32000,26600,33915,46100,-2,69640,34520,43450,-3,56160,34100,38000,65439,-2,54100,64100,61100,50000,56000,98000,39405,40000,-5,-5,-5
3512,5,18500,3,2,18500,17800,20,15,19351,26750,26000,32000,32000,40000,-2,52000,48000,13000,13060,16000,21010,23000,30200,30100,68350,71100,83070,94000,48200,50300,52020,64500,94000,95020,-3
3513,1,23000,3,1,23000,27000,30,25,18312,34000,31500,30000,39000,17700,22350,22000,32000,24000,-2,23000,21380,24000,26010,24020,24000,-1,28000,26000,27000,30000,34162,34000,40000,40000,48000
3514,5,62000,3,2,62000,75001,68,65,74184,35000,60000,13500,19700,17000,21800,43000,43100,38800,40000,49100,19000,45200,41000,52000,49000,35000,-5,-5,59600,82000,29132,9600,43912,31000,32000
3515,1,-4,3,1,3526,27500,98,98,99396,51000,23050,25200,26300,48350,50600,58750,56300,49000,50600,49100,53800,56900,62400,66600,90700,90100,113000,112000,129600,137900,145600,160500,103000,54000,61180
3516,1,20000,3,1,20000,20000,30,22,26619,30000,30000,47000,63000,20500,28670,40000,21100,26000,20000,34500,29000,23000,16000,36000,37350,30000,40000,49000,35000,25000,66000,64000,102000,65300,66000
3517,1,20000,3,1,20000,20000,35,30,44921,30000,30000,47000,63000,23050,30000,-5,-5,-5,0,-1,-3,-1,-5,0,0,0,-1,-5,-5,-5,-5,-5,-5,-5,-5
3518,5,-4,3,2,17296,9000,39,34,23609,10000,13000,14769,21415,27782,21441,22000,17290,23800,35360,38000,46304,-3,-5,41000,-5,-5,36200,28000,-5,44472,48700,-5,-5,-5,-5
3519,5,29000,3,2,29000,25000,5,4,5699,-3,-2,-2,-2,68000,-2,-2,6000,-2,25000,11500,-2,55200,54000,90000,59000,140000,-2,-5,-5,-2,69000,19000,60128,-2,-5
3520,1,29800,3,1,29800,25000,27,29,33591,-3,-2,-2,6200,68000,13000,17000,21060,23780,-2,26500,28500,35000,28000,39000,45000,69000,78000,-5,-5,-5,-5,101000,103000,105000,120000
3521,1,29800,3,1,29800,25000,31,37,40802,-3,-2,7020,12771,13800,14000,-2,35000,43000,49000,58000,57000,63000,64500,48000,60000,21200,42000,40000,44000,45000,16000,18000,25000,30000,-3
3522,5,17000,3,2,17000,-3,10,10,13607,-3,27000,25000,-2,35000,50000,25500,43510,41300,69500,9000,11000,15500,30577,48000,55000,165000,86300,65500,67050,120500,152500,100000,80000,3000,45000
3523,5,-2,3,2,-2,16000,49,52,61807,-3,-2,6942,5424,11000,19600,-2,30000,1057448,25000,26000,29025,32525,36000,38000,42759,41000,52000,74015,66554,78000,72222,79811,89398,106293,96579
3524,5,10000,3,2,10000,-3,26,26,27020,-3,-2,-2,9000,12600,19200,21500,52010,56500,-3,66000,75000,76000,72000,-1,93500,-5,85600,85000,57000,72000,75000,62500,62000,70000,85400
3525,1,27000,3,1,27000,22000,98,98,98118,22000,-2,10728,18150,28700,44500,51000,51000,61300,57000,15400,18000,49450,-5,-5,-5,-5,-5,-5,-5,-5,-5,-5,-5,-5,-5
3526,1,39000,3,1,39000,50000,56,50,36108,22100,-2,24850,14200,-2,20500,20400,23000,27350,-1,-2,-1,-5,-5,-5,-5,-5,-5,-5,-5,-5,-5,-5,-5,-5,-5
3527,5,39000,3,2,39000,50000,57,59,58406,26850,32000,27615,28660,34600,-2,76300,-2,1057448,84000,159805,-3,160097,-2,974100,244343,-2,109000,140100,92800,129000,134000,-2,206500,-5,116000
3528,1,39000,3,1,39000,50000,37,51,44683,35000,-2,-2,-2,-2,-2,20056,44878,52000,79000,-1,839078,160097,94000,86000,98000,-5,100000,-5,-5,-5,-5,-5,-5,-5,-5
3529,1,39000,3,1,39000,50000,39,44,54924,-3,-2,-2,-2,-2,-2,30000,-1,60001,-1,-5,-5,-5,-5,-5,-5,-5,-5,-5,-5,-5,-5,-5,-5,-5,-5
3530,1,34000,3,1,34000,-3,90,94,95493,-3,50000,35000,44500,60000,-2,31200,43300,33000,29250,28000,-2,35000,36740,-2,44030,54975,60035,-2,74750,89000,-2,95000,102000,67000,95000
3531,5,50000,3,2,50000,75001,68,76,65807,29200,46200,48100,20050,21722,21600,48020,34000,27660,29800,44100,28298,73893,38500,47450,45572,44000,42900,68500,127000,100864,-2,56700,181400,922631,766958
3532,5,-4,3,2,-2,3600,65,47,53789,-3,20309,25704,26054,25054,22968,25132,39017,40040,36075,34908,11879,-2,32892,12798,55050,62500,64000,68690,78000,85361,93420,91335,91000,108342,-3
3533,2,17178,3,1,17178,35000,87,86,85393,29000,26000,35000,40500,51060,-2,66750,57700,61000,70900,74900,76000,84050,91000,86750,95000,102000,111500,155000,166000,179500,151000,150500,172000,188200,-5
3534,4,48000,1,1,48000,45000,92,95,89897,55000,11000,23910,27060,18100,49400,66950,67500,71000,80100,159805,839078,43300,54000,115300,125750,-2,-1,-5,-5,-1,-1,-5,165000,-5,-3
3535,8,48000,1,2,48000,47000,96,92,92404,55000,2820,-2,8010,15500,16535,16752,19329,22000,27094,32595,31722,34732,43401,-2,53025,-2,-2,-2,238476,-5,161777,186460,-5,-5,-5
3536,8,48000,1,2,48000,47000,58,59,63329,-3,-2,-2,-2,-2,7026,16030,30225,44600,49500,-2,-5,-1,-1,-2,-2,-2,80000,-1,95280,-5,-5,-5,-5,-5,-5
3537,5,25000,3,2,25000,-3,35,48,38672,-3,-2,-2,-2,-2,13000,25000,34000,30000,39000,38000,36000,41000,47000,44000,59100,20000,94000,79000,79000,120350,97074,100000,114217,169000,111000
3538,3,-4,2,1,23000,27400,69,75,67319,30204,-2,40000,40260,-2,24100,24640,-2,25860,31225,32342,35435,34900,16100,26875,59200,30570,35800,36565,33925,32545,35600,37515,44643,44700,42719
3539,3,10000,2,1,10000,13000,16,11,17587,9000,18375,-5,-2,-2,35000,-5,-2,-2,11184,-2,-2,5000,-2,-2,-5,-2,19000,3600,0,14640,19838,216,58400,17636,13104
3540,3,10000,2,1,10000,15000,28,37,36551,9000,8000,-2,-2,-2,3000,-2,11500,17180,11800,12936,12136,17280,-2,23000,19920,21000,25532,33000,37000,32000,28000,33500,36000,30020,24000
3541,3,6000,2,1,6000,-3,5,6,11028,-3,-2,-2,19745,15600,17000,16000,-5,14000,-2,0,-2,-5,24000,2500,-5,-2,84000,-5,-5,-5,50000,-5,-5,-5,26834
3542,7,-4,2,2,2460,-3,10,11,12436,-3,6696,-2,-2,3800,6818,6220,-5,10628,-2,4000,12000,-1,15000,12000,-1,-5,-5,-5,-5,-5,-5,-2,22000,24000,32000
3543,7,16000,2,2,16000,18000,20,19,29695,19000,20000,22000,25000,28560,31980,6048,45958,-2,14856,15286,16476,19116,15440,12588,15657,0,13256,17429,21000,20164,28000,11100,-2,13113,-5
3544,7,20000,2,2,20000,-3,10,8,5665,-3,30000,-1,-2,3860,2380,2574,5748,6228,7426,-2,-3,9612,-2,7248,18736,14000,39600,26200,18028,7000,2576,200,15660,24960,-3
3545,7,20000,2,2,20000,30000,32,32,40382,30000,22000,29000,5898,7130,14053,16135,42050,52050,55200,51073,50300,68000,65000,-2,-2,94400,47000,46720,31000,31000,51000,-2,39701,38000,48000
3546,7,20000,2,2,20000,30000,36,42,55054,30000,22000,-2,9399,7622,10222,10940,-2,8395,14500,27964,839078,47852,40000,60000,74000,70451,96934,84626,99000,94000,100000,108280,130000,160300,77000
3547,7,21000,2,2,21000,-3,43,41,40401,20200,36142,-2,37388,16500,-2,-2,75000,55700,49200,-2,17500,19948,-2,23600,35200,-2,38830,75000,-1,140244,-2,-2,-5,-5,-5
3548,7,21000,2,2,21000,25000,18,16,23819,20000,24000,26000,14180,8943,-2,1850,4812,8636,6720,9960,7536,7128,-2,23600,8222,-2,-2,43600,44800,-2,-2,45000,40782,45000,-3
3549,5,17000,3,2,17000,15000,26,27,29121,-3,2511,2250,-2,20724,5119,8658,11878,13342,21536,14568,13533,17020,-2,26500,23880,22000,43000,25020,23500,-2,36400,20480,24324,25158,-3
3550,1,15300,3,1,15300,27000,73,64,62616,35800,31000,42000,20300,20000,22000,24090,27503,26247,28600,28402,40850,38010,38187,20,50360,56025,54100,66000,48294,60000,85020,85000,88000,84000,162000
3551,5,15000,3,2,15000,27000,94,92,95741,35800,31000,42000,-2,18000,-2,50573,17350,20700,146942,30075,65200,70800,70378,79200,91800,93500,98000,107000,109500,164500,131000,124200,149000,141000,160800
3552,5,15000,3,2,15000,27000,72,72,83704,35000,31000,42000,-2,-2,39000,-2,-2,-2,17100,46000,47700,52100,57000,58250,62200,65200,76500,87100,78000,80000,86718,92100,94000,116000,112200
3553,1,12000,3,1,12000,14000,77,73,78494,1100,-2,16500,-2,-2,24000,-2,13200,21000,10000,9096,26000,27000,34187,31000,33000,-2,55000,70000,55400,56000,55000,31720,31500,-2,63560
3554,5,12000,3,2,12000,14000,47,44,65232,17000,5215,10957,10980,7898,6291,8414,11326,20812,-2,55794,52100,56000,61900,72596,104080,95965,141500,57700,61827,75792,-2,72840,75050,73507,56479
3555,5,-4,3,2,-2,18072,34,37,30231,19000,6125,900,2080,2500,1500,1920,2000,800,0,0,0,0,-2,1900,-2,-2,88350,-2,92550,60082,66600,78000,78000,86300,111600
3556,5,-4,3,2,-3,32000,39,30,26054,39919,40000,46000,51000,43400,43784,57920,10982,35500,40000,44440,45600,39000,46000,51960,61000,68000,40000,38000,57000,57000,60000,65392,72000,-2,82400
3557,5,18600,3,2,18600,18600,21,27,34815,33000,42300,-2,-2,69000,55000,27005,33332,25342,30700,35400,35397,37000,41000,44000,40000,42000,42946,61000,56000,71000,67000,60000,0,-5,59500
3558,5,18600,3,2,18600,18600,63,58,72743,33000,42300,-2,-2,69000,30175,33000,35330,31100,25700,27040,28360,31715,43000,77200,85510,-2,100300,130300,141090,175300,117000,195250,191000,232400,257550
3559,1,11200,3,1,11200,-3,93,84,83662,19000,27000,18500,35641,49600,-2,27995,-2,-2,-2,16000,16760,16716,35000,44510,32100,42200,50200,56416,66876,70000,34348,-2,-2,114000,77608
3560,5,11200,3,2,11200,-3,78,67,80612,19000,27000,12000,12000,-2,-2,-2,14680,15680,17880,12860,17860,-2,-2,77760,75400,63220,55100,60000,57100,80000,0,62500,85000,78000,121000
3561,1,14000,3,1,14000,9600,2,4,4231,16000,23600,-2,-2,-2,-2,17432,24000,29505,38500,48000,56070,24496,25000,25000,36604,41150,35200,35000,42010,43301,84190,99430,106000,97000,123000
3562,2,22000,3,1,22000,11000,19,17,16231,35000,22500,12700,51542,4449,-3,11000,15965,26000,25500,32000,29332,24568,21000,26000,24000,15833,15400,12508,7400,14785,-2,7000,14040,-5,-5
3563,2,22000,3,1,22000,11000,19,15,25734,35000,22500,13684,45000,20527,19850,24600,28814,33405,38440,31500,42087,42888,38000,50012,48721,61000,43011,36580,56000,76000,55624,54000,76369,67000,70000
3564,6,22000,3,2,22000,-3,25,17,12964,6708,6700,22000,3500,10571,12506,12500,-2,14000,55200,52448,57600,26100,29650,30000,38000,40000,35383,42000,45200,84672,-2,36000,127200,64512,85944
3565,5,-4,3,2,13500,9430,85,84,84823,16124,14662,13605,14547,28882,28200,31155,32700,17300,19600,22820,20000,20092,23340,24000,29000,33510,36500,42100,39000,-5,-5,-5,-5,-5,-5
3566,5,-4,3,2,18550,22040,70,61,46411,21000,20380,20116,23395,22216,21200,20500,22400,-3,39800,43000,45000,47000,46920,54025,-2,-5,-5,-5,85050,70400,65000,72000,62000,70000,65000
3567,1,21684,3,1,21684,-3,73,72,62489,17367,19242,20121,22005,25027,24616,24100,27191,28670,22565,34398,29023,24807,31464,-2,32717,-2,-2,25156,18120,13202,18005,18012,19237,19378,19223
3568,5,21684,3,2,21684,18000,43,35,29205,20730,30000,56700,-5,-5,-5,-5,34010,-5,-5,-5,-5,-5,-5,-5,-5,-5,-5,-5,-5,-5,75000,76000,94000,80000,50000
3569,1,21684,3,1,21684,18000,20,16,19175,20730,30000,58000,38624,48000,55000,63750,47500,41100,38500,60400,56600,42200,-2,54600,48160,-2,68000,54000,59245,195527,69672,53000,61000,63000,74096
3570,2,22556,3,1,22556,21056,12,6,4347,20000,27360,35600,38800,8782,1200,16600,27376,25660,28088,29590,34610,-2,54140,58032,43000,47015,51000,56000,62480,75600,78000,78400,79000,84000,88000
3571,2,22556,3,1,22556,21056,14,13,20536,20000,27360,35600,38800,17460,14252,24800,21550,38814,36206,40936,47730,40567,54260,62720,59900,-2,57183,57000,56000,64000,62000,-5,66468,-5,-5
3572,6,22556,3,2,22556,21056,17,13,18677,20000,27360,-2,1510,12843,14408,54300,800,0,35000,40000,39005,37020,35500,43020,53000,51100,67000,62020,54000,50000,-5,-5,-5,-5,-5
3573,5,24000,3,2,24000,30000,99,99,99639,50000,37000,40000,3600,18600,50300,54500,34820,35650,30250,11100,36200,32150,28450,48050,40000,69800,10150,20040,33535,54540,68035,73000,50000,64000,76810
3574,5,24000,3,2,24000,30000,99,99,98092,30000,37000,40000,40000,25000,30000,18450,19200,20150,43200,44150,44100,48400,46000,54300,59800,71700,67150,69000,72080,74250,82000,90080,94200,93200,100700
3575,1,30000,3,1,30000,16500,53,39,28797,22400,28000,28600,27800,24300,28170,28300,28500,30300,35400,35600,35500,41500,37800,39200,54800,50800,40600,48000,59000,67000,73000,75000,65500,70500,77000
3576,5,30000,3,2,30000,17200,59,56,64704,21924,22427,2317,24895,22133,28955,25180,-2,27925,32520,31120,28575,-2,-2,36135,-2,-2,-2,64974,49400,78452,33605,-2,101484,16412,31344
3577,1,30000,3,1,30000,18000,2,2,2051,37300,-3,-2,-5,-5,-5,-5,-5,-5,-5,-5,-5,-5,-5,-5,-5,-5,-5,-5,-5,-5,-5,-5,-5,-5,-5
3578,1,30000,3,1,30000,18000,20,10,17919,37300,-2,-2,-5,-5,-5,-5,-5,-5,-5,-5,-5,-5,-5,-5,-5,-5,-5,-5,-5,-5,59500,88000,94000,95000,81000
3579,1,-4,3,1,32500,16225,67,56,42908,3050,40100,7563,16965,6152,18800,17000,22925,42300,146942,37000,45200,36550,40024,974100,-5,-5,-5,-5,60300,-2,51036,-2,73200,156500,60000
3580,1,18000,3,1,18000,40000,78,71,75229,35000,57500,54000,50000,42000,27000,29424,30081,32591,28650,43990,39700,45030,41650,41966,46150,48400,47000,59000,71000,66000,74900,94800,100000,104000,87000
3581,1,-4,3,1,2000,2659,69,59,55513,3550,4000,22200,26600,47100,54600,58100,64000,69050,59000,69200,73000,72000,65000,71000,85000,118000,110500,139000,154150,167000,173000,185000,200000,212000,236000
3582,1,36000,3,1,36000,44300,83,80,77911,300,3449,3900,50000,40000,13100,45000,55500,58300,73000,69500,77200,78750,80900,95700,107540,166000,210000,194367,241000,237000,261328,497763,230000,256800,256300
3583,1,36000,3,1,36000,44300,99,99,99022,40000,50000,45000,50000,5250,60000,26100,30150,58000,66350,67000,70450,70600,77500,84500,92150,72400,94500,91050,106150,135500,117850,149300,175000,215030,380000
3584,5,19000,3,2,19000,37200,26,22,18188,-3,22043,12550,-2,18710,11320,300,6119,13510,19200,19000,23636,18500,17104,25160,6550,-2,43500,41000,16000,22000,47800,10222,8,-2,10341
3585,1,19000,3,1,19000,21000,98,97,94650,22000,25000,22000,1950,32300,39200,46400,51800,58500,68500,71500,71400,60300,92500,112000,94000,332808,390662,408473,479983,454737,-5,-5,-5,-5,-5
3586,5,7500,3,2,7500,-5,-4,-4,-5,-5,-2,-2,-2,-2,7080,8000,12000,16000,16200,26040,30400,19200,27000,-2,20950,21200,26010,27250,37233,42000,40000,40050,45000,-2,36160
3587,1,12361,3,1,12361,5000,83,79,76091,11000,12300,333,27200,22600,20000,22300,28600,32450,30700,29700,29100,33250,32350,43750,50900,34360,63000,76000,108100,115500,135060,142560,148000,137200,165000
3588,1,12361,3,1,12361,10000,46,65,71155,4212,-2,10065,5100,1600,2510,3500,2600,5900,10000,12512,19000,20000,40000,62010,3034,42235,66010,63100,100200,-2,92000,111400,135250,142500,162000
3589,1,31700,3,1,31700,24000,69,58,51560,21780,26005,9172,30000,33000,34000,32876,30590,32560,30150,40150,42996,44100,39560,38050,40121,47600,65300,159000,70792,70575,74400,60249,80735,79777,76644
3590,1,13500,3,1,13500,-3,94,92,90906,29000,18000,19100,7900,8700,11672,7910,16500,41500,43300,47360,52300,37300,-2,-5,-5,-5,-5,-5,-5,46030,55050,52006,59452,60000,63000
3591,1,21000,3,1,21000,-3,77,70,77562,30000,21010,22245,24472,24312,26011,29110,-2,41998,45653,45330,52190,68022,68130,60441,49200,52825,54329,12343,4471,12600,-2,25716,26961,31560,26402
3592,1,21000,3,1,21000,-3,56,56,61802,30000,9610,30000,46000,42000,24324,23254,21000,22000,27050,35160,38300,36454,36120,40300,41500,30050,46000,54300,69200,79832,65061,52000,77700,74792,84912
3593,1,21000,3,1,21000,-3,69,56,71054,30000,25000,30000,46000,32000,10000,13225,39000,-2,-2,13500,36200,35900,33500,39704,35564,-2,54400,64200,65000,69000,-2,69100,70800,-5,-5
3594,5,-4,3,2,4015,5625,14,31,29377,6580,15494,10126,11822,17244,19000,-2,23040,30050,12050,8000,12000,6938,1714,33857,-2,-2,-2,-2,59500,84400,113274,112100,-2,-2,10000
3595,1,-1,3,1,-1,-3,52,40,40522,27000,-1,-2,-1,-2,-2,18468,19330,21450,27750,30187,-2,40165,41292,35256,37707,42788,39398,37830,479983,454737,-2,200000,150000,922631,230000
3596,1,-1,3,1,-1,-3,40,36,48605,27000,-1,-2,-1,-2,-2,12000,21080,20080,22170,72890,25200,26500,51620,56350,76200,103600,87000,90000,52000,174000,-5,-5,-5,-5,-5
3597,5,27000,3,2,27000,-3,62,66,54584,30000,-2,23000,28034,25738,28312,32100,950,400,34190,32016,35000,34523,37250,8000,28048,27050,68032,58000,48925,50000,52400,65700,74000,71700,59500
3598,1,36000,3,1,36000,42000,24,21,21334,55000,55000,45000,40000,-2,40200,-2,48050,49800,54060,58800,54100,53100,47200,43060,48216,45000,50200,63000,71300,68300,58158,-2,79000,92000,88200
3599,1,36000,3,1,36000,42000,55,52,52464,55000,55000,45000,10000,15100,15506,-2,19500,21000,-2,-5,-5,-5,-5,-5,-5,-5,-5,-5,-5,-5,-5,-5,3000,-2,-5
3600,1,25000,3,1,25000,28600,81,79,57648,38000,20700,24137,28075,29000,36100,35050,35100,42900,47070,49150,50050,60200,-2,61100,72050,72100,97075,85040,95660,104000,-5,-5,-5,-5,-5
3601,5,21500,3,2,21500,46695,81,78,79229,54720,67544,4600,26452,26823,26012,25040,27104,30025,35030,39710,43050,45118,49030,69030,73050,77050,90500,104000,95000,116845,111919,93030,122500,128200,126000
3602,1,-1,3,1,-1,22000,76,57,62217,22000,21285,28382,28100,28196,28529,32400,34000,34092,-1,41295,42000,-1,50000,-2,76500,81725,85100,95000,96000,109000,109000,101320,-2,97500,115750
3603,5,-1,3,2,-1,25000,59,57,61383,41000,30541,32600,34000,-2,37400,31396,34800,-2,41000,42242,40594,34780,27000,58850,60100,70100,48025,68000,75000,83100,111500,90000,84000,94500,110025
3604,1,-1,3,1,-1,26000,34,26,26294,41000,37200,-2,61309,53000,24510,24708,29320,31350,41020,45050,45206,47000,46000,45000,64000,50600,-2,70020,60000,54599,98000,82000,71000,79000,79000
3605,5,-4,3,2,-3,6926,90,80,74851,8062,9000,10876,-2,12244,26200,31700,34800,42600,38200,41000,45000,58500,55500,59300,61200,64000,64000,81000,48700,50500,53000,60000,50000,60000,69600
3606,5,15000,3,2,15000,15000,60,49,57872,19780,22516,18000,22000,23000,28800,32050,33700,35200,36370,39548,42650,56500,49000,57900,62000,50500,70500,60300,73000,40100,59280,67800,55840,47800,-3
3607,1,-4,3,1,1060,4591,28,42,32823,4070,5000,4200,3500,5000,3553,5200,8000,4700,32050,28600,58010,44510,49010,61000,57050,66020,25050,0,18992,22005,30000,-5,-5,-5,-5
3608,1,29372,3,1,29372,9885,95,93,90060,18040,24030,24500,45000,-5,-5,-5,-5,-5,34000,35000,36200,38500,39000,41000,48000,52500,58000,61000,69000,75000,70700,74150,24400,6948,24000
3609,5,29372,3,2,29372,26700,54,53,50181,28000,20000,4700,9800,28000,29880,31000,26250,24100,26545,26000,34600,49900,40800,45300,42200,48000,34700,40500,46150,51000,47150,26141,61515,54150,-3
3610,5,23500,3,2,23500,11100,30,28,18919,-3,12600,23100,23154,22780,3940,36883,6712,10023,11500,13095,13096,7000,10000,12200,12518,-1,17327,10888,7900,-2,0,0,2328,1990,8342
3611,5,23500,3,2,23500,14000,48,49,45548,30000,33000,15852,9385,24800,33000,32800,41200,44300,53500,50200,56539,72580,45290,68500,94300,90000,-2,104000,116000,-2,127500,112000,160000,140000,130000
3612,1,23500,3,1,23500,14000,27,37,41128,30000,33000,24000,26000,6500,3800,5860,6600,9900,9000,6000,22500,9000,10000,10000,18000,38000,25000,8000,-1,5000,10000,9520,-5,0,1746
3613,5,-4,3,2,-3,1889,87,77,74682,7000,10154,10425,10300,21513,-2,25635,20000,21000,27250,26002,36505,45000,46008,54015,66010,83000,82000,88000,94000,92000,95000,65000,94400,86000,102400
3614,6,-4,3,2,3075,-3,95,92,91863,-3,29888,26079,34086,39000,41165,42735,-2,51244,51608,54850,52955,57939,57875,55431,63192,78400,81700,80562,79350,109432,144200,149632,128000,241450,75700
3615,1,26000,3,1,26000,19000,73,76,82777,28000,26300,41000,35600,36100,-2,-2,-2,-3,12700,16100,22000,30000,34000,42920,38080,42050,61100,68000,-5,-5,-5,-5,-5,-5,-5
3616,1,15050,3,1,15050,-3,89,88,91974,32000,27000,27000,-2,-2,-2,-2,-2,19019,18888,17684,18920,28636,24752,24000,53400,60559,62120,72674,57263,64900,35050,36736,31728,-5,-5
3617,1,36900,3,1,36900,5080,90,88,78008,16000,4027,2397,5327,7800,18000,28000,32596,36200,-3,34400,37867,38109,42000,52100,52000,54000,64000,97400,99050,80000,108000,127000,155000,152000,183000
3618,5,36900,3,2,36900,6300,77,75,56642,-3,-2,19450,20000,9000,13300,3520,8600,7520,-5,11020,7600,15220,15500,60020,54100,80000,110000,85000,68100,55900,80000,70000,70200,60000,95000
3619,1,40000,3,1,40000,4950,85,84,88649,8160,8150,7100,-5,-5,-5,-5,-5,-5,18174,10600,11100,17900,24100,52700,48250,71250,73050,80200,76500,80200,-2,70000,65000,75000,87000
3620,1,18000,3,1,18000,-3,49,44,38967,-3,19500,18000,25289,-2,19000,21624,-2,-2,24000,-2,34531,40000,-1,57200,54000,58000,60000,70000,81000,128000,146336,124000,145000,143000,158500
3621,1,25100,3,1,25100,28700,12,9,8637,33000,31800,45000,54000,56000,62000,-2,-1,27786,33945,18300,-2,-2,22960,-2,-2,-2,-5,-5,-5,-2,-5,-5,-5,-5,-5
3622,1,25100,3,1,25100,28700,3,5,4654,33000,31800,45000,54000,56000,62000,-2,-2,-2,-2,-2,-2,10225,11379,-2,-2,-2,-5,-5,-5,-5,-5,-5,-5,-5,-5
3623,1,17500,3,1,17500,18700,96,95,92432,28000,42000,-2,65000,80000,90000,100001,76360,1057448,146942,159805,839078,-2,189918,60000,49000,60000,114000,180000,180000,169000,210000,196000,227300,299000,-3
3624,5,24000,3,2,24000,28000,90,91,93901,27000,24000,-2,20000,4675,7320,9540,12045,15100,39850,43847,42020,27500,37720,46877,56000,63026,72000,73525,10535,-2,75585,79538,47080,55030,246026
3625,5,24000,3,2,24000,28000,86,84,92207,27000,24000,20000,15000,30000,25000,26200,-2,12363,14068,15559,16780,17400,18100,21700,21600,21700,48200,51000,58500,60500,-2,92000,58525,45076,183501
3626,5,-2,3,2,-2,1000,66,53,47680,6000,11584,12500,13000,23000,28524,30200,41200,34141,37100,37300,45500,45930,47200,28570,36040,40075,39600,45000,54500,60000,53000,51000,51000,52500,57000
3627,1,7000,3,1,7000,-3,67,70,59848,10000,14000,32000,42300,42350,50100,53400,58100,58300,64200,66600,65800,75700,68500,77000,96200,62000,66200,108300,110000,131300,139000,160000,165000,134000,154030
3628,1,-4,3,1,9200,20200,70,65,50492,24013,27450,39400,26100,47500,40300,52200,52000,58300,81000,159805,92500,77000,88000,113500,144000,-2,390662,-2,211200,180000,-2,497763,-2,184000,167400
3629,5,45000,3,2,45000,-3,71,66,79523,-3,-2,-2,75001,100001,25600,20300,24000,1057448,146942,85800,85500,160097,189918,120000,118000,121200,125600,190000,200000,41464,27000,29000,87000,25500,57000
3630,5,13000,3,2,13000,18900,96,93,95098,19600,17560,19000,-2,-2,19852,-2,8238,23004,16212,19020,20020,15510,16035,23380,54288,61800,75300,52786,59500,69956,66863,85455,78960,75099,68127
3631,5,-2,3,2,-2,-5,19,11,13005,20800,-5,6150,-5,-5,-5,-5,13000,-5,-5,-5,-5,-5,-5,-5,-5,-5,-5,-5,-5,-5,-5,-5,-5,-5,-5
3632,1,-3,3,1,-3,20000,10,6,12979,27000,30000,27000,42000,-2,-2,-5,-2,-2,146942,-2,-2,-2,-2,-2,-2,12000,-2,10000,1600,-2,16000,-2,0,-2,-3
3633,5,-3,3,2,-3,20000,-4,-4,-4,27000,-2,17000,20000,21000,21000,25100,29000,56200,55200,22186,23056,21800,880,16000,15000,16000,18000,17000,25000,15000,10636,5000,14000,16000,8000
3634,1,-3,3,1,-3,20000,9,10,14817,27000,30000,27000,26711,5812,7588,12888,-2,11580,18436,16812,17720,17279,-2,23400,-2,-2,15000,19800,24000,27000,-2,24000,49000,35000,27000
3635,5,-3,3,2,-3,11000,14,15,14534,-3,-2,25000,-2,34020,30200,-2,35368,-2,33000,42352,25200,-2,63000,66000,57250,-2,98600,105808,127000,141200,126960,72572,84320,91636,101070
3636,5,20000,3,2,20000,16800,41,49,57089,25000,27000,28000,6000,5029,4600,-2,-2,79700,-2,55300,45000,38900,47300,-5,-2,85100,98000,107000,-5,-2,-1,-1,125000,-5,-5
3637,6,-4,3,2,-2,21000,32,23,12785,24000,29535,31392,38500,-2,19472,-2,-2,41700,55400,55060,52950,55500,-2,39000,22000,25000,126500,142000,87730,148700,48000,78000,55000,69600,80250
3638,1,-4,3,1,2997,-3,30,25,30405,7200,10843,10447,16080,-3,-5,-5,26046,-2,-2,38184,42000,-2,43020,43010,46708,-2,71839,77522,-5,-5,-5,-5,-5,-5,-5
3639,1,15200,3,1,15200,14000,3,2,3490,2600,3685,6616,5316,5740,5820,-5,14800,-2,10562,9738,6000,11000,10836,13800,15600,59500,61008,54200,218000,38500,42000,36000,36000,34000,47400
3640,1,15200,3,1,15200,14000,2,4,1107,11000,11600,1227,4288,7460,-2,6000,10000,9000,10000,11000,12000,-2,12000,14000,16640,18000,16000,19000,21000,31000,34000,31000,32000,34000,14000
3641,5,-4,3,2,3400,17000,42,50,44391,7000,10150,13789,28000,16100,50000,10400,53810,63050,25025,34820,42800,47000,52700,71500,98500,80932,81000,89000,94000,108000,114000,-5,99600,-5,-5
3642,1,11000,3,1,11000,-3,37,36,37705,-3,40000,0,-1,15600,16000,-5,2500,-1,-1,-1,-1,-1,-5,-5,-5,-5,-5,-5,-5,-5,-5,-5,-5,-5,-5
3643,5,11000,3,2,11000,-3,24,22,33724,-3,40000,28200,75001,-2,30000,3100,900,9000,-2,12000,17000,30000,29000,37000,67000,54000,80000,82654,79000,90500,102000,114700,76800,82900,82284
3644,1,12000,3,1,12000,12000,25,29,35297,11000,13000,10000,5000,8035,-2,-3,12100,16000,16150,18100,16000,14844,-2,31900,-5,-5,-5,-5,-5,-5,-5,-5,-5,-5,-5
3645,1,10500,3,1,10500,9000,30,27,20119,9400,16500,29000,18000,33000,99000,63000,50000,44000,90000,159805,839078,160097,79063,-2,-5,-5,-5,40300,-5,-5,-5,-5,-5,-5,-5
3646,1,-4,3,1,-2,-5,75,65,55556,15425,51010,-5,22500,83045,-5,-5,27275,26900,-5,-5,-5,-5,-5,-5,-5,-5,-5,-5,-5,-5,-5,-5,-5,-5,-5
3647,5,30000,3,2,30000,-3,13,15,22295,2115,5124,5316,5364,-3,-2,4932,-2,35485,27792,5916,7788,7416,-5,28000,0,0,0,0,0,0,0,-2,10836,-2,9240
3648,5,7200,3,2,7200,2662,39,35,39675,0,0,0,0,0,812,1032,1272,1122,2970,9960,10536,10512,25740,-2,-2,10544,-2,16000,13000,-2,48935,30000,0,35000,30000
3649,5,7200,3,2,7200,17000,10,8,12016,18000,11200,16520,17769,17073,20310,-2,6850,4500,800,5000,0,900,11207,22500,57000,-2,69000,81000,80400,83000,86000,74000,31600,-5,15355
3650,5,21000,3,2,21000,8200,42,36,33934,18000,22000,33025,22030,17025,20020,27060,29000,27000,26030,30000,30000,36000,66000,39000,38400,82100,40000,86600,90638,79710,55208,66400,70580,58988,55844
3651,5,16000,3,2,16000,6000,69,54,50502,10270,-2,30605,40600,-3,45300,50000,55200,54600,63000,60200,61200,93844,58000,68100,86000,117400,111406,125000,135000,163000,160000,191000,188000,196476,247000
3652,5,-2,3,2,-2,17000,19,12,9648,-3,0,15000,11300,18000,2000,35000,26000,10669,19352,31676,34500,39000,42912,48700,104480,-5,37000,40000,48000,53000,72880,5000,51454,44200,55160
3653,1,15000,3,1,15000,14500,70,57,63556,14500,21600,24300,24400,28500,32300,45500,45300,52500,51000,93000,86360,51500,44500,43000,0,64000,45000,68000,24216,37360,18000,-5,-5,111000,68800
3654,5,21000,3,2,21000,24000,7,7,10147,20000,29000,32000,-2,26000,22000,-2,-2,22000,15000,18400,27800,-2,-2,-2,45000,60000,73000,57000,-1,35000,114120,-2,14402,-2,-3
3655,5,21000,3,2,21000,-3,19,16,22394,40000,-2,42000,40000,60000,60000,-2,51000,40000,45643,65008,50000,-2,40020,-2,44000,66500,77000,84000,80000,30000,68000,65000,-2,53000,52000
3656,1,17000,3,1,17000,16000,43,40,53812,10000,20000,14000,20576,46000,18000,18502,-2,-2,-2,-2,30370,-2,-2,34906,-5,-5,-5,-5,-5,-5,-5,-5,-5,-5,-5
3657,2,7268,3,1,7268,9100,6,10,8601,8500,-2,8400,13000,12000,67600,-2,-2,15000,5272,8500,9772,13596,19706,15520,15260,15000,70000,21663,59500,111605,45000,27000,38904,33860,26000
3658,2,7268,3,1,7268,9100,2,3,1122,8500,-2,8400,13000,12000,67600,-2,1500,-2,-2,-2,-2,-2,-2,-2,-2,-2,852,7560,-2,-2,9054,-2,-2,-2,10212
3659,6,7268,3,2,7268,-3,18,19,25028,-3,6404,5904,6067,15000,16100,17400,11495,-2,36000,-2,32100,-2,-2,-2,-2,-2,25000,25000,151,11040,10800,10800,12012,14340,-3
3660,2,7268,3,1,7268,9100,3,3,6285,8500,-2,8400,13000,12000,-5,-2,-5,-5,-2,-5,-2,-2,12000,11000,-5,20000,-5,17500,26020,27000,53000,-2,-2,14000,35468
3661,5,9000,3,2,9000,8500,34,36,38955,6500,14000,14000,18825,18000,19000,30000,28000,30000,39600,27000,41200,49000,51000,40170,46000,40500,44500,49800,58500,78200,66600,68700,80000,88500,73000
3662,5,5600,3,2,5600,7000,32,23,17578,7782,-2,-2,-2,5719,2100,1500,5000,10000,-2,-2,21136,20200,-5,-2,21000,21300,-2,12400,13336,15976,23360,24000,32000,18000,25000
3663,5,25000,3,2,25000,30000,69,72,69892,27000,35000,35930,40000,25014,35000,67000,48100,48050,57000,61050,64000,67030,-2,55500,70900,83300,100000,85300,77500,92000,-5,-5,-5,-5,-5
3664,4,-4,1,1,4738,2779,94,91,78053,3017,32200,3115,8500,13300,20377,-5,-5,41200,50600,50300,57000,52000,20003,4800,58000,79000,75000,165000,168000,-5,-5,-5,-5,-5,-5
3665,2,-4,3,1,4750,4739,87,84,66805,8638,12632,9719,10703,14978,19000,21822,19000,-5,-5,-5,-5,-5,-5,-5,-5,-5,-5,-5,-5,-5,-5,-5,-5,-5,-5
3666,4,14500,1,1,14500,-3,86,86,89195,70000,75001,13100,11020,14800,18000,36025,47400,54700,52200,58500,71500,64200,63000,70000,95500,97500,93000,60000,39500,55000,45000,-5,-5,-5,151040
3667,5,29000,3,2,29000,32000,70,70,76656,34000,5000,7005,-2,7600,12000,12000,-2,-2,8000,11000,11000,6633,10824,6620,7260,18590,16160,-5,13380,8180,9595,-2,0,-5,-5
3668,1,-2,3,1,-2,50000,99,99,99384,38000,5500,12750,75001,80000,74000,20200,61800,49200,38600,48100,52600,54025,55310,72050,89250,98000,108000,62000,112000,135500,148000,182100,233000,281100,295500
3669,5,41000,3,2,41000,45000,93,88,93677,38000,65000,75001,75001,9368,21685,59700,81000,59100,73100,70292,94000,99940,99200,142363,244343,332808,390662,408473,479983,454737,-5,-5,-5,-5,-5
3670,1,-1,3,1,-1,38000,83,99,98204,50000,55000,50000,3505,4100,7600,10000,10050,10200,10000,43500,-1,-5,-5,-5,-5,-5,-5,-5,-5,-5,-5,-5,-5,-5,-5
3671,5,-1,3,2,-1,38000,86,88,97927,50000,55000,50000,75001,-2,-2,-2,-2,10500,16000,-5,-5,-2,-5,974100,-2,-5,-5,-5,-5,-5,-5,-5,-5,-5,-5
3672,1,-2,3,1,-2,2300,81,86,80718,-3,50000,75001,19150,100001,20034,30000,58000,65200,71000,63000,40000,70000,96000,974100,244343,150000,140000,123000,185000,-5,265000,-5,-5,-5,-5
3673,1,-2,3,1,-2,-3,87,87,83039,-3,6200,-2,37000,-2,31000,37500,-3,-1,-1,-1,-5,-5,-5,-5,-5,-5,-5,-5,-5,-5,-5,-5,-5,-5,-5
3674,5,50000,3,2,50000,40000,52,55,59352,50000,-1,50000,13400,23380,-5,-5,-1,-1,146942,40500,-5,-2,58500,-5,-5,-5,-1,103000,-5,-5,-5,-5,-5,-5,-5
3675,1,-1,3,1,-1,40000,42,51,78493,50000,-1,50000,-2,-2,2000,-1,4000,4500,18000,20900,-1,-1,-1,-1,124000,150000,-2,147000,93305,223000,140000,139000,154000,140000,766958
3676,1,38000,3,1,38000,48000,83,92,90283,50000,60000,13400,26200,28510,38010,18500,22120,24200,31200,32100,32150,60200,65250,70250,61100,60050,76150,124700,128040,136300,131100,85030,92500,-5,-3
3677,5,40000,3,2,40000,48000,85,88,90778,50000,60000,-2,49000,3072,5100,-2,7100,7785,17000,17590,19050,22500,-2,53500,-2,77000,95400,93000,126050,64000,82000,-2,111000,120000,153000
3678,5,-2,3,2,-2,8802,84,74,80034,10400,11800,14005,15050,16015,17025,17050,18700,19830,54050,62075,67200,60200,-2,-5,-5,-5,-5,-5,-5,-5,-5,-5,-5,-5,-5
3679,5,30000,3,2,30000,30000,56,55,67885,20000,16553,-2,13550,22130,27350,26080,27100,43100,43200,35140,35250,50000,51050,49060,42850,-2,86080,90000,120000,155021,142043,145000,145000,155030,-3
3680,1,-1,3,1,-1,40000,56,84,87409,40000,75001,75001,75001,12000,15500,40000,45000,79000,47000,55000,47500,65000,81600,974100,36500,62000,82500,27350,71000,56000,96000,103000,66500,73000,70000
3681,5,-2,3,2,-2,40000,-4,-4,-4,50000,50000,50000,50000,65000,6000,52900,46000,68700,98000,80400,72000,56000,62700,71000,80000,53500,145000,150000,182000,166000,158000,221000,256500,241000,246500
3682,5,40000,3,2,40000,35000,65,74,90260,35000,52000,-2,-2,-2,1000,-5,-5,30300,35200,32300,35100,55300,-2,43000,-2,-1,-5,-5,-5,-5,-5,-5,-5,-5,-5
3683,5,-3,3,2,-3,-3,99,99,98958,-3,-2,-2,-2,-5,-5,-5,-5,-5,-5,-5,-5,-5,-5,-5,-5,-5,-5,-5,-5,-5,-5,-5,-5,-5,-5
3684,5,-2,3,2,-2,-3,99,99,99426,50000,-2,50000,50000,-2,-2,-2,22000,48300,50500,-5,-5,-5,-5,-5,-5,-5,-5,-5,-5,-5,-5,-5,-5,-5,-5
3685,1,-1,3,1,-1,-3,83,79,74984,-3,-2,19800,30100,38500,56800,61000,71800,89000,84000,159805,839078,160097,189918,113000,244343,332808,390662,408473,20000,454737,440692,497763,595986,922631,766958
3686,1,60000,3,1,60000,-3,76,71,76418,50000,40000,20600,18200,25230,25005,32210,24800,29940,43000,37800,37200,46000,44000,40000,62250,102000,67750,38500,69000,100200,72000,160000,150000,267600,303255
3687,5,60000,3,2,60000,-5,46,41,38054,50000,75001,28000,30000,36001,48005,17900,54700,60884,56000,66000,49000,53731,48000,78000,89000,85000,147000,114000,145000,169000,165000,110000,-2,143000,766958
3688,5,-1,3,2,-1,-3,88,97,98105,-3,-1,-1,-1,-1,-2,19050,-5,-5,-5,-5,-5,-5,-5,-5,70000,-5,-5,-5,-5,-5,-5,-5,-5,-5,-5
3689,1,-4,3,1,-2,7800,99,99,95345,70000,9600,10000,17000,500,25000,26500,100001,58000,146942,159805,839078,160097,189918,974100,244343,332808,390662,408473,479983,454737,440692,497763,595986,922631,766958
3690,1,-4,3,1,0,62000,86,96,97840,70000,75001,75001,75001,100000,100001,10000,0,28498,28400,39500,42200,50210,59000,63700,73600,80000,110000,110000,138000,160500,156100,170500,170000,175300,-5
3691,6,5000,3,2,5000,-5,-4,-4,-4,5700,-2,12245,-5,15822,-5,-5,-5,-5,-5,-5,6732,11748,12108,1608,9246,18144,0,31020,0,11688,11928,14892,21336,17040,-5
3692,7,2050,2,2,2050,5000,14,13,9938,6000,-2,3900,4956,5184,7000,4759,5916,8084,8648,7204,5810,9492,9851,14760,-2,4600,6648,14400,-5,24294,27000,-2,10800,-2,-3
3693,1,28000,3,1,28000,12836,26,28,33068,19664,9701,39700,12000,12026,12000,12700,27600,15000,71400,56000,30000,23000,26000,26013,56000,29000,42000,79500,75000,25000,25000,22400,50000,40000,40000
3694,1,19000,3,1,19000,24813,49,50,40937,26864,27000,25000,15764,17907,15065,15630,25996,21200,22200,30100,36150,31700,39200,40300,40100,59000,49900,56200,66350,90700,93300,98030,82020,83040,88250
3695,3,21000,2,1,21000,34000,49,40,50653,37000,1230,-2,21500,4400,300,9000,15000,16000,-5,159805,0,6000,0,-2,-2,0,400,2000,-2,10000,-2,-2,-2,9020,0
3696,7,21000,2,2,21000,34000,39,36,52618,37000,36000,-2,-2,-2,35000,-5,10000,-5,17514,-5,-5,-5,-5,-5,-5,-5,-5,-5,-5,-5,-5,-5,-5,-5,-5
3697,8,10000,1,2,10000,-3,25,14,23181,8000,-2,-2,2420,5676,8340,9564,9180,9156,9324,10884,9036,9072,11208,-2,4822,7300,8900,11000,5000,8200,12700,10860,14800,12700,7601
3698,8,12000,1,2,12000,5100,30,21,20809,6500,13000,-2,5428,9324,9516,9576,7404,9156,10772,24260,11000,14000,14000,-5,16000,17000,-5,-5,-5,-5,-5,-5,-5,-5,-3
3699,7,38000,2,2,38000,26600,23,15,11840,1042,3431,5892,6096,7880,6732,6531,4075,2000,-2,13504,41750,41450,33500,29200,15000,-2,43000,-2,41977,-2,49000,-2,49000,50000,55000
3700,4,-4,1,1,14755,12500,66,52,48520,-3,-2,22069,13900,-3,14000,26050,-2,-2,18500,26711,20310,34700,-2,20000,-2,-2,40000,-2,25000,36000,26000,28000,48500,40000,42000
3701,4,10000,1,1,10000,-5,-4,-4,-5,-5,-5,-5,-5,-5,-5,-5,-5,-5,-5,-5,-5,-5,-5,-5,-5,-5,-5,-5,-5,-5,-5,-5,-5,-5,-5
3702,4,-2,1,1,-2,20600,49,55,49905,17500,-2,6504,-2,-2,-2,12000,11900,24200,31260,32800,31220,41483,36516,39000,49700,58120,99000,105000,-5,97000,131000,100000,125000,133000,-3
3703,7,-4,2,2,2927,4608,3,1,226,7708,-2,7332,9752,7836,7476,9199,10980,8560,13644,7992,7764,0,0,8000,60000,35000,2940,17508,8940,14820,440,10560,0,10680,12312
3704,7,-4,2,2,3904,4742,10,8,10380,5775,-2,5948,5258,8132,7806,8154,6550,10032,8400,6848,4614,4944,3648,-2,-5,0,1800,0,0,3729,2400,19248,10742,4000,10153
3705,5,31000,3,2,31000,35000,73,61,71213,15520,41500,27600,37094,30775,29250,31800,54150,26050,38000,46100,39000,45750,58300,47000,63500,28100,91000,112000,123500,164000,172000,207000,194000,170000,193000
3706,1,31000,3,1,31000,10570,55,57,37080,14000,70000,14000,-2,65000,35000,32200,37200,50100,45500,45500,58875,-2,50000,41300,39500,-2,92000,96000,82000,100000,219137,-2,-2,70000,67228
3707,1,25000,3,1,25000,42000,85,90,86836,15100,25025,20025,25025,24530,34100,38000,50500,76000,76500,159805,839078,160097,189918,974100,138200,-2,168000,408473,18000,110000,124100,153000,185000,922631,245000
3708,1,35000,3,1,35000,48000,91,86,87553,37000,45000,50200,25000,27050,28700,24300,28000,37000,73500,77000,75000,83000,87000,99000,143000,-2,110000,122300,210000,165000,169000,170100,136000,153000,160100
3709,6,29000,3,2,29000,-3,52,49,57749,-3,-2,6018,15250,15000,200,-2,16020,19025,76010,65015,47020,52050,65500,69200,79010,89000,82428,98014,107000,109330,90050,-2,119000,163000,60400
3710,2,29000,3,1,29000,-5,-4,-4,-4,-3,30000,53076,-2,48000,40000,-2,19800,18070,-2,-5,-5,78500,-2,70250,79250,75000,84100,91000,96000,110499,110000,109167,115000,135000,160000
3711,5,-1,3,2,-1,-3,86,86,85588,12000,61300,5000,32740,-2,31925,34065,59200,64200,48990,63940,68960,54200,54057,59500,-2,8210,-2,29155,-5,-5,-5,-5,-5,0,-3
3712,1,-1,3,1,-1,-3,73,78,76789,12000,61300,5000,32740,-2,500,13500,30000,35300,35625,46700,44200,41762,54891,56401,52661,53000,69588,-2,93000,100280,100000,101200,103500,115000,101100
3713,2,-4,3,1,10084,19626,58,71,75413,22202,21000,16057,15862,33792,33692,25449,12840,48190,23800,24740,15500,22599,15003,21256,21800,27500,24000,28600,36738,202000,35115,65600,45880,53600,98600
3714,6,-4,3,2,9642,19586,67,67,64857,22202,20000,16157,15047,33792,33692,27570,9560,38190,23800,24740,15325,-3,-3,21200,23000,25000,48000,20000,37000,43200,56673,-5,47400,51400,63800
3715,5,-4,3,2,8571,-3,91,79,79829,15465,16630,9900,8080,18000,20833,20000,21500,-2,31300,26500,22000,56200,30000,29274,108800,86299,-5,-5,-5,-5,-5,-5,-5,-5,-5
3716,1,25000,3,1,25000,-3,77,75,66546,30000,33000,28666,3900,-2,20000,28300,31025,34300,28000,37800,32600,-2,40000,40100,56000,-5,-5,88000,-1,55400,-2,22200,-5,-5,-5
3717,5,25000,3,2,25000,-3,86,82,89157,9440,13500,15400,16600,59200,15056,17000,-2,6060,49000,59800,54860,67260,-2,57000,79050,-5,-5,112580,-5,-5,146000,144000,147048,146000,74200
3718,5,25000,3,2,25000,-3,46,37,47308,30000,33000,7883,19891,25000,20000,25000,-2,39000,-2,34200,44030,46000,-2,43000,80000,-5,82059,65065,-1,-2,95000,95000,115000,-1,-3
3719,5,-4,3,2,4390,15500,26,34,29347,24702,25250,-2,7400,15790,24500,31200,29000,15000,11500,17500,16000,28000,12000,35000,32000,47000,40000,65000,79000,55000,-2,65000,120439,45000,50000
3720,5,-4,3,2,21270,23170,74,67,56677,-3,-2,18400,25000,44000,65400,34000,44000,35000,-2,35000,52000,40000,-2,47000,37800,-2,-5,-5,0,-5,-5,-5,-5,-5,-5
3721,1,32100,3,1,32100,-3,79,80,83258,-3,12000,-2,-5,17012,-5,25166,34535,-2,-2,-2,25000,28000,22500,24000,-2,-2,52000,52000,85000,-2,61200,78696,77661,80800,82672
3722,1,13829,3,1,13829,2434,55,48,53708,6988,8637,11625,17000,-5,17000,-5,-5,-5,-5,16800,39000,30000,26000,-5,35000,35000,52000,65740,55000,-2,-2,-2,61000,90750,110000
3723,1,13000,3,1,13000,-3,40,45,45716,200,7998,8784,8769,9471,9783,-2,4500,5000,5200,7392,5000,2000,8000,19612,34504,-5,8170,10180,16000,9000,13200,2400,2160,10960,2160
3724,1,-2,3,1,-2,23040,73,55,67589,21000,20800,22900,21000,-2,27000,27400,6128,14620,20200,25070,22590,33457,43050,61100,63020,56192,70000,72779,23490,28000,0,31419,34000,11525,-5
3725,5,-4,3,2,25074,39139,52,49,40026,38307,41969,41655,29554,24325,44320,51200,67100,26500,26700,30250,89000,93000,-2,91000,161000,140000,32200,10400,28200,26000,19000,35000,-2,30320,32500
3726,5,-4,3,2,-2,5739,76,68,74917,12961,17834,23914,32523,36234,28757,47700,49050,-2,56400,-2,67500,73960,71060,74110,70100,74000,50092,72100,74030,89191,81464,73500,83600,160000,156000
3727,5,44000,3,2,44000,54000,67,56,68751,54000,59000,72060,68300,65000,47718,-2,47165,6380,4500,15850,14372,10179,10840,13444,26094,18472,-5,-5,-5,-5,-5,-5,-5,-5,-5
3728,5,23000,3,2,23000,36500,51,54,54236,40000,24000,38838,4472,7788,8676,10824,17576,11832,13314,19880,-2,-2,-2,19200,-2,9918,1975,10500,23916,27244,-5,-5,-5,-5,-5
3729,5,-4,3,2,-2,2420,47,54,53447,40000,7275,8784,8769,9471,9783,-2,7148,32564,-5,16070,10052,-2,16050,12692,10650,11604,8700,4440,-2,0,13656,10590,11640,10060,-3
3730,5,-4,3,2,22000,28145,96,92,87574,48008,19600,-2,-2,21360,16500,20500,13000,1057448,146942,87100,61100,90100,-2,141900,85500,83000,102200,94900,44910,41300,40500,27000,26850,26550,66600
3731,1,10000,3,1,10000,10000,42,43,58123,12858,1500,7015,8140,-5,-2,-2,6500,9100,13500,-2,18005,17010,-5,65000,110000,-5,-5,-5,-5,-5,-5,-5,-5,-5,-5
3732,1,31000,3,1,31000,35000,99,97,99473,40000,57000,60000,75001,65000,60000,73000,52005,53000,63000,61000,50000,55000,61000,30000,244343,-5,90000,57000,36005,76000,91250,98600,96400,97000,120000
3733,1,29000,3,1,29000,-3,2,5,10922,40000,50000,-2,50000,644,70000,1600,200,600,1100,0,1200,600,0,7200,3100,-2,14000,438,27500,1268,0,0,-5,2328,-5
3734,5,18800,3,2,18800,19000,73,71,83973,20000,23000,21000,21000,22000,-2,17300,22300,49200,66000,74000,80000,100000,95025,100000,110000,147000,137000,127040,210000,145000,160000,147000,152000,257000,215000
3735,5,30000,3,2,30000,35000,45,47,59053,28500,35000,51000,-2,-2,-2,20000,-3,-2,30000,35000,-2,59656,72700,73000,84000,87000,63740,58968,78750,-2,-2,-5,-5,90000,334000
3736,5,21000,3,2,21000,12700,71,65,69238,21588,20270,-2,-2,29000,32000,-2,51160,-2,-2,44774,76400,-2,-2,59000,53413,58150,56200,50100,52650,50100,56000,-2,77153,-5,64644
3737,5,21000,3,2,21000,24800,54,44,44255,28640,27507,30000,-1,17050,20211,25000,29000,27600,30050,50000,28200,-2,35000,33500,58720,77000,84000,76905,80000,98000,114000,130000,126000,138000,161020
3738,5,22000,3,2,22000,33000,29,28,34888,39610,48400,22000,18459,17000,11814,-2,7100,7044,6000,0,12000,-2,-2,7000,6800,11000,14200,16268,18900,21495,32500,-2,5600,-2,99066
3739,5,24000,3,2,24000,31960,59,61,68557,39000,22885,26410,27150,30075,33750,36500,41600,48600,61200,68500,76300,87000,96972,-2,105000,89760,115000,114931,96075,123128,205500,-2,174000,157000,182000
3740,5,24000,3,2,24000,31960,16,15,16420,39000,36000,35854,7613,35000,10500,-2,-2,16160,24760,14100,20400,25400,32800,34000,46800,22019,-2,60000,50000,45000,33000,-2,20000,27700,20000
3741,5,24000,3,2,24000,31960,21,18,31360,39000,36000,35854,27000,35000,7200,6000,2050,4800,6800,6875,12820,6880,26832,-2,58475,-2,69940,-2,61300,57130,63544,51300,80000,63720,93120
3742,1,17066,3,1,17066,19200,23,25,38276,11500,10800,11400,12000,15000,5000,-2,15600,12000,-2,12000,9420,16320,-2,26000,70100,82000,77100,200000,196000,400,48000,40000,67600,222000,766958
3743,1,29000,3,1,29000,28000,96,93,91780,31000,32000,45000,28100,39950,45550,51200,-2,50500,-5,52100,57500,65100,72500,110300,146000,134000,150000,408473,-5,-5,-5,-5,-5,-5,-5
3744,5,-1,3,2,-1,75001,76,84,79579,28640,25086,29500,32000,14600,19100,21392,-2,24200,24700,26550,28292,25030,36392,31262,40752,43192,52400,70050,77020,69000,68010,66065,60000,43000,42000
3745,1,20000,3,1,20000,-3,96,95,95983,-3,33000,30000,-2,-2,-2,47550,14080,19000,-2,-2,-2,-2,-2,26650,22035,26000,29020,29640,32096,454737,39390,28770,30000,43999,52800
3746,5,8500,3,2,8500,20000,36,32,28755,10010,-2,34050,37000,-2,71100,60400,40000,-2,40000,90050,47100,-2,58500,66500,110000,100000,-2,180000,196690,84200,145000,-5,127000,-5,-5
3747,1,24000,3,1,24000,21000,34,28,30419,21100,3800,18000,26000,23000,-2,61000,-2,53000,70000,-5,-5,-5,-5,-5,-5,-5,-5,-5,-5,-5,-5,-5,-5,-5,-5
3748,1,7000,3,1,7000,-3,89,84,86927,20100,24960,26600,28186,3760,3588,6302,15080,17000,-2,-2,-2,-5,-5,-5,18000,-2,-2,27000,-5,-5,-5,-1,-1,-1,-3
3749,5,7000,3,2,7000,-3,2,4,5931,20100,24960,26600,28186,24316,25336,-2,18520,-2,-2,24348,-2,-2,-2,-2,-2,-2,-2,-2,0,0,-2,9600,-1,0,-3
3750,1,7000,3,1,7000,-3,56,68,79149,20100,24960,26600,28186,24316,25336,-2,27000,-2,-2,-2,-2,-2,-2,-5,-2,-5,-2,-2,-5,-5,-5,-5,-5,-5,-5
3751,1,7000,3,1,7000,-3,33,43,60681,20100,24960,26600,5569,20003,31257,15160,47201,-2,15000,19000,21000,24187,-2,38100,45460,65068,66500,43000,45000,50020,52050,59020,63000,65025,75000
3752,5,-2,3,2,-2,6000,-4,-4,-4,46000,-2,-2,-2,55000,44940,40956,53000,54000,-2,56000,57012,58836,66000,-1,-1,86000,-1,96000,-5,-1,-1,-1,-5,-1,-5
3753,5,-2,3,2,-2,25000,-4,-4,-4,15761,21246,15140,21130,21680,26616,56000,28000,30000,32700,25060,31500,32000,-2,-2,46000,-2,-1,70000,61500,-2,147342,-2,-2,75000,109000
3754,5,9540,3,2,9540,11528,83,82,81924,19396,-2,-2,33500,31900,38200,-2,47100,45100,48100,50100,-2,-2,20746,23700,16664,24343,30000,44000,97150,104005,120661,104000,52000,46400,49700
3755,5,18000,3,2,18000,9110,81,75,76508,22349,15100,15000,16400,16600,16880,18200,21572,21000,23050,22100,21050,22100,25050,70483,0,93900,100800,112800,104550,144060,166500,152500,148100,127000,169500
3756,5,23000,3,2,23000,33000,39,53,60929,50000,30000,40000,8344,-2,13279,19500,-2,4700,8000,8000,20347,22000,30000,71700,80036,36300,43900,-2,19538,14400,-5,-5,-5,-5,-5
3757,1,38000,3,1,38000,40000,98,96,97506,75001,65000,75001,75001,80000,5035,9636,29000,32000,34000,38100,45030,48000,-2,88500,107000,120270,130700,127000,162000,-2,190000,-2,154000,170000,225000
3758,5,25000,3,2,25000,34000,93,90,86305,2330,6500,10020,-2,60000,-2,69000,-2,-2,15000,-2,-2,42020,-2,42520,44000,-5,-5,-5,-1,22000,64000,-5,-5,-5,-5
3759,5,25000,3,2,25000,-3,39,33,32902,12983,7180,13100,15000,20131,17200,-2,26000,21000,31000,38000,40030,-2,39100,-2,59000,-5,-5,-5,-5,-2,116000,124644,174000,162000,185000
3760,1,25000,3,1,25000,34000,42,42,54302,20000,2000,-2,-2,60000,70000,11500,60000,-2,-2,-2,-2,-2,32000,-2,-2,-5,58500,23000,-2,38376,-2,82505,-2,-2,-5
3761,1,-1,3,1,-1,-3,18,14,20368,-3,-1,-1,-2,-5,-5,-5,-5,-5,-5,-1,-1,-1,-1,-2,-1,-5,-5,-5,-5,-5,-5,-5,-5,-5,-5
3762,1,30000,3,1,30000,-5,-4,-4,-5,-5,-5,19000,20000,20000,17826,-5,23000,26200,28000,36000,40010,42200,42050,-2,33000,44000,61200,-5,-5,-5,140200,-5,-5,102198,115000
3763,1,-1,3,1,-1,-5,-4,-4,-5,-5,-5,-5,-5,-2,-2,-2,-5,15000,-2,17714,10688,20082,7636,-2,27000,-5,-5,40000,16000,46505,22185,-2,53000,160000,-3
3764,5,-4,3,2,-2,18000,69,85,86213,-3,-2,22200,27100,21000,22000,25000,-2,-1,34000,-2,32000,30010,32000,38000,38000,40000,43000,42200,45000,45000,35350,45000,50000,101200,57000
3765,1,-1,3,1,-1,-3,87,76,88839,-3,45000,-1,9500,19560,15820,23430,17540,24850,27000,30538,49100,32000,34100,36325,42102,61000,66830,76200,85000,116000,106100,116070,113025,129000,120000
3766,2,11000,3,1,11000,9960,89,82,73454,14000,8000,11399,11000,17000,22500,23610,30800,34000,46655,-2,32300,43912,-2,89550,82040,90435,-2,65100,79075,67050,86920,85000,89000,167100,370000
3767,6,5000,3,2,5000,3749,76,78,70472,14000,7500,11190,6700,7000,22500,14700,21000,22002,38000,13540,13298,16341,16096,-2,26000,60000,34480,31500,28000,33000,34000,42400,2280,14688,-3
3768,6,-4,3,2,4856,8154,17,19,12310,5555,7542,6060,6506,8715,10056,8640,10728,7260,10544,14857,9789,20410,5466,1416,10062,7784,9792,7752,10692,8760,11664,8952,12720,-2,17508
3769,6,-4,3,2,4035,6316,32,30,27625,8613,9000,9077,10714,9919,7856,9254,9516,16000,-5,18000,18672,20282,-5,5500,16688,22400,24000,29271,0,4376,12903,28416,15084,15576,13075
3770,5,25500,3,2,25500,21000,53,55,54943,26209,19517,20124,20915,22020,40475,-2,32000,36000,42050,47850,52000,41315,38250,52022,55000,0,82022,83030,92000,101532,97024,108900,108000,111440,95000
3771,5,25500,3,2,25500,21000,72,74,87764,26209,20000,19789,30000,29500,40262,-2,15600,23010,30050,29030,19285,21450,30516,27724,-2,24400,48572,32004,43017,40018,40990,50500,41000,47260,51068
3772,5,10000,3,2,10000,14000,55,56,63580,13000,35340,18600,24300,26150,29432,31200,33645,37400,32650,24000,23000,23350,26500,25600,40500,53800,-5,-5,-5,-5,-5,-5,-5,-5,-5
3773,5,10000,3,2,10000,4600,75,68,59594,7589,8877,23292,-5,-5,-5,-5,17200,23684,20250,41860,30528,30000,42500,51440,-5,-5,-5,-5,-5,-5,-5,-5,-5,-5,-5
3774,5,-4,3,2,3500,-5,-4,-4,-4,27000,30010,10400,-5,-2,-2,-2,-2,50000,50000,-2,50000,50000,50000,-5,-5,12960,20448,-2,15000,26000,-2,-2,-2,-1,-3
3775,5,34000,3,2,34000,43000,73,77,71105,45000,51500,48000,10699,10014,14016,15025,16350,19340,17200,18100,29500,39000,19900,27224,106400,70800,47500,96320,105200,107000,75512,61000,61500,76600,89420
3776,1,34000,3,1,34000,43000,92,85,90261,45000,51500,50000,47000,4000,9000,2006,900,2000,13025,11100,16000,29780,42000,48700,70000,43280,6000,176,10680,11856,11820,12444,12720,14800,26200
3777,1,-3,3,1,-3,12000,65,57,56903,16500,20000,21947,26500,24205,26400,25000,29000,29100,40000,43100,36000,44000,55050,49200,44000,55000,74000,77000,89000,94300,95050,50000,49000,-5,46200
3778,1,-3,3,1,-3,25000,29,32,42206,27000,-5,-5,-5,-5,-5,-5,-5,-5,-5,-5,-5,-5,-5,-5,-5,-5,-5,-5,-5,-5,-5,-5,-5,-5,-5
3779,5,-4,3,2,-3,28685,96,89,85924,33690,-2,-2,55012,53188,56137,62350,70374,86187,92329,159805,839078,160097,102056,121406,120590,145990,151000,156000,178500,204882,218490,179353,219700,26490,120240
3780,1,21000,3,1,21000,-3,48,50,66841,25000,26000,34000,20613,22000,10000,11200,17400,22000,23540,53640,-3,29500,-2,-2,-2,-2,51845,44000,55000,55000,57464,60856,88896,-2,64300
3781,5,50000,3,2,50000,50000,76,70,75934,75001,60000,70000,75001,85000,15000,-2,18000,-2,63000,56500,83600,80500,82000,89700,113000,-5,134000,146000,122780,87828,-1,115000,160000,120000,125000
3782,1,75001,3,1,75001,75001,76,82,86908,75000,70000,74000,39000,37400,-5,-5,-5,-5,-5,-5,-5,-5,-5,-5,-5,-5,-5,-5,-5,-5,-5,-5,-5,-5,-5
3783,5,19000,3,2,19000,20000,32,67,75622,-3,12010,12520,-2,15326,7010,8512,-2,11380,53750,64000,67000,65000,63700,84100,115150,-2,-2,-2,199000,192000,-2,253000,260000,305000,298000
3784,5,6000,3,2,6000,6000,28,29,35256,-3,13000,9000,21936,11400,6000,8000,5944,6000,35000,24000,23500,25270,21990,-2,32000,-2,33867,-2,-2,-2,85000,40000,-2,141480,50000
3785,5,20000,3,2,20000,-3,96,94,90971,-3,35000,30000,-5,-1,-5,-5,-5,-5,-1,-5,91000,-1,-5,-5,-5,-5,-5,-5,-5,-5,-5,-5,-5,-5,-5
3786,5,-1,3,2,-1,6800,32,29,21851,25000,40000,-2,43010,45000,20000,-2,43100,44200,39720,51464,46400,42884,-2,49850,50000,46000,-2,57400,65000,71500,95000,43200,41900,111000,44200
3787,6,-4,3,2,7200,23300,80,67,50928,30950,23020,23406,26000,40700,44710,54000,47000,40000,50050,50100,50000,50000,53200,19300,33800,29774,16400,21000,19800,25600,30000,29000,37700,20000,18000
3788,1,18500,3,1,18500,20000,72,70,70379,30000,32000,37800,41753,9841,-5,-5,10000,-5,-5,-5,-5,-5,-5,-5,-5,-5,-5,-5,-5,-5,-5,-5,-5,-5,-5
3789,1,13240,3,1,13240,1954,65,59,59009,-3,3012,5450,8536,25700,-2,33000,70120,-2,56000,56050,-5,-5,-5,-5,-5,-5,-5,-5,53400,-2,-2,76960,-1,-2,-5
3790,5,13094,3,2,13094,3932,26,37,39133,-3,15520,26258,7531,25359,27572,20000,31016,33979,32204,34666,44000,44383,47569,39860,19584,25914,-2,26718,26409,27227,58700,40500,47000,28000,66000
3791,5,-4,3,2,18928,24000,83,77,73529,30150,29250,26242,38300,60000,56560,48624,22000,26200,18300,9040,8420,21300,56000,48000,-2,28000,390662,119520,207000,218000,112000,240800,65000,113000,182200
3792,1,35000,3,1,35000,30000,91,97,94762,20000,30000,35000,41000,12020,-2,32000,20010,44000,44500,55400,63100,66162,60890,43290,56000,64000,75800,-1,96200,105500,128200,138030,153500,178000,175000
3793,5,-4,3,2,23376,27500,57,54,49422,33092,33135,23899,27200,34153,38600,37740,47100,52000,60200,60400,62000,65000,65200,96200,-2,82200,83000,64150,75000,80000,-1,-2,140400,139200,185400
3794,5,30000,3,2,30000,30000,46,53,66337,35000,30000,30000,30000,40000,-2,70022,10800,14500,10000,-2,-2,160097,189918,-2,-2,-2,142970,-2,170000,143000,170000,165600,300200,300000,253000
3795,1,27000,3,1,27000,22000,68,72,77849,30000,40000,45000,45000,45000,50000,16400,47000,19500,-3,29500,31000,28000,37400,48000,81000,101000,55000,85000,105000,110000,103000,95000,-5,-5,-5
3796,5,5000,3,2,5000,8900,90,88,94245,1600,8000,8618,11120,17700,9353,10189,11129,14600,17101,17378,-2,-2,63586,74100,58000,27800,31245,53215,58563,78955,60349,66532,61223,72469,76126
3797,5,5000,3,2,5000,8900,79,78,89759,35000,7000,7500,13152,10500,14000,8000,6000,-2,-1,9000,27110,34210,47000,66723,35852,-2,37560,42400,48500,51000,32330,42000,45400,46000,53000
3798,5,-3,3,2,-3,-3,56,46,52811,18500,19500,5000,23128,24100,55000,45600,35800,58000,-5,63500,56000,60000,58500,78000,95000,47000,117000,130000,145000,106000,104000,497763,595986,922631,386000
3799,5,-4,3,2,2910,4200,75,62,65844,3400,800,5000,3500,9274,20000,-5,15000,-2,37300,11300,27100,29237,34000,31350,40000,46000,155000,408473,200000,244000,250000,497763,595986,300000,300000
3800,5,16500,3,2,16500,19740,49,63,65354,23500,24500,31000,34500,50400,28500,43525,32525,39713,63050,87300,62360,63000,47000,47000,-2,22000,-2,90948,89675,87000,40000,74000,104000,110000,210000
3801,1,-4,3,1,15000,18515,35,35,25147,13645,23608,18044,43000,40528,46000,49000,15600,26400,10700,32200,-5,-5,-5,45500,82000,-5,-5,-5,-5,-5,-5,-5,-5,-5,130000
3802,5,-1,3,2,-1,21000,70,74,74172,19000,21025,21020,30050,8515,18200,12000,14000,15000,47000,47000,40000,44000,50000,55360,51858,55000,27805,27100,34200,40000,44000,43000,-1,-5,-5
3803,1,40000,3,1,40000,50000,81,82,81774,2800,60000,3520,75001,80000,21837,40500,36600,37660,44180,52803,58100,61940,60001,67120,75400,71400,99000,94410,117000,128100,146050,163000,98376,116550,110200
3804,5,40000,3,2,40000,-3,87,85,80927,-3,-2,-2,-2,14900,21286,32600,33600,40400,-2,25000,27000,-2,31200,34550,54650,-2,70050,90100,91000,98200,100200,110200,123200,120100,120200
3805,1,40000,3,1,40000,44000,79,75,78523,52000,-2,-2,75001,-2,10500,96000,23000,27250,41000,37400,33300,50300,25200,51500,65000,78000,71000,95500,126000,68212,128050,140000,130000,128100,115000
3806,5,-3,3,2,-3,-3,70,70,61494,-3,30600,33100,37050,47000,58600,56000,62600,65200,58200,60125,62000,7275,75450,94000,123864,133000,8120,136000,236000,226000,212000,241000,192000,264000,282700
3807,1,25000,3,1,25000,5575,55,51,49038,6000,47000,14756,8143,15800,18899,10400,28030,30000,37000,44000,47000,51000,59000,80000,72100,80000,52000,53000,51000,64000,67100,93000,74000,-5,120750
3808,1,35000,3,1,35000,40000,99,99,99528,40000,40000,10183,39800,22500,21500,25632,16200,26000,23000,-1,-1,-1,-1,-1,-1,-5,-5,-5,-5,-5,-5,-5,-5,-5,-5
3809,5,40000,3,2,40000,55000,84,90,93854,55000,56000,75001,12954,21500,22864,-2,34500,34000,43000,49000,43000,45000,47000,51000,49000,60000,-2,163000,221000,212000,198000,220000,218000,259000,290000
3810,1,45000,3,1,45000,-3,29,26,23492,75001,75001,39000,75001,100001,100001,15000,30000,15000,25000,39700,57750,58000,64100,35000,-5,-5,-5,-5,-5,-5,-5,-5,-5,-5,-5
3811,1,-3,3,1,-3,-3,93,99,100000,75001,30000,40000,35000,50000,45000,45000,50000,53000,65000,76000,80000,160097,189918,135000,151500,332808,210000,408473,185000,230000,225580,255000,595986,132000,155000
3812,5,50000,3,2,50000,-3,99,99,100000,7500,75001,22160,46300,63500,65283,100001,100001,79000,86000,86000,839078,78000,189918,974100,60500,332808,90000,200000,100000,150000,100100,100400,200900,100000,120000
3813,5,20000,3,2,20000,20000,76,77,88799,-3,-2,75001,2407,12600,15113,65000,15000,16000,6000,21200,14284,16000,17500,22032,-2,15446,-2,33775,44750,44617,44862,44845,49756,55000,-3
3814,5,-4,3,2,832,20000,68,62,62096,4269,10281,12000,10990,14900,13600,10172,3600,15000,12000,15900,17408,19175,22400,-2,14000,9000,24850,41900,45700,46000,34000,58700,90300,-3,173000
3815,1,50000,3,1,50000,54000,81,84,90913,60000,-2,52000,55000,65000,90000,-2,1450,24000,29000,39000,42000,68100,95200,70200,-2,130000,120100,137000,175000,200000,180000,225000,595986,350000,365000
3816,1,-1,3,1,-1,50000,79,81,89253,75001,75001,-1,-2,3007,8000,1403,-3,18488,25050,33650,70100,74776,70100,-2,138500,-2,195000,-2,479983,454737,440692,-2,595986,922631,766958
3817,5,-4,3,2,6500,11900,98,96,99188,17700,21000,28600,36490,38600,41900,-2,-2,48000,56000,53157,63000,160097,189918,974100,76220,70000,83800,89000,73753,107000,88100,62572,126171,109600,91684
3818,1,22000,3,1,22000,4892,99,99,98780,20000,20000,31135,30381,3256,13100,11260,-5,-2,4595,-1,4826,15461,15767,21660,42070,-5,-5,-5,-5,-5,-5,122000,124900,131000,152000
3819,7,9108,2,2,9108,11800,11,13,11317,-3,6800,8000,14386,10742,-2,-2,11096,-2,-2,-2,14000,25000,-2,20000,39741,34500,38796,23900,37000,-2,48000,-2,31192,-2,23724
3820,7,11550,2,2,11550,-3,37,28,28979,-3,18530,-1,-5,-5,-5,-5,-5,-5,-5,-5,-5,-5,-5,-5,-5,-5,-5,-5,-5,-5,-5,-5,-5,-5,-5
3821,7,5762,2,2,5762,7442,2,2,2531,20000,3000,4368,1217,10995,6125,8424,8960,-2,10508,6367,-2,13428,-2,25944,28028,-2,-2,0,1500,2000,7360,25000,1701,-2,-3
3822,3,5762,2,1,5762,7442,1,4,6558,20000,9500,7404,1217,10995,12444,0,10000,-2,8156,-2,16000,5800,-2,-2,-1,-2,2000,-2,5000,0,-5,0,2160,0,300
3823,7,3000,2,2,3000,-5,-4,-4,-4,10000,-5,9200,-2,4248,4515,5652,-5,-5,-5,-5,-5,14304,7926,7236,10000,7560,4800,-2,6788,4392,3000,12000,23000,28000,32000
3824,7,16000,2,2,16000,22000,30,39,49784,7328,-2,12240,13000,11000,12000,-5,-5,45030,-1,-5,-5,-1,-1,-1,-2,-1,-1,-5,44000,44000,165100,62000,-5,-5,58800
3825,3,3341,2,1,3341,3240,7,11,9201,5000,7000,2832,5664,6790,7026,1330,6700,5000,6000,5000,8500,13000,12000,12200,15000,6500,12000,15000,22000,23000,28000,29000,26000,31000,31000
3826,7,3084,2,2,3084,3240,1,2,3188,5000,9120,2832,5664,6790,7026,-5,-5,-5,-5,-5,-5,-5,-5,-5,-5,-5,-5,-5,-5,-5,-5,-5,-5,-5,-5
3827,3,10000,2,1,10000,10000,5,8,8861,2000,16000,-2,-2,-3,-2,-2,72000,-2,12000,14000,30500,42500,32000,-5,7610,47300,45000,25000,46000,55500,150000,76000,136000,112000,86000
3828,7,10000,2,2,10000,6000,8,12,20801,12000,-3,11800,27455,24000,35000,-2,5756,5628,-2,-2,-2,-2,26150,-2,3410,-2,-2,19868,0,-2,39720,28400,7400,24000,-3
3829,1,24000,3,1,24000,13850,49,42,49060,15060,33380,-2,33070,31000,32600,40500,45030,34150,50500,48300,57000,60500,58300,54000,100000,107500,122000,125400,152500,196000,226000,220700,595986,250500,316321
3830,1,21000,3,1,21000,15000,32,34,44827,-3,-2,22842,8500,14112,13617,12512,16540,13000,19000,21600,23500,34000,12000,41900,-2,35000,50000,51004,63000,80000,-5,73000,68000,68000,67000
3831,1,23000,3,1,23000,20000,27,33,32252,-3,-2,-2,-2,17600,15500,15400,26000,25700,625,24400,21500,-5,-5,-5,-5,-5,-5,-5,-5,-5,-5,-5,-5,-5,-5
3832,5,23000,3,2,23000,20000,42,32,39847,-3,19000,-2,-2,18005,30365,31800,31000,34260,17559,18801,78096,75050,130466,34000,72070,39000,40000,44000,-5,-2,-5,-5,-5,-5,-5
3833,1,30000,3,1,30000,75001,48,42,50489,75001,75001,-2,24153,29130,34350,51088,56000,97500,54500,48980,52000,64165,75185,30000,20000,32000,-2,-2,40000,55000,61000,50000,50000,60000,766958
3834,5,30000,3,2,30000,31000,82,86,93333,34000,-2,-2,6262,5000,39115,56300,-5,-5,-5,-5,-5,-5,-5,-5,-5,-5,-5,-5,-5,-5,-5,-5,-5,-5,-5
3835,5,2900,3,2,2900,2500,85,80,74071,15020,-2,30320,31050,41500,-5,-5,-5,-5,-5,30950,32500,-2,-5,-5,-5,-5,-5,-5,-5,-5,-5,-5,-5,-5,-5
3836,5,14000,3,2,14000,16000,94,90,90790,-3,24780,27000,4505,19005,24025,26550,32000,35050,43000,64350,76970,84700,83050,67000,100100,138500,40400,-2,155225,101000,-2,117500,140000,125000,113050
3837,5,14000,3,2,14000,16000,46,56,57761,18000,350,-2,13136,16000,-2,28551,21240,-2,14356,-2,-2,15552,14700,19850,26200,44362,59080,65106,35000,34500,66750,75500,85785,129000,88300
3838,1,14000,3,1,14000,16000,43,37,57333,18000,33000,-2,1000,10148,8440,12000,12300,-2,-2,12000,15000,13000,16000,20000,34500,60000,38000,90000,115000,150000,-5,120000,140000,149000,185000
3839,5,-4,3,2,4000,7000,43,37,32180,-3,30500,41000,37600,38944,39000,30000,18500,27572,-2,39500,43500,47000,50500,52000,59000,-1,52000,-1,73908,65524,73000,134468,81660,-5,-5
3840,3,30000,2,1,30000,5990,10,11,10846,6700,8124,8250,6308,-2,-2,10000,1800,13000,13000,14856,16800,16872,17000,0,-5,-5,-5,-2,20000,25000,19200,20000,13000,24156,24000
3841,2,-4,3,1,3576,8060,53,45,37436,4995,7500,13000,-2,5600,8000,-5,-2,-5,-5,-5,-5,-5,-5,-5,-5,-5,-5,-5,-5,-5,-5,-5,-5,-5,-5
3842,7,-4,2,2,-2,15000,40,53,57610,-3,5124,5840,6933,6000,5976,6552,3511,500,2760,2840,3470,-2,19025,22480,32000,45150,43000,29003,39500,43300,19000,20996,1200,0,20160
3843,5,12500,3,2,12500,-5,-4,-4,-5,-5,-5,22500,-5,-5,-5,-5,42000,1057448,30000,35010,35000,33000,30000,32550,29000,40000,50000,-5,-5,-5,-5,-5,-5,-5,-5
3844,1,12500,3,1,12500,17000,84,85,84585,-3,42000,46000,37000,42000,50000,65053,18000,16200,8900,9900,16000,21300,19000,19000,-2,50000,50000,57000,66000,103673,-2,48532,44600,24000,-5
3845,1,25000,3,1,25000,28000,52,50,54553,30000,24000,40000,37000,25000,25000,3200,-2,30000,27200,23000,24200,-2,10500,9000,4000,-2,-2,17000,24000,22000,-2,14176,9360,-5,-5
3846,5,25000,3,2,25000,28000,60,57,74995,30000,24000,40000,37000,17525,25050,16000,15000,45017,29530,43010,46540,48285,68060,-2,66200,52300,76800,-2,70000,66800,-2,-5,-5,-5,-5
3847,1,46000,3,1,46000,59000,73,61,46544,75001,35420,23185,-2,33000,42400,-2,38500,46800,45450,47450,49800,50650,-2,50100,-2,-2,73000,85000,87000,112070,97065,98000,114100,134000,108060
3848,1,46000,3,1,46000,59000,-4,-4,-4,50500,32000,17150,50000,27150,32100,38400,47700,44500,54100,30000,8000,11044,16884,18000,-2,40000,49000,10000,32000,-2,22920,140000,28000,8440,17538
3849,5,46000,3,2,46000,59000,46,38,37254,75001,11070,47150,50000,29600,35319,40800,46700,53000,56800,59800,64300,50800,76000,81000,-2,-5,70640,63300,-5,-5,47140,69000,40000,4170,-3
3850,5,12000,3,2,12000,22000,58,52,64154,18000,20000,30000,12050,12000,13080,14200,15700,15100,17030,18300,22400,26000,28000,25000,27450,30050,32000,32000,66075,74200,79100,86075,85700,96000,78000
3851,5,12000,3,2,12000,22000,42,35,33379,23000,33800,-2,-2,41500,37500,34000,39000,40000,42000,51000,42000,54000,50500,12000,-2,17580,1680,20238,16000,8000,15479,14000,18255,784,2352
3852,1,12000,3,1,12000,22000,41,35,50215,18000,20000,30000,27000,30000,45000,60100,24000,28020,30720,33200,45600,29010,-2,52040,-2,-2,32000,50020,14000,12248,15000,10320,20000,21000,17000
3853,8,7200,1,2,7200,7000,77,90,94064,16560,16000,-2,21000,7059,7380,35900,34130,27800,25300,30660,32300,35400,54000,42300,54000,65500,65500,69200,80500,31200,23400,22000,23300,23600,23300
3854,1,14000,3,1,14000,15000,74,78,67468,15000,15000,20000,20000,5000,7080,8800,5012,38750,41010,47000,65000,79000,63100,77000,83000,104000,-5,125500,180000,454737,-2,260000,595986,922631,373000
3855,5,14000,3,2,14000,15000,91,89,93686,18000,14000,-2,23000,22000,50000,3500,59000,-2,66000,-2,-2,-2,90100,70100,136000,132500,222200,246300,266530,454737,440692,497763,595986,922631,766958
3856,1,-1,3,1,-1,-3,31,34,35680,-3,-1,-2,-1,-2,50000,-2,-3,63500,-2,82000,30000,28000,32000,-5,-5,-5,-5,-5,-5,-5,-5,-5,-5,-5,-5
3857,1,-1,3,1,-1,-3,93,93,94233,-3,5400,3928,3137,35000,2010,27040,32050,34106,37818,34152,35378,39800,77000,43200,-1,55563,61151,71000,99200,199000,-5,-5,-5,-5,-5
3858,5,30000,3,2,30000,25000,36,30,24317,33000,60000,65020,-2,60000,11500,13500,14010,62500,10000,63900,12500,14700,16002,14000,18000,-5,-5,-5,-5,-5,-5,-5,-5,-5,-5
3859,5,-2,3,2,-2,-3,18,16,16014,24500,-2,-2,-2,60000,-2,-2,10000,-2,11300,9500,13000,12400,13000,13000,-2,17000,-2,11220,12000,-5,13351,14000,14729,26709,14380
3860,1,30000,3,1,30000,33000,98,99,97808,30000,55000,55000,60000,64000,18500,-2,-2,-2,44400,46100,51040,49000,49000,54000,61000,68000,48000,52000,55000,57000,70000,73000,123000,119000,87000
3861,1,32000,3,1,32000,43000,90,89,91350,30000,40000,50000,50000,64000,60000,1200,18800,21500,27600,26100,35000,160097,17900,19300,35400,37500,56000,69400,80000,60170,37500,72150,69000,88000,91800
3862,1,18000,3,1,18000,20000,85,75,80434,34000,46000,8500,6000,54000,24000,24500,37200,36500,32629,36200,36000,-5,-2,45200,-5,-5,-5,-5,-5,-5,-5,-5,-5,-5,-5
3863,1,55000,3,1,55000,50000,93,90,92504,75000,-2,75001,75001,100000,8200,-2,19200,35300,42057,159805,80000,84200,82200,101000,-3,332808,-3,408473,479983,454737,440692,36000,595986,-2,766958
3864,6,-4,3,2,7000,14025,75,81,79088,17550,15150,6040,14900,-2,43000,-2,-5,-5,-5,-5,-5,-5,-5,-5,-5,-5,-5,-5,-5,-5,-5,-5,-5,-5,-5
3865,1,8900,3,1,8900,10000,86,91,92807,13000,16800,17000,16000,16682,20000,12360,3100,2500,17000,25000,50000,60000,80000,127000,244343,332808,390662,408473,479983,454737,440692,497763,595986,922631,370000
3866,2,25000,3,1,25000,2500,90,80,74600,25000,21000,7000,4000,8800,13400,16520,21000,31000,25020,30400,35000,36770,36680,39000,42030,22000,34600,48016,35000,21000,48000,10000,45000,66000,71500
3867,5,25000,3,2,25000,25000,85,76,70700,30000,35000,50000,45000,40000,16500,62150,76000,27000,25075,109,195,7675,-2,20200,16200,-2,1050,1750,1235,1300,50,0,0,922631,766958
3868,1,25000,3,1,25000,25000,81,84,85012,35000,35000,40000,4550,11090,60000,0,3500,-2,49500,49150,6100,10080,24200,27200,31000,-5,-5,-5,43450,72000,0,-5,-5,-5,-5
3869,1,20000,3,1,20000,20000,79,70,65503,10608,15079,-2,2876,-5,-5,-5,-5,-5,-5,-5,-5,-5,-5,-5,-5,-5,-5,-5,-5,-5,-5,-5,-5,-5,-5
3870,1,-4,3,1,-2,7010,89,78,82358,21684,-5,35600,40350,36300,51150,47600,43000,48600,-2,43007,59425,61510,-2,-2,61200,35000,40000,-5,38200,50500,-5,-5,-2,-5,-5
3871,1,-1,3,1,-1,-3,81,92,92529,30000,30000,50000,52000,72000,75000,1250,0,1600,29000,32030,32094,41500,42000,137000,25000,92400,166800,189996,250000,60000,440692,497763,595986,922631,766958
3872,5,34000,3,2,34000,4520,85,96,96590,8200,10099,10010,11003,9005,14000,13800,19002,19510,21150,21010,22620,40050,31500,48600,41050,50200,50100,78200,31000,-2,-2,-2,90200,-2,337970
3873,1,34000,3,1,34000,-3,99,99,99342,30000,31000,50000,6000,72000,75000,28020,35400,55600,48800,51500,51000,22600,-2,850,4895,70300,125040,110200,50050,100000,230200,-2,80500,922631,766958
3874,1,42000,3,1,42000,50000,85,96,97670,-3,9350,30000,9500,21900,46000,44400,48000,46500,57000,58500,68400,66500,71500,88000,107600,140000,90000,-5,250000,-5,-5,-5,-5,-5,-5
3875,1,42000,3,1,42000,50000,88,81,90868,-3,50000,55300,-2,65000,-2,100001,16050,20000,24750,27200,29150,32180,86150,98400,98200,115000,141000,110200,122850,160000,-2,160000,200050,-2,-3
3876,5,-1,3,2,-1,25000,64,53,63988,-3,-2,-2,-2,-2,-2,-2,13500,16900,22000,15000,21540,20000,-2,83000,114000,-2,91500,102600,107550,102000,-2,-2,53600,54890,85000
3877,5,1200,3,2,1200,25000,81,77,81416,-3,23652,-2,27736,-2,30000,34000,26000,30000,36000,35000,74000,43200,11200,59600,131000,68300,-2,65000,63000,-2,55000,61450,129000,236238,113000
3878,1,-1,3,1,-1,25000,38,29,30393,7360,3900,3700,5100,7000,7026,6000,20000,15000,14000,14200,12000,-2,12100,91000,26500,40600,6400,-2,58000,-2,68000,30000,42000,60200,-5
3879,5,-4,3,2,-2,8100,81,84,78030,14643,-2,21160,15750,300,6782,9400,32270,30600,-2,-2,-2,-2,-2,50600,37450,-2,-2,-2,-5,-5,-5,-5,-5,-5,-5
3880,1,35000,3,1,35000,-3,75,84,82583,-3,50000,60000,16700,21800,-5,-5,-5,-5,-5,-5,-5,-5,-5,-5,-5,-5,-5,-5,-5,-5,-5,-5,-5,-5,-5
3881,1,35000,3,1,35000,2000,32,39,51305,-3,5000,-2,9000,-5,40000,7500,-5,-5,-5,-5,20000,-5,-5,-5,-5,-5,-5,-5,-5,-5,-2,-2,-2,-5,-3
3882,1,50000,3,1,50000,2000,91,89,89269,3800,3000,3000,6000,20000,16000,20000,25000,70100,54000,70050,76000,50000,46800,32070,85200,-5,-5,-5,-5,-5,-5,-5,-5,-5,-5
3883,1,50000,3,1,50000,60000,78,88,82984,-3,7000,13950,50000,11015,35400,34250,34500,22200,38000,39200,28000,39000,56000,45000,0,52100,60000,67000,78000,93800,100100,118000,140000,146225,140000
3884,1,23000,3,1,23000,28000,55,63,75101,32000,45000,50000,22010,10050,9000,-2,44200,46005,43010,44100,61200,-2,60050,65200,52100,82550,114000,124000,146000,176000,192000,231000,235000,252000,249000
3885,1,31000,3,1,31000,36000,99,99,100000,48000,50000,55000,55000,16100,30100,32300,48250,58300,65400,61200,65250,67500,65300,81100,93700,-5,-5,-5,-5,-5,-5,-5,-5,-5,-5
3886,1,31000,3,1,31000,36000,94,96,99600,50000,60000,55000,56000,55000,55000,4250,24000,54100,54075,54050,55385,60100,35150,79500,95400,138000,97000,-2,101100,11500,99200,146000,164800,206200,146800
3887,1,28000,3,1,28000,28000,99,99,100000,35000,41000,46000,35000,14940,25500,27140,15790,1057448,18200,34480,58000,74000,81200,-2,-5,-5,390662,-5,-5,-5,-5,-5,-5,-5,-5
3888,1,35000,3,1,35000,38000,49,67,79761,-3,6000,9555,15287,40000,20050,28025,25220,23000,24826,28100,24819,27012,24150,62200,97010,76315,44918,146000,116300,48880,66500,90000,106500,90800,99500
3889,5,35000,3,2,35000,35000,72,76,86544,35000,30000,14865,26100,32075,39480,41550,50000,46020,50661,50015,48015,40409,36000,37700,38250,41800,54900,-2,87000,17000,89082,59080,100000,82000,-3
3890,1,43000,3,1,43000,40000,78,84,83431,47300,50000,45000,55000,35000,8250,26310,34000,35400,42000,53500,86000,99000,93000,95400,73000,159000,118000,153000,196000,454737,440692,497763,595986,922631,766958
3891,5,30000,3,2,30000,-3,17,17,23773,40000,37000,33000,9331,54000,50000,52000,12040,39070,17700,39150,50632,41020,42015,48012,63530,-5,-5,-5,-5,-5,-5,-5,-5,-5,-5
3892,1,40000,3,1,40000,50000,87,91,93865,20000,4568,6710,2450,3600,7500,36500,39010,27700,30675,31600,45875,53540,61014,72550,84500,156200,390662,168400,167000,188755,229100,101900,124075,165050,167625
3893,5,40000,3,2,40000,50000,58,61,71653,26000,32000,25000,25000,-2,60080,36100,40200,29000,42800,45600,-5,-2,-5,50000,244343,-2,-5,-5,-5,-5,-5,-5,-5,-5,-5
3894,1,40000,3,1,40000,40000,94,89,92888,45000,50000,50000,50000,53000,36,50520,10850,11080,13300,16446,10800,21600,46702,60800,60800,48800,67600,35212,87000,88132,89000,94000,107000,20000,138000
3895,1,45000,3,1,45000,62000,94,93,93615,51900,5800,2298,1890,12552,40400,48000,54000,95100,146942,159805,839078,160097,189918,974100,244343,182000,197000,193000,20000,224500,440692,497763,300000,317500,290000
3896,5,40000,3,2,40000,0,64,62,56741,-3,-2,-2,-2,21000,14000,22000,52000,45500,15000,50000,-2,40200,-5,100000,-2,-2,110000,200000,-5,454737,130000,132000,228000,275000,250000
3897,5,44000,3,2,44000,45000,53,45,51486,50000,75000,70000,75001,63000,85000,38200,38400,45400,55000,80000,73000,73800,76500,91000,-2,90000,100000,106000,90000,-5,100000,497763,265000,922631,766958
3898,1,44000,3,1,44000,45000,65,68,75594,53000,60000,68000,55000,55000,80000,-2,35075,33634,36200,37634,38500,61500,82000,-5,-5,-1,-1,-1,113500,130000,135000,189000,216000,248000,766958
3899,5,20000,3,2,20000,35000,68,54,69025,9010,3100,33200,15700,22500,22500,47000,58200,61700,29300,69100,66600,95200,77000,64000,99300,44000,121520,133742,30200,11400,21800,36000,-5,12000,2145
3900,5,20000,3,2,20000,35000,22,18,26617,-3,-2,-2,-2,-2,11000,14800,25000,18000,15000,18000,18100,18600,18500,20000,16800,30000,34000,36000,32000,16788,2796,15020,16740,-5,-5
3901,1,2300,3,1,2300,6338,90,90,84705,-3,700,3330,5000,16000,24060,12500,15000,-5,18500,20000,20050,25000,24700,29000,34000,45900,41750,42580,45000,47000,49100,51000,74000,86200,80000
3902,1,-1,3,1,-1,10000,99,99,99914,7058,6880,8000,11000,13500,18000,9390,5079,13768,32680,27275,29700,52060,50400,60800,102150,67400,80300,88649,105420,110060,118025,128000,165300,-2,290400
3903,5,25000,3,2,25000,5000,70,71,63919,29050,35307,34530,2150,32000,46000,60150,66350,56415,64500,69400,83500,46100,47900,52500,43100,51300,51800,58100,9055,64500,63500,78000,83000,89000,50000
3904,1,25000,3,1,25000,25000,66,64,74430,32000,45000,45000,35000,20800,29600,26100,40000,50000,48400,51500,52000,39400,32900,40000,40100,41000,52700,87000,54500,61500,71000,99000,101000,108000,108000
3905,1,-1,3,1,-1,3600,10,11,12010,8600,4388,9500,6587,6920,7000,7380,-2,27448,26000,22000,19700,-3,33000,34200,-2,-2,-2,55200,58000,-2,77695,700,-5,7500,9500
3906,5,-1,3,2,-1,20000,20,27,27411,20000,6000,4000,9195,9413,21407,18392,-2,-2,-2,25000,13000,-2,16200,32000,-2,-2,34000,-2,45000,45200,38000,35000,42000,85000,-3
3907,1,30000,3,1,30000,35000,62,69,82183,16500,20000,24998,18640,24380,19000,-2,42100,34510,28500,37100,-2,42650,35900,41800,61500,-2,90000,110000,78000,76000,-2,72150,35000,82000,207000
3908,6,-4,3,2,1300,13520,54,47,50191,11500,12315,14000,19300,16310,17530,16000,37000,-2,16000,18000,40300,44522,53030,54600,108010,83210,97240,64000,68000,41200,47600,63000,59800,61000,62000
3909,1,20000,3,1,20000,22000,74,76,82472,-3,30312,-2,-2,-2,25000,18500,-5,-5,-5,-5,-5,-5,-5,-5,-5,-5,-5,-5,-5,-5,-5,-5,-5,-5,-5
3910,1,18500,3,1,18500,26000,52,57,69363,25558,21000,-2,8600,0,0,0,21000,36000,57000,48000,839078,40000,64000,28000,34000,35000,36000,120000,40000,78000,-2,44400,60000,120000,48000
3911,5,23000,3,2,23000,-3,81,73,77538,38000,38000,30000,30000,57000,65000,55350,72130,69000,-2,72540,18030,32005,33000,43000,51200,72000,82000,11500,29000,27000,40000,95560,93800,92000,97500
3912,5,-4,3,2,1200,3192,80,64,60383,1705,-5,16000,-2,-2,-2,30000,35000,40000,-2,39000,64200,-1,73500,55000,0,90500,62880,65020,100000,95000,87340,76000,-2,69650,85600
3913,5,35000,3,2,35000,40500,72,85,80812,45000,45000,50000,-2,76000,14638,17000,20875,21375,23100,24080,58200,69700,-2,80090,102000,-2,-2,91000,120050,-2,-2,150500,171000,-2,-3
3914,5,19500,3,2,19500,20700,-4,-4,-4,0,15000,17500,19000,27500,-2,16800,29800,36500,37000,60100,61000,51000,64000,79000,102000,115000,110000,104000,97500,100000,91156,42000,40800,78000,-3
3915,5,19500,3,2,19500,20700,-4,-4,-4,22500,-2,7500,5000,7000,15064,4500,6382,6740,-2,5180,9500,10000,14000,20000,18550,24644,-2,41520,40948,52800,27465,24684,64558,72181,78500
3916,2,-4,3,1,5999,-3,92,85,77034,-3,500,16000,24000,24000,-5,24000,-5,-5,146942,90000,-3,71000,70400,160000,65000,80000,-5,-5,119000,80000,70000,3000,81000,70000,178000
3917,1,-4,3,1,-3,-3,17,14,22794,15000,7200,7800,60000,-3,25000,-5,100001,80000,-5,159805,76000,160097,50000,128000,66000,85000,49000,29030,78000,72000,69000,115000,100000,122000,27000
3918,5,-1,3,2,-1,35000,99,99,99492,41440,55000,70000,75001,-2,6318,4100,11289,9525,-1,37750,45100,35152,-2,50192,55000,73000,61500,103200,83530,171400,178000,-2,595986,922631,766958
3919,5,24500,3,2,24500,23000,63,59,76986,18489,20000,40000,75000,32300,32030,28400,32020,34250,59350,55300,59700,70000,76500,39700,54200,67250,49250,62200,80000,98000,99000,109000,121000,119000,120000
3920,1,-2,3,1,-2,-3,58,50,53785,30000,45000,-2,30000,65000,100001,13000,14345,17050,20100,23000,20000,9040,11420,15000,30000,20000,39152,38549,37580,43000,38225,42580,43500,39600,79000
3921,5,-2,3,2,-2,-3,75,62,78138,30000,45000,-2,-2,-2,46320,55000,44300,55000,-2,43460,77000,88280,85000,36000,87800,108000,164000,130000,136800,137600,111900,109900,115000,125000,240129
3922,5,42500,3,2,42500,55000,80,84,87206,-3,13275,12080,17575,29200,19600,23200,30500,33300,35000,44000,38000,41000,59000,74000,60000,3000,0,5000,22000,0,30000,35000,44220,185000,170000
3923,5,43500,3,2,43500,55000,52,56,57964,55000,55000,60000,55000,6090,8000,24000,30000,66600,-2,58000,62400,-2,76800,89790,75500,100000,70057,88000,98559,136000,162000,155000,-2,182000,766958
3924,5,43500,3,2,43500,55000,89,92,98883,55000,55000,60000,9970,2300,5440,4020,-2,21520,25020,57200,61200,35300,32745,87638,100654,122700,138500,161600,206550,454737,440692,270000,308000,922631,-3
3925,1,-1,3,1,-1,-3,96,91,96914,40000,3500,2850,8850,11800,11250,13200,9000,7800,19000,28050,29000,25100,-2,38900,47500,-1,70000,60000,0,79000,83000,95000,20000,55000,103020
3926,1,-1,3,1,-1,-3,83,81,88365,40000,-2,-2,-2,5250,6300,9800,69900,2500,22200,29800,16200,21000,35500,64500,80000,55000,75500,87000,130000,-2,130000,134000,172300,132000,193000
3927,5,-4,3,2,-2,20000,35,35,33917,-3,20000,20000,24000,31400,36200,38500,42500,42800,37000,39500,48000,45000,46062,40150,51762,53784,91000,91000,72266,74741,122000,81000,94000,99232,104326
3928,5,-4,3,2,-3,12000,11,11,9138,27560,32850,18000,30000,9800,13000,1300,0,2250,3500,49000,49000,-2,-2,-2,-1,107500,-2,-2,74000,186000,170600,200104,210576,155200,-3
3929,5,25000,3,2,25000,-3,30,29,26367,41000,75000,75000,4800,1000,2000,1200,2000,1032,12000,1032,900,0,12600,4000,10500,18000,26000,32000,12000,15000,20000,0,21000,52000,107000
3930,1,25000,3,1,25000,-3,46,47,45457,52000,-2,-2,75001,30000,80000,20000,90000,62000,82000,38000,26200,29000,25000,40000,42000,59000,71000,74000,-5,-2,-5,-5,85000,-5,-5
3931,7,-2,2,2,-2,-3,-4,-4,-4,13886,6499,2700,7914,2856,-2,7900,18200,-2,4620,-2,10000,1500,15000,2200,980,3200,2000,144,500,34000,45000,20000,24000,38454,5000
3932,3,16000,2,1,16000,16000,22,23,24217,-3,-2,-2,-1,-2,10995,16000,19861,17000,19000,47000,-2,52000,53603,-2,38932,45951,48000,50000,-5,-5,-5,-5,79000,0,-3
3933,3,16000,2,1,16000,16000,6,4,3486,-3,-2,-2,3252,8000,16000,16000,15000,48000,50000,53000,37200,53500,68000,93000,125000,104000,123000,94500,127200,-2,103000,142000,148000,109000,168700
3934,7,12000,2,2,12000,5000,17,12,16355,9000,4000,-2,-2,-2,-2,22000,60900,-2,42000,33000,25000,21000,21000,26000,28000,32000,29000,30000,42000,48000,50000,62000,51000,62000,72000
3935,7,-4,2,2,816,-5,-4,-4,-4,-3,11450,-2,10000,11000,12000,1500,31016,8664,-1,45507,43000,38000,41000,-1,-1,-2,-1,-2,-1,-1,80000,-1,-1,0,-3
3936,7,23000,2,2,23000,-3,6,5,2940,-3,-2,-2,8000,-2,17000,-2,-5,-1,37000,41500,-2,55000,49700,-1,-1,50000,-5,95000,95280,-5,-5,-5,-5,-5,-5
3937,3,18000,2,1,18000,10000,19,21,25064,-3,10000,15000,18000,54000,26030,35800,-2,68000,50010,-2,25500,-2,39000,-2,-2,332808,20000,-5,-5,-5,-5,-5,-5,-5,-5
3938,7,18000,2,2,18000,10000,5,5,1849,-3,10000,9000,9750,30000,20000,14700,14428,59632,58716,23961,-2,-2,-2,78048,-2,22810,22688,29573,22888,35000,27000,24244,11542,-5,-5
3939,7,4400,2,2,4400,-5,-4,-4,-5,-5,-5,-5,-5,-5,-5,-5,-5,-5,-5,-5,-5,-5,-5,-5,-5,-5,-5,-5,-5,-5,-5,-5,-5,-5,-5
3940,7,4400,2,2,4400,4828,3,4,9976,-5,-5,-5,-5,-5,-5,-5,-5,-2,-5,-5,-5,-5,-5,-5,-5,-5,-5,-5,-5,-5,-5,-5,-5,-5,-5
3941,3,11500,2,1,11500,-5,-4,-4,-5,-5,-5,-5,-5,-2,-2,-2,-2,41000,-2,75000,-2,-2,-2,-2,-2,-5,24099,19000,19000,-5,-2,0,5000,11000,-3
3942,3,11000,2,1,11000,-3,3,5,5525,19000,35000,14000,10000,-2,1000,-2,9936,-2,14000,-2,-2,-2,-2,1380,1464,0,1620,-2,18600,7626,8088,0,-5,-5,-5
3943,3,11000,2,1,11000,-3,7,8,12083,-3,25000,-2,21000,-2,9000,-2,10536,-2,-2,-2,-2,-2,-2,18000,-2,-2,27000,-5,36500,0,-2,30000,-5,-2,-5
3944,7,11000,2,2,11000,-3,6,10,7215,19000,35000,13850,21000,-2,-2,3432,3732,3957,7320,7696,6396,9220,8580,6864,600,30002,8000,7420,15900,15824,12579,9762,11196,8796,-5
3945,7,11000,2,2,11000,-3,3,3,3280,19000,35000,13850,21000,-2,4000,-5,10000,15000,10000,15016,3016,2640,35000,-2,11916,2070,10000,1000,300,-2,0,-5,-5,-5,-5
3946,3,11000,2,1,11000,-3,3,4,5683,19000,35000,13850,-2,22000,3260,3600,13700,5500,24000,22000,19800,22000,13000,17000,42000,-1,10000,-2,38000,50000,-2,50000,-1,-2,-3
3947,7,-1,2,2,-1,17200,-4,-4,-4,27000,-2,-2,40052,41056,42000,23000,-5,-5,-5,-5,-5,-1,-1,40000,-5,-5,-5,-5,-5,-5,-5,-5,-5,-5,-5
3948,7,-4,2,2,3165,3420,3,2,1585,17064,-2,10000,10000,-2,-2,11484,13400,4206,19128,11088,20700,17499,25700,-2,7860,14457,25000,26000,31000,39000,40190,45000,48000,53000,61000
3949,3,5200,2,1,5200,7000,18,21,25725,10000,20000,26000,47000,-2,20504,14400,20000,22200,-5,-5,-5,44600,52000,-2,74700,83000,80000,90600,106000,119300,125000,116000,144000,133000,144000
3950,3,15000,2,1,15000,15000,-4,-4,-5,-5,5000,-2,4800,5000,3650,862,969,0,3200,285,684,4776,11503,6467,5520,6544,12620,20204,0,5178,-5,-5,-5,-5,-5
3951,3,30000,2,1,30000,-5,-4,-4,-4,30000,17000,-5,-5,-5,-5,-5,-5,-5,-5,-5,-5,-5,-5,-5,-5,-5,-5,-5,-5,-5,-5,-5,-5,-5,-5
3952,7,11000,2,2,11000,12000,27,34,33771,22000,18000,14000,18000,-2,25929,29010,30850,-2,53700,-2,-2,61050,97050,36000,37600,69000,-2,-2,50000,50000,52131,10800,18000,-5,-5
3953,7,11000,2,2,11000,12000,27,31,33404,22000,18000,30530,27900,31387,40020,47000,55015,57030,65030,72080,65000,76040,80060,82597,97098,52100,92000,99030,0,107100,105000,115000,120000,97000,295000
3954,3,11000,2,1,11000,3100,27,26,27045,6400,-2,14000,-2,-2,-2,3624,12900,20000,6000,-5,-2,9250,-2,-2,-2,67000,-2,-2,-2,1000,1200,25000,28000,30000,-3
3955,3,11000,2,1,11000,12000,3,4,4990,22000,-2,15000,-2,35000,30000,20000,-2,37000,50500,35000,60000,-2,-2,-5,-2,0,40000,0,7500,15000,2400,0,7200,1800,0
3956,3,20000,2,1,20000,43000,43,61,65363,43000,47000,50000,50000,60000,55000,76800,21000,28700,-2,83300,-2,75000,57000,25000,-5,82000,-5,-5,-5,-5,-5,-5,-5,-5,-5
3957,3,30000,2,1,30000,46000,35,45,46335,43000,10000,15000,16540,-5,19800,90000,28050,27000,-2,96500,-2,-2,-2,46250,-5,72000,55000,67000,68000,75000,100000,-5,95000,85000,35000
3958,3,22880,2,1,22880,12000,10,9,13954,-3,5000,15002,5000,40000,-2,30000,41000,87000,30000,35000,-2,18000,21000,24208,26000,39200,40000,42000,40008,45027,53005,55000,49128,56000,55000
3959,7,15000,2,2,15000,18000,15,17,28716,-3,-3,37000,35000,16050,-5,19000,21040,-5,-5,-5,-5,-5,-5,-5,-5,-5,-5,-5,-5,-5,-5,-5,-5,-5,-5
3960,7,18000,2,2,18000,17400,10,9,16305,19000,22000,25000,32000,36000,21000,40000,-2,-2,18000,16000,-2,25460,-2,29500,42000,-2,-2,-1,-1,-1,40000,40000,-1,-1,-3
3961,1,15000,3,1,15000,19500,30,35,27870,10000,12814,22000,18738,18814,19971,23800,30000,27000,29280,30500,30434,35000,36000,41900,43840,71000,135100,215000,97000,116000,70000,58097,56000,77000,53000
3962,5,32000,3,2,32000,25000,89,85,79541,7210,18000,16600,20000,-2,31950,45000,34600,39500,37050,38000,37000,45510,47015,39000,40000,60000,60000,70000,70000,140000,71000,62000,72000,80000,130000
3963,1,18000,3,1,18000,14000,34,23,34369,-3,19788,-2,-2,14000,11000,15000,18000,21000,-3,14000,15000,21000,19000,23300,33400,50500,52000,60200,66500,62000,85000,63000,48000,80000,105000
3964,5,22000,3,2,22000,39000,84,81,79540,30500,21050,32800,43852,47700,52000,44000,47000,52200,56100,71100,64450,-2,79250,83500,48100,100000,105000,140000,159500,179000,250100,243400,200100,300000,263000
3965,1,24700,3,1,24700,39000,65,63,69890,30500,35000,26000,47680,30936,35050,38000,38700,51250,52200,43000,54050,55050,65100,62020,64500,76500,103200,103000,108000,125500,170050,185500,195200,200050,318800
3966,3,-4,2,1,8200,23000,86,85,78668,20000,29100,36900,46500,33000,46500,44000,53000,68000,-2,159805,839078,160097,189918,974100,244343,332808,390662,408473,479983,250000,-2,-2,280000,244300,-3
3967,4,40000,1,1,40000,8800,73,80,64451,10000,44400,32200,47600,55000,60010,60000,59300,75200,85500,159805,839078,100000,189918,110600,117000,130000,161000,177000,200000,230000,260000,260000,280000,302015,320000
3968,1,7000,3,1,7000,15000,81,87,92321,17000,18000,5560,5960,10320,16400,42300,21200,30500,32000,25200,50000,-2,25000,20200,30000,-2,-5,-1,39000,-2,53125,46000,29500,-1,26000
3969,5,-1,3,2,-1,30000,75,65,84309,35000,25000,2160,-2,59000,67000,-2,21650,34200,70580,68300,73203,45400,53032,-2,76740,-2,-2,72100,71000,200000,70000,82000,29000,74000,68000
3970,5,20000,3,2,20000,300,75,82,80373,7500,15425,20400,12320,-2,19700,18464,7120,19000,23100,24000,26200,26006,27008,32006,43326,52025,50030,52000,55010,65612,75000,85000,95000,90200,-3
3971,1,-1,3,1,-1,32000,89,99,99021,37000,38800,50000,63000,5800,-2,21940,24500,46616,44670,46850,62900,61044,68961,59188,65980,88248,124456,147811,126780,-5,-5,-5,-5,-5,-5
3972,5,36000,3,2,36000,37000,83,73,80035,40000,41000,50000,23850,17000,22000,30000,24000,20000,31600,28000,42900,47450,29700,32000,40321,72000,92000,45808,98500,113000,111000,128000,135500,115700,275000
3973,1,25000,3,1,25000,-3,38,40,39268,35000,70000,26040,-5,-5,-5,23000,22000,18000,18100,-5,-2,31400,23400,28000,48000,45000,-5,-5,-5,-2,87000,-5,95000,-5,108000
3974,3,25300,2,1,25300,-3,27,35,42958,29000,-3,9000,8000,-2,52000,26550,11000,14000,63000,-2,-2,-2,-2,-2,35000,-2,-2,-2,-2,-5,-5,-5,-5,-5,-5
3975,7,11186,2,2,11186,-3,5,9,4594,-3,-2,-5,6972,-5,7032,-5,-5,-5,-5,-5,-5,-2,-2,9648,6012,-2,-5,-5,-5,-5,-5,-5,-5,-5,-5
3976,3,11186,2,1,11186,-3,6,7,5784,-3,-2,-5,22082,-2,2212,12120,14000,-2,-2,-2,28000,25000,-1,28000,22000,-5,-5,-5,-5,-5,-5,-5,-5,-5,-5
3977,7,11186,2,2,11186,-3,16,16,16627,-3,-2,-5,4764,3113,3588,3612,4164,4092,4488,4920,5100,7328,6444,5100,5088,800,10000,4000,600,2177,8288,0,-5,-5,-5
3978,7,11186,2,2,11186,-3,10,12,17848,-3,-3,-2,-2,-5,-2,-2,36200,11000,18848,20500,-2,45125,-2,-2,20288,20500,34100,-2,38769,41389,40976,42622,68740,33452,-3
3979,1,-4,3,1,-3,5426,96,94,92481,8518,21392,46825,52070,60567,56264,-5,58464,55110,63010,37000,66000,160097,189918,132681,244343,133400,195400,183321,479983,454737,254362,217440,595986,282553,264643
3980,1,-4,3,1,5300,7202,99,99,100000,6100,7400,15600,22600,22800,37200,-5,-5,-5,-5,-5,-5,-2,189918,139000,244343,-2,-2,122000,190300,245400,192000,268000,293100,301000,325000
3981,2,-1,3,1,-1,25165,14,21,19851,3000,-3,1400,-5,-5,-5,-5,-5,15500,36000,-5,0,8000,10000,-2,-2,6000,7504,0,-5,-5,-5,-5,-5,-5,-5
3982,6,-2,3,2,-2,25294,32,25,15147,3000,-3,6042,5040,5000,1125,1890,12728,10000,30000,33924,38368,39900,45079,-2,42000,0,28604,7424,7044,14160,-2,41844,15132,19226,249232
3983,5,17000,3,2,17000,5000,-4,-4,-4,-3,9000,1400,18000,50000,-5,-5,-5,-5,-5,-5,-1,-5,-5,-5,-5,-5,-5,-5,-5,-5,-5,-5,-5,-5,-5
3984,1,24000,3,1,24000,2675,88,87,82152,5650,4670,12100,66500,45000,65000,-2,45500,62700,62000,-2,69500,89500,92750,113100,140000,129000,152000,-5,-5,-5,-5,-5,-5,-5,-5
3985,1,-4,3,1,9950,14416,21,24,23502,11570,29200,35864,37400,40600,42160,36680,47476,64650,57960,57400,64400,68663,94956,61000,42000,89000,-2,60000,99200,52671,19680,52036,58860,36768,46464
3986,5,-4,3,2,-2,5140,23,18,16813,10120,11472,11400,30000,19200,12000,-2,34400,52000,40000,-2,-5,-2,-2,-1,-5,-5,28800,-2,-1,20000,40000,48000,-2,55000,42000
3987,3,11360,2,1,11360,900,13,11,14441,9300,-2,-2,-2,-2,13000,37600,19280,27000,28000,-2,27000,29000,35000,20000,18000,25000,27000,40000,39000,45000,53000,54000,66000,65000,45000
3988,7,-4,2,2,11361,4000,24,23,27336,12981,14000,11896,15900,6000,23000,31000,30014,32525,-2,52588,-2,98500,51000,-2,44000,67000,89000,89200,78200,65000,-2,160000,187992,130860,-3
3989,1,20000,3,1,20000,22000,28,25,37626,23000,25000,29400,-1,-2,55000,-2,32650,35000,29750,17883,19000,20000,21000,35000,30300,-2,-2,40808,52000,50500,64000,-2,-2,-2,-3
3990,1,13500,3,1,13500,20000,49,53,44948,20000,24000,15371,25450,-2,34525,44000,47000,-2,14000,15000,32836,-2,-5,-5,-5,-5,-5,-5,-5,-5,-5,-5,-5,-5,-5
3991,5,13500,3,2,13500,20000,6,6,8842,20000,24000,35000,16500,4273,-2,-2,25000,8400,-2,4464,0,18,5650,9600,456,30000,-2,63144,0,7476,30088,19920,20520,8796,17972
3992,5,18500,3,2,18500,5960,63,42,36821,8195,9557,32640,-2,38800,37440,49100,14500,27440,26500,29900,28000,32090,32000,47800,22500,24000,103000,73015,81900,91000,92000,100000,105000,117000,137000
3993,5,-4,3,2,-3,-3,35,45,42890,29700,35000,37132,-2,40352,44355,47047,10597,-2,8100,10500,9684,5900,4500,12724,6400,6128,63800,13080,24000,37000,-2,34000,41500,28440,8300
3994,1,10000,3,1,10000,10000,40,39,51047,15000,16000,20000,1510,7209,30000,9000,4300,9688,4800,-2,-5,8933,29420,-5,494,19144,25192,23000,30910,17994,-5,-5,24000,11500,18000
3995,7,10000,2,2,10000,12300,24,20,22435,14746,9750,-2,13939,5040,7200,10000,8568,0,35000,41500,58550,50000,-2,97200,24444,28044,26720,36200,44000,66000,58000,68500,66500,75000,-3
3996,7,10000,2,2,10000,13000,5,5,5375,-3,-2,12000,11036,-2,36000,-2,0,6800,1523,8000,0,4008,9860,11700,51640,25348,32000,-2,50000,42000,44500,44000,34000,10000,-3
3997,7,10000,2,2,10000,12000,17,21,16509,-3,-2,-2,-2,-2,-2,6200,8200,5118,2838,-5,1620,1200,-5,4800,5640,0,7620,10008,4800,10540,-1,4620,5052,11391,-5
3998,5,1800,3,2,1800,13000,9,6,5933,3600,2436,9272,7788,6768,7484,9000,-2,-2,-2,19632,15168,22449,27000,26500,26000,0,0,1788,1680,9996,-2,-2,11220,11424,-3
3999,1,12000,3,1,12000,35000,27,25,34421,32000,56000,-2,-2,16000,24200,25000,36000,51000,64000,42000,51500,-2,43000,46000,1950,57500,22000,18000,0,-5,-5,-5,-5,-5,-5
4000,1,12000,3,1,12000,35000,26,29,20640,32000,56000,21400,17200,20000,15000,21000,15000,-5,-5,20000,-5,-5,-5,29000,32000,38000,25000,38000,-5,-5,-5,-5,-5,-5,-5
4001,5,18000,3,2,18000,40000,64,59,72427,50000,37000,6670,5519,7700,6880,11860,17675,14005,18280,23000,-2,11236,15977,17840,21000,34000,35000,30714,34800,30770,33419,31525,30000,32000,35062
4002,5,18000,3,2,18000,40000,31,30,46128,50000,37000,-2,-2,21500,14150,-5,20000,34100,32000,33000,-2,-2,45000,45200,37000,16000,-5,-2,27000,38172,28000,32000,30000,-5,-5
4003,5,-4,3,2,8000,8000,-4,-4,-5,-5,12000,13000,13000,17738,21096,18209,23000,-2,22000,40000,39795,30500,51600,48500,76000,120000,56000,-5,-5,-5,-5,-5,-5,-5,-5
4004,1,35000,3,1,35000,39000,51,66,60943,17900,23000,20005,21300,29000,25000,66000,26000,25000,26500,30100,35000,30300,74000,75000,81150,87200,95500,108000,110500,112000,60000,56000,75500,110200,109800
4005,7,-4,2,2,-2,3300,24,26,26462,4824,11287,9534,2500,6588,8187,12376,13000,16285,17375,19000,18635,16135,19000,20565,23944,-2,45000,32400,29000,34000,-1,-2,-1,-1,-5
4006,3,-1,2,1,-1,8000,28,31,45724,12000,13500,-1,5059,9138,20205,23764,-5,36634,32372,16100,40800,35400,-2,40620,66100,66000,97020,68350,124872,113080,119000,130600,116400,125400,121000
4007,7,18000,2,2,18000,-5,46,43,44062,15211,8703,-2,21652,-2,26000,27000,-2,-2,13300,14432,12500,-1,5100,27790,52000,27500,53400,39800,44000,49960,44000,24000,58200,78000,59400
4008,3,10000,2,1,10000,21000,10,17,13462,20000,-2,61932,40000,43000,65000,22000,22000,27000,31075,-2,28000,38000,43700,-2,42000,58000,78000,144000,139000,154000,161000,-2,82000,82000,-3
4009,1,14400,3,1,14400,12000,51,59,68077,3000,4500,7000,10420,75000,40000,6000,6530,3500,12000,14700,600,11400,13300,23500,0,56000,-5,34964,31000,25100,29892,57800,85000,82000,84000
4010,1,14621,3,1,14621,11000,71,74,81673,16500,-2,12015,30297,28000,40000,53100,95100,-2,146942,97000,-2,-2,-2,30000,32000,33000,37200,43600,50100,55000,55000,73000,70000,72000,82000
4011,1,3200,3,1,3200,-5,-4,-4,-5,-5,-5,4000,3500,-2,10000,8956,11978,-2,3368,-2,3600,-2,6000,21800,42800,-2,-2,-2,33400,41000,37400,15000,2208,24232,17520
4012,5,20000,3,2,20000,11000,26,25,29529,-3,4667,6503,9600,10400,13877,400,10200,13536,14900,14000,14300,-2,600,800,1400,14564,800,1000,-5,12000,13400,8280,13800,15072,16006
4013,1,22000,3,1,22000,-3,11,11,13418,11000,16500,23000,55803,43000,58000,16000,13000,-5,19000,-5,-5,15000,-2,23800,26000,27000,29414,29800,36020,40000,40000,35000,39000,103000,43000
4014,1,22000,3,1,22000,-3,20,17,27247,11000,16500,23000,53000,2000,58000,4000,5000,9100,0,-5,-5,24000,20000,15000,52000,55000,80000,75000,92000,85000,-5,86500,85000,84800,-3
4015,7,10500,2,2,10500,6000,36,32,38207,14000,4700,10000,18000,34000,-2,22000,25000,26910,-2,31900,32300,32500,37000,36500,38500,41000,43000,40000,47000,52000,48000,73000,56000,62000,70000
4016,7,-4,2,2,-3,-3,8,8,8873,5700,10880,-2,-2,-2,14000,15000,-2,20000,12555,20000,12500,7400,-2,0,0,6338,12000,28000,30000,42000,52000,-2,-2,49000,-3
4017,7,450,2,2,450,1300,14,16,21535,1500,10000,-2,-5,4700,8000,6000,-2,6000,-2,25500,43700,36000,14500,16300,16000,18000,-2,6852,0,14000,-2,-2,-2,15440,10304
4018,1,8000,3,1,8000,10000,7,4,10707,20000,11000,13000,16100,13800,14000,34000,32000,-2,23350,-5,-5,-5,-5,-5,-5,-5,-5,-5,-5,4140,-2,18000,30000,40000,-3
4019,5,10000,3,2,10000,16500,92,91,96219,15000,11000,2407,1506,6500,16000,35000,-5,43000,26800,44520,29000,19600,34800,60050,80500,120000,131000,134200,169000,180100,-5,248000,280000,-2,-3
4020,3,8000,2,1,8000,6000,17,18,27754,11075,10000,8700,5206,14096,2664,12250,-2,9927,-2,-2,-2,-2,333,30,0,0,16000,-5,10000,2992,7064,53400,-5,0,0
4021,7,10000,2,2,10000,6000,30,28,52841,10000,8000,8700,13000,-2,9000,11000,15000,14090,19000,10300,15596,19000,26550,36000,43000,71000,54000,78000,51300,73060,63000,46000,55000,52000,52000
4022,1,30000,3,1,30000,37000,16,21,22701,3000,5400,50000,66000,22000,28000,97000,-2,-2,40500,35100,45000,51000,56600,52500,60000,60000,64000,65000,90000,90000,102000,85000,5000,50000,70000
4023,5,6000,3,2,6000,8500,91,88,99700,-3,10256,18219,20156,20000,-2,-2,19700,21700,26800,26600,30500,30000,56100,93060,104761,113500,106000,109130,125100,148100,152000,87600,91000,-2,128000
4024,5,-4,3,2,10200,-3,1,1,249,-3,5346,3996,20136,17000,9800,28000,26000,-2,-2,-1,-2,-1,-1,9400,-2,-2,-2,36000,121000,-2,33748,56256,74584,40741,-3
4025,1,600,3,1,600,-3,25,25,31798,-3,-2,18071,9600,13000,14000,12000,12000,15600,-2,15000,-5,13000,17000,27000,-2,57000,15000,28000,24000,35000,48000,35000,52800,46496,-5
4026,5,14000,3,2,14000,20000,-4,-4,-4,45000,15900,32800,22500,31400,44375,32500,-3,52512,41100,159805,-1,35000,95000,98100,86000,-2,70800,137000,-5,-5,-5,-5,-5,-5,-5
4027,5,-2,3,2,-2,-3,73,54,56393,-3,11000,12500,49000,-2,58000,-5,70500,55400,73000,67000,77000,96000,-5,-5,-5,-5,-5,-5,-5,-5,-5,-5,-5,18000,21500
4028,5,9000,3,2,9000,18000,15,17,24289,50,-2,9556,10000,15000,-2,952,61100,-2,39000,24000,-3,0,-2,28000,-2,34000,34000,57800,51500,69000,70500,72000,76000,61000,-5
4029,1,9000,3,1,9000,3000,38,35,43649,15000,15000,9440,14000,15000,10000,25000,35600,60600,43067,45825,24320,29750,76000,154000,82000,125000,-5,-5,-5,-5,-5,22800,-5,-5,24000
4030,5,27000,3,2,27000,28000,49,47,53094,42000,35000,43000,44600,53000,-2,50000,60200,75025,65550,60000,87000,72000,77000,57000,-2,-2,-1,17000,15350,-2,-2,70800,73700,76000,83000
4031,1,27000,3,1,27000,28000,1,1,942,41000,35000,43000,44600,53000,8646,1700,9700,12000,11910,11764,5000,17000,17000,-2,15800,-2,14030,47000,-5,50000,48000,55000,54000,62000,-5
4032,1,7917,3,1,7917,8044,75,75,84930,10000,-2,14704,11000,10261,17000,30005,-3,31500,30038,30013,30000,32400,27500,21811,44000,29000,47000,59400,61600,56510,45470,49160,64500,63010,64000
4033,5,14000,3,2,14000,20364,80,84,84521,34000,34000,40000,37300,60000,50000,17000,41645,-3,39266,43366,43201,47907,52384,55015,61039,65312,72652,183370,-1,-2,-1,-2,-2,-1,-3
4034,5,14000,3,2,14000,20364,67,55,66706,34000,34600,37057,29000,29338,32300,33007,36003,41000,-2,43011,32600,40000,44200,22000,35830,42400,214400,-5,-5,56400,59000,59200,65100,-5,-5
4035,5,14000,3,2,14000,20364,48,53,57901,34000,34000,37057,37300,57332,40000,-2,-2,73000,38000,39000,47000,53000,57000,135200,36400,-2,-2,64000,107000,107000,104300,107000,115400,32000,35000
4036,1,14000,3,1,14000,20364,24,27,44242,34000,34000,37057,37300,-2,10000,27000,22000,28700,31900,31600,30000,25000,37600,50000,0,-2,83000,82000,79500,77000,55725,71000,68600,82000,79900
4037,5,15140,3,2,15140,-3,73,78,87922,24000,4340,24460,4860,8000,20000,8000,37000,42000,27100,47000,-2,40243,27036,50200,73000,59610,67000,58150,66000,40000,30000,17760,0,26328,32328
4038,5,23000,3,2,23000,20000,22,30,41801,30000,20000,55000,6000,12300,30000,-1,32081,30335,41320,61440,28620,22000,16600,-5,3360,-2,-1,-5,-5,-5,19000,24000,20000,33000,29000
4039,5,-1,3,2,-1,6510,71,62,68161,19030,-2,-2,-2,14700,8000,24000,43000,14000,-2,-2,35000,35000,38000,30000,34000,40000,-2,-1,42000,-1,-1,13203,12000,12000,16000
4040,5,-1,3,2,-1,-3,49,54,52975,19030,-2,-1,-2,3321,-5,-5,21600,-5,27200,17800,19000,-5,-2,-1,42402,-1,-1,0,-5,-5,-5,-5,-5,-5,-5
4041,5,-4,3,2,12500,14300,72,70,74218,14180,15700,23772,31000,19901,18260,71832,40000,40585,42200,17220,36456,-2,61000,66000,60000,49000,64600,61500,85000,42990,63900,58732,63800,64000,216400
4042,2,8409,3,1,8409,3262,54,63,65827,6960,7889,20000,5263,7000,11682,19000,22000,28000,24000,35600,43800,43460,70780,-5,133000,61000,104000,115000,149000,83332,86000,95000,131500,138600,215000
4043,2,8409,3,1,8409,14400,46,40,46939,4783,9000,9144,27840,33500,21000,30000,18000,23340,52500,44800,58000,60000,72000,74200,72000,-2,390662,0,-5,-5,-5,497763,-5,-5,-5
4044,2,8409,3,1,8409,14400,20,18,27021,-3,15000,20000,21100,35000,40000,-2,12000,-2,-5,-2,-5,-5,-5,-5,-5,90000,-5,-5,-5,-5,-5,-5,-5,-5,-5
4045,6,9400,3,2,9400,10000,30,27,29591,2104,3650,2440,-2,-3,14072,-2,19070,8000,30000,19900,-2,-2,16192,16476,-2,14230,42500,61200,50000,40000,42000,-2,34000,32000,-3
4046,2,6384,3,1,6384,9743,10,12,13281,21000,25000,-2,48200,24000,29660,43000,44000,38000,38350,50900,50700,60500,32000,-5,38168,18000,23000,8172,25452,16528,17536,15168,16176,16800,-5
4047,2,6384,3,1,6384,7520,3,4,8404,6000,20000,7500,-2,7500,29508,12000,23000,24000,11110,12000,18420,17220,23042,10200,25000,22550,47000,784,26400,24000,27800,35000,45738,15804,-3
4048,1,-4,3,1,8859,14000,76,72,79940,8997,16000,15000,16800,16480,29600,33000,37000,38000,28000,35000,-2,12000,12000,13000,900,20200,14000,-5,25000,108000,33785,18000,29390,24000,41400
4049,5,-4,3,2,8859,14000,49,38,41698,11289,16000,13180,16800,16200,29600,30000,37000,34000,15000,9000,9000,12000,18435,83125,90000,93396,94504,110500,209200,138000,80000,76000,65000,75000,-3
4050,5,20000,3,2,20000,26000,60,52,67759,34000,11075,23500,-5,36500,33500,100001,40050,37500,45500,20000,-2,23500,-2,64092,62650,80007,-1,-1,190985,-5,-5,-5,-5,-1,-3
4051,5,20000,3,2,20000,26058,79,84,85097,34000,35000,3400,12608,18166,18000,-2,23000,20000,27445,31600,32871,31050,34730,-2,49000,51000,52857,21000,44544,78307,73300,71806,31800,47000,28000
4052,1,-1,3,1,-1,-3,71,67,85777,-3,75001,75001,75001,100001,16800,15000,11000,30000,40500,40162,58075,57000,56000,98000,0,332808,390662,-5,60400,72000,-2,33646,-1,-1,-3
4053,5,24000,3,2,24000,38328,47,53,52676,51000,35000,45000,75001,100000,-2,-2,-2,17434,25020,-2,-2,-2,-2,60800,67100,-2,29400,-2,-2,-1,233400,268000,-2,200100,270600
4054,5,24000,3,2,24000,38328,27,29,33359,51000,60000,45000,75001,100000,95000,-2,13000,-2,14000,22000,27000,27000,30000,33000,0,38000,42000,47000,45000,59000,68000,63000,-1,65000,66000
4055,1,75001,3,1,75001,-3,84,89,93952,-3,-1,-2,35500,20000,26200,24000,0,28200,40200,40000,35200,42000,63000,100200,150200,332808,390662,408473,479983,145000,440692,497763,595986,922631,766958
4056,1,30000,3,1,30000,40000,79,77,68436,4000,48000,55000,55000,14000,17000,100001,-2,33000,28000,25000,28500,33000,24000,64000,0,72000,68000,111000,90000,80000,101000,105000,102000,135000,120000
4057,5,30000,3,2,30000,40000,46,53,70040,40000,48000,55000,55000,2901,1300,300,-2,32400,47100,53000,-2,62000,61500,-2,60000,77000,-2,95800,120000,105000,-2,-5,-5,-5,-5
4058,1,-1,3,1,-1,-3,71,77,77229,40000,60000,-2,-2,3500,9000,16200,40600,50000,36550,45200,46050,95000,48470,55040,86120,116000,133300,132000,152000,230100,201075,213050,230000,232000,225000
4059,1,9500,3,1,9500,11488,90,95,96789,-3,-2,-2,15000,4300,1000,7500,8000,33000,34000,47550,38700,44000,36000,41500,72500,103000,-5,-5,-5,-5,-5,-5,-5,-5,-5
4060,5,-4,3,2,13000,20000,91,81,84638,24500,14150,32000,26000,39350,44200,54000,100001,-2,89500,46500,20500,9487,28000,33270,45100,-2,68000,6600,29000,22000,48000,-2,-1,82000,85000
4061,1,41000,3,1,41000,-3,23,30,33624,-3,75001,40000,50000,100001,30000,32000,17500,8000,18000,20000,21000,5000,-2,23800,0,43000,18000,11448,-2,-2,-2,-2,15600,15776,76596
4062,1,41000,3,1,41000,35564,57,65,78162,31750,33000,4200,16106,7858,22300,22600,21000,40300,58200,84300,48000,60626,32000,25600,150,57362,68000,68200,52000,30000,22500,44000,12000,30000,20000
4063,1,24000,3,1,24000,-5,-4,-4,-5,-5,30000,4060,43000,45000,10000,17000,15000,13000,15000,16000,17075,24000,16014,21000,0,14000,31000,29000,32000,36000,37700,40000,48000,36000,-5
4064,1,24000,3,1,24000,26800,76,86,91216,23850,30000,40000,43000,45000,22000,20000,22000,29000,30890,29000,28000,41000,44976,47500,0,60000,32646,36963,38600,-2,-2,-2,1200,52600,62000
4065,5,27500,3,2,27500,25000,46,53,69495,30000,35000,40000,44000,31900,80000,32000,39000,34150,30050,27000,-2,-5,-5,-5,19800,-1,-5,75000,104280,130000,100000,100000,104000,120000,144500
4066,5,-4,3,2,19000,18100,73,68,67776,18200,20060,25100,22500,28500,35800,38000,38000,40400,-3,45240,100000,53700,71400,122000,244343,332808,220960,408473,479983,454737,268000,185000,106676,201419,104000
4067,2,6800,3,1,6800,11500,45,44,40633,4300,6700,7500,10003,21002,16104,13000,14000,20000,21000,20900,16000,21932,27280,37000,-3,39000,56000,41000,50000,62600,49103,24000,25108,35000,-3
4068,2,6800,3,1,6800,11500,6,9,11904,-3,-2,3461,-2,-2,13000,13140,14365,17800,18170,6995,7668,-3,24860,-2,18065,19360,25784,3045,25600,18000,22777,15760,11855,19800,0
4069,3,6124,2,1,6124,6896,17,23,29981,-3,10240,7608,11000,10660,16300,24000,-3,-2,36030,37000,18125,-3,23000,-2,0,53100,-2,13620,7500,13800,13200,0,-5,-5,-5
4070,3,6124,2,1,6124,-3,6,8,12697,4084,7272,682,13000,5670,0,0,0,10,200,50,200,100,0,4800,0,0,0,-5,0,0,0,0,-5,0,0
4071,7,6631,2,2,6631,-3,11,12,20078,-3,2560,3604,2334,3679,8200,11000,12000,9515,12500,12000,15000,14000,16500,16000,-2,-2,-5,30050,16700,59000,32000,233760,-1,-2,-3
4072,3,6631,2,1,6631,-3,11,11,14680,9000,1560,4618,13000,3000,-2,-2,-2,-2,-2,-2,-2,-2,-2,4000,-2,-5,-2,-5,35000,0,-2,-2,1440,-2,31192
4073,3,19000,2,1,19000,746,14,18,13882,5000,6820,8724,-2,14000,8000,-5,-5,-5,-5,-5,-5,-5,-5,-5,-5,-5,-5,-5,-5,-5,-5,-5,-5,-5,-5
4074,5,25000,3,2,25000,45000,99,98,99487,-3,-2,-2,-2,0,27000,26850,57900,70000,80750,97500,839078,160097,-2,-2,48000,57500,74500,80002,91550,91000,97000,89664,-5,-5,-5
4075,5,-4,3,2,-3,-3,56,57,65092,1104,16160,-2,7680,-2,-2,-2,-2,-2,-2,-1,-1,-1,-1,-2,-5,-1,-5,-5,-5,-5,-5,-5,-5,-5,-5
4076,1,7500,3,1,7500,3410,74,61,57165,5526,-2,10501,10284,12000,18000,43400,17369,-3,40940,43835,39100,39947,42352,47146,39600,50450,93600,92000,-5,291660,141267,251500,154086,-2,167874
4077,5,7500,3,2,7500,16600,63,66,60404,75001,0,3000,6000,10900,61100,5350,2000,-2,15400,18600,47860,61730,12440,30250,27600,55200,22400,18600,22400,35000,30910,26000,30000,30000,45000
4078,6,6240,3,2,6240,-5,-4,-4,-4,-3,-5,-5,-2,-3,20000,11021,20000,-2,-2,15540,-2,10000,17000,-2,-2,-2,37000,-1,36000,33700,30360,49000,50000,48000,55000
4079,6,6240,3,2,6240,-5,-4,-4,-4,-3,-5,-5,-2,-2,-2,21000,24000,26000,25000,20000,32000,26872,37200,49000,47000,46000,85000,76000,53000,60000,60600,-2,84000,100000,170000
4080,5,-2,3,2,-2,18120,46,39,52333,14315,-2,14516,39007,45000,51000,77000,84000,-1,-5,-5,-5,-5,-5,-1,-5,-5,-5,-5,-5,0,-5,-5,-5,-5,-5
4081,1,-2,3,1,-2,18120,12,11,12918,14315,16000,5100,2550,15976,18951,32770,33900,36610,48444,47300,46124,55150,46116,51000,64100,58000,79000,85300,91000,99000,110200,105140,113000,118000,117000
4082,2,5064,3,1,5064,-3,6,6,5862,2964,2400,4248,6408,32176,11752,9664,2000,8820,10296,7396,9612,25756,10711,2000,30000,14144,-2,-5,-5,-5,25416,-5,-5,-5,-5
4083,5,9600,3,2,9600,7200,16,17,25218,6300,10044,10592,11100,2000,3000,16500,32800,30000,24000,28800,-2,27000,28000,-2,30000,-2,0,0,25896,1944,2400,2400,2328,-5,-5
4084,5,-4,3,2,-2,15100,80,79,84766,-3,28100,44070,53600,34200,38700,42400,36000,40400,-2,49300,53200,44500,58200,61250,66800,37000,46500,-2,96638,107000,-2,80000,-1,-1,-3
4085,5,16000,3,2,16000,-3,24,23,27619,6118,5752,10097,4236,23003,24000,27000,32015,30020,30010,30510,30020,31620,40030,45000,88000,47000,12000,0,41000,86000,63884,36000,-2,36000,-5
4086,1,29000,3,1,29000,29900,91,88,91062,35000,37000,41500,41600,67000,38910,38500,37000,38000,44000,44300,45000,57050,75500,119200,70000,-5,-5,-5,-5,-5,100000,100000,188000,55000,80000
4087,1,12000,3,1,12000,15000,60,52,68261,20000,18500,17000,20187,-3,31726,44000,47600,46700,48400,-2,-5,-5,-5,-5,-5,-5,-5,-5,-5,-5,-5,-5,-5,-5,-5
4088,1,55000,3,1,55000,75001,74,75,78525,75001,75001,75001,45000,40350,93000,86000,88000,1057448,146942,159805,839078,160097,189918,974100,244343,332808,390662,408473,479983,454737,440692,497763,595986,922631,350000
4089,5,-4,3,2,18500,28500,37,39,43387,20700,14434,13400,12014,13093,15694,-2,19500,39000,20800,18000,30000,24800,24948,21902,26000,16000,34000,28000,42000,35450,54500,54500,18500,20000,100000
4090,1,12000,3,1,12000,23000,32,34,41162,30000,8480,9952,9290,13000,13000,18700,-3,20000,18000,15000,42000,43000,58560,97000,76000,50000,-2,54000,58000,59000,57000,58000,-5,60000,65000
4091,1,48000,3,1,48000,-3,42,42,46741,32900,35030,38645,38580,43024,42560,47000,44200,47200,52000,49700,38300,40200,44100,30100,49050,70000,72100,84200,88500,86000,77000,78000,85000,78000,55500
4092,5,48000,3,2,48000,38000,62,66,60810,40223,46949,60000,60312,28900,25600,39400,48000,46300,55000,56300,58200,98500,64200,59150,52600,78000,71200,70500,90000,92000,98000,114000,98000,102000,96000
4093,5,48000,3,2,48000,38000,63,75,76602,40223,46949,46500,55000,15000,45000,50080,64284,49632,67632,61145,52000,65020,-2,36020,35025,40020,60300,50400,65800,74914,69000,70003,74000,27008,39420
4094,5,32000,3,2,32000,44000,69,70,82381,60000,50000,65000,53000,60000,100001,4300,18076,24400,52400,58400,60600,56600,61600,112000,65600,87800,79200,62000,75000,77000,98526,108000,124000,133000,135000
4095,5,32000,3,2,32000,44000,55,65,71516,46000,50000,70000,75001,60000,100001,15033,17560,25160,29200,36000,100000,160097,189918,136500,127000,6000,150000,186000,200000,240000,250100,497763,595986,350000,766958
4096,5,13500,3,2,13500,-3,-4,-4,-5,-5,-5,-5,-2,-1,-2,-5,-5,-5,-5,-5,-5,-5,-5,-5,-5,-5,-5,-5,-5,-5,-5,-5,-5,-5,-5
4097,5,28000,3,2,28000,33000,75,75,87379,8979,14703,18000,20125,20000,23035,28000,28200,33200,31090,36820,37520,33060,44100,54070,59249,66360,78100,100100,104070,105040,109880,120530,90000,94000,100000
4098,1,28000,3,1,28000,33000,7,11,12622,43000,45000,-2,25563,-2,26500,27735,29000,28000,30500,35000,41975,40000,50485,38000,41000,60800,49900,55000,61800,36000,-5,-5,-5,-5,-5
4099,5,28000,3,2,28000,33000,32,28,43702,-3,45000,10681,16000,50000,35000,18000,-2,48000,44000,23000,-2,-2,12000,40000,-2,48600,44100,45888,54640,49972,-5,-5,-5,-5,-5
4100,5,19500,3,2,19500,4620,24,27,25376,26000,3656,28300,33000,36300,-5,-5,-5,-5,53000,65300,62000,63000,-2,12000,5040,0,4800,500,39900,0,0,-5,0,-5,-5
4101,2,17000,3,1,17000,10700,30,27,28067,12414,-2,9842,14315,15400,16980,-5,-2,14940,17031,17112,12704,12662,19844,50339,-5,-5,-5,27000,-5,34000,19168,48500,54000,42000,43600
4102,1,-1,3,1,-1,25000,73,64,73265,30000,35000,-1,40800,-2,80000,-2,42000,20500,37550,45000,40800,35000,34092,55300,92600,-2,56500,94200,40000,77500,71900,54990,-5,-5,-5
4103,5,30000,3,2,30000,45500,55,50,40437,19200,20200,8100,33000,26030,33000,31075,-3,37800,18620,22540,39500,41040,-5,50000,53110,29000,39300,39700,38900,38200,38000,43000,42300,-5,51680
4104,1,33000,3,1,33000,35000,38,43,46031,40000,11900,13900,8500,11012,12993,14000,12960,17920,13000,17300,27000,25000,30000,22500,38500,-5,42300,48000,-5,-5,-5,37000,-5,-5,-5
4105,5,30000,3,2,30000,45500,38,37,29923,40000,22000,27247,33000,26000,25441,28432,-5,36000,30000,32000,30000,31000,35238,24560,11648,-2,15000,15000,5082,16640,19000,11250,26151,20580,14880
4106,1,37000,3,1,37000,13715,76,94,94695,32000,13200,25000,-2,18000,26000,19020,35400,-2,-2,40050,37600,44300,48050,54500,100,50300,52500,53000,62400,70400,73500,70300,76000,80200,84110
4107,5,37000,3,2,37000,13715,94,99,97965,32000,47000,38000,35000,55000,3400,18400,18400,25558,27150,31457,32000,71020,45553,60200,47700,15682,49880,52882,58300,62700,68300,74264,627,82455,86800
4108,5,20000,3,2,20000,26000,57,62,57772,26000,36000,37000,3815,20060,22000,22300,23300,28200,25000,29900,32100,34100,34800,37000,43000,59000,35900,85400,87732,89000,95000,91000,110400,92000,116000
4109,5,20000,3,2,20000,26000,69,80,87692,26000,36000,37000,35919,-2,19680,25259,28500,29320,28055,29100,30734,32800,34300,36340,36900,100,39400,36518,45226,47700,48200,49000,47990,51503,58310
4110,5,31000,3,2,31000,26000,31,27,30810,3500,30800,16100,1601,3896,3287,53348,5936,3497,4130,26688,10920,8136,4230,11856,43160,-2,66680,71693,12836,7440,10008,-2,9420,9288,9072
4111,1,31000,3,1,31000,26000,2,2,473,22388,2898,21248,14000,22000,4377,-5,12343,12000,18000,17000,13600,15000,9000,70000,33000,30000,65000,107000,40000,59112,0,20000,14000,1080,20150
4112,5,7000,3,2,7000,8784,3,5,2455,8606,-2,-2,-5,-5,-2,-5,11960,13000,8750,10000,15952,10848,2388,-2,20259,-2,5175,-5,5700,0,-2,-2,-2,-5,-5
4113,1,7000,3,1,7000,8784,8,10,8489,8606,7900,9278,12800,18000,-1,-2,-2,-2,-2,12000,-2,-2,7000,7344,-2,23300,-2,-5,-2,-2,-2,-2,19000,-5,-5
4114,1,20000,3,1,20000,16500,50,48,59908,20000,21000,25000,30000,44500,43000,42000,48145,55000,33860,34250,34400,36400,38500,40800,30000,30000,-2,131200,145700,158500,91000,163150,137000,90010,96000
4115,5,-1,3,2,-1,9600,52,55,69661,5200,4000,4810,14012,-2,-5,-5,7905,8508,14637,15000,-5,15141,25290,-5,-5,-5,-5,-5,-5,-5,-5,-5,-5,-5,-5
4116,5,34000,3,2,34000,39000,62,64,78426,43000,44000,54800,42000,5500,60000,59000,16500,18000,23000,28000,30000,31000,31000,34000,40000,51800,54000,44225,48578,51100,53000,-2,67000,105000,95000
4117,2,-2,3,1,-2,5850,23,19,17871,28529,9500,27000,-2,36000,10100,13480,-2,13860,14407,-2,12178,13500,-2,28000,43500,-2,47500,35860,42500,48000,46000,47000,47000,53480,69000
4118,2,-2,3,1,-2,-3,6,5,6203,5303,2976,5648,11788,1000,12240,-2,-5,7000,-3,14800,-2,16000,10000,19000,14000,10000,12500,-5,-5,-5,-5,-5,-5,-5,-5
4119,2,-4,3,1,-2,6388,18,17,9922,10412,14000,19000,21449,20539,24000,18000,23000,20000,31000,35000,32015,34025,37000,43000,41000,-2,52000,-2,-5,-5,-2,-2,85000,-2,-3
4120,6,-4,3,2,-3,6388,37,31,24718,10412,14000,19000,20945,20539,23707,24006,29000,27000,36010,35010,32015,34025,37000,66000,41000,43000,54800,-2,-5,84000,77820,89080,-2,93000,127100
4121,6,-4,3,2,4798,20699,8,11,6447,7315,3164,6689,999,6141,6000,10500,16144,20800,12000,12128,20642,29096,9028,8367,-2,11000,6000,7476,28000,22008,28052,10692,10332,9252,-5
4122,2,-4,3,1,9665,9460,98,98,95956,16200,17500,21000,24000,23900,31700,26060,28000,30517,30050,48000,35100,160097,80000,50000,92500,60000,204000,72000,193800,454737,-1,200000,150000,120000,-5
4123,7,-1,2,2,-1,10000,6,10,18467,13000,-2,23825,22000,30000,21000,2309,35513,1596,6048,7776,12246,-2,7680,18272,14220,43900,-2,40061,28056,190600,-2,15456,13428,12936,8000
4124,5,35000,3,2,35000,38000,69,62,64006,45000,60000,52000,52800,70000,75000,40020,54200,76050,22050,64530,26300,38000,39000,44000,41500,40500,43000,52000,61000,78000,67000,70000,70000,56000,58000
4125,5,-2,3,2,-2,19000,44,35,50215,-3,-2,18496,-5,11174,6060,5871,11000,17000,21380,18120,29000,30000,31990,19000,23000,23620,28150,-5,14000,20,65000,30000,120000,40000,-3
4126,5,-2,3,2,-2,19000,-4,-4,-4,-3,34000,33500,-5,-5,-5,-5,-5,9000,1560,9600,13300,13920,14100,23,-2,-2,12700,-5,-5,-5,-2,0,0,-2,-3
4127,1,8000,3,1,8000,15500,68,68,61471,7002,70000,75000,62000,7300,13200,12400,13940,17505,27575,28650,29575,32060,35000,36000,38075,-5,-5,-5,-5,-5,-5,-5,-5,-5,-5
4128,1,16000,3,1,16000,23000,67,51,38548,6900,70000,10170,36050,17000,14000,20000,17000,25000,22050,34200,20000,20000,25000,26500,28100,84100,91100,94200,110000,120000,136634,-5,-5,-5,-5
4129,1,16000,3,1,16000,14600,53,58,64073,1950,7930,8430,8168,30000,37000,50998,46400,37502,-3,43300,48700,49800,53100,52900,57400,60900,64200,76400,100644,101700,104400,93000,109645,113000,110000
4130,1,16000,3,1,16000,14600,1,1,94,13260,7000,15000,15288,30000,37000,-2,33832,29714,-2,13010,26000,-2,24000,28300,-2,30050,28000,31276,32500,35000,35000,35000,28000,33000,36000
4131,7,14000,2,2,14000,18000,71,72,80354,35000,42000,16800,3000,8668,13000,12500,15000,30000,20200,27000,21900,22300,26000,37200,41628,42000,41900,39936,50000,105552,40000,45000,91200,22000,21000
4132,5,-1,3,2,-1,13000,40,42,42470,23724,-2,40000,50000,36000,40000,50940,55376,23960,16919,57000,71880,17120,76000,88000,-2,111000,35200,107000,73000,78000,50000,60000,59000,80000,135000
4133,5,-1,3,2,-1,-3,9,14,16359,10075,-2,40000,1600,5120,30400,33000,61000,51000,53000,61000,69000,58469,67000,66000,75900,88000,110000,110000,112000,174000,149000,25000,33000,40000,-3
4134,3,-2,2,1,-2,7845,35,51,63130,12000,12000,206,12500,-2,-5,16400,10019,25119,21021,25012,-2,23200,22600,31030,38000,120000,65000,150000,72000,27000,34000,52000,32000,47000,48000
4135,3,-2,2,1,-2,7845,30,27,30725,12000,8500,-2,-2,2267,7000,-2,9000,-2,18000,17500,11000,-2,13500,13500,12000,14000,12400,19900,23000,13000,19900,19000,5000,-5,-5
4136,5,-2,3,2,-2,-3,7,2,5276,-3,7933,-5,-3,20000,26400,25200,21000,-1,20000,24144,27336,25000,-2,-1,-1,43100,-1,-1,84000,-1,-1,12480,38960,-1,-3
4137,1,35000,3,1,35000,38000,70,56,65206,40000,-2,45000,-5,-5,-5,-5,-5,-5,-5,-5,-2,47000,-2,-1,-2,33000,-5,-5,-5,60000,-5,-5,-5,-5,-5
4138,1,12600,3,1,12600,14000,4,3,1124,28800,26000,11300,29000,30000,35000,16000,-2,-2,-2,14000,12001,-2,-2,-2,1500,45504,13164,21420,-5,-5,-5,-5,-5,-5,-5
4139,1,18000,3,1,18000,-5,-4,-4,-5,-5,-5,-5,-5,-5,-5,-5,-5,-5,-5,-5,27116,29200,33260,34912,38600,-2,-5,54500,-2,-5,-5,-5,-5,-5,-5
4140,5,-4,3,2,8834,7476,35,42,36225,8800,13000,29000,14600,16600,18200,21500,24200,27000,33000,33000,35000,36000,42600,-5,-5,-5,-5,50000,93305,-1,-5,-5,-5,-5,-5
4141,1,15000,3,1,15000,17305,33,44,48239,31000,38000,46300,56000,74000,66000,69000,88000,-2,53000,-2,66000,97000,-2,16000,50000,20000,-2,-2,56000,-2,-2,30000,4080,-5,-5
4142,5,19000,3,2,19000,-3,23,28,30605,30440,35200,-2,53600,23113,30400,24996,32223,21521,32504,-2,21140,14700,5402,19860,-2,92360,-2,126480,143000,121750,-5,-5,-5,-5,-5
4143,1,-1,3,1,-1,27000,53,56,62963,26000,40000,50000,-2,14916,9000,-2,-2,60030,-2,32000,-2,-2,-2,-1,-2,27000,60000,61150,55000,51643,57500,-1,-5,-5,-5
4144,1,30000,3,1,30000,29086,16,17,29830,37089,30000,38000,-5,-2,-5,-5,-5,-5,-5,-5,-5,-5,-5,-5,-5,-5,-5,-5,-5,-5,-5,-5,-5,-5,-5
4145,5,7500,3,2,7500,31500,25,27,28605,26000,-2,18000,22900,29200,-2,-5,12812,20900,25000,26000,21500,19500,19000,-2,47500,49000,35000,-2,53000,54000,64000,63000,-5,-5,-5
4146,1,22300,3,1,22300,-3,-4,-4,-5,-5,-5,-5,-2,-2,16308,-5,-5,-5,-5,-5,-5,-5,-5,-5,-5,-5,-5,-5,-5,-5,-5,-5,-5,-5,-5
4147,5,22300,3,2,22300,-3,45,47,59747,30000,12780,22172,26176,28765,33334,38260,44050,35425,43500,42030,44010,63006,95020,50020,64080,70400,28750,55050,56591,70020,59500,49000,54310,49700,40876
4148,5,29000,3,2,29000,30000,30,33,27311,35000,45000,2250,54000,50000,12500,14000,28300,25070,28050,36200,39754,39000,41880,54000,55000,44000,63000,60215,49000,68000,69000,92000,78000,73000,75000
4149,7,-4,2,2,-3,12695,26,36,41113,20744,20500,20136,24000,26833,29500,28500,26000,33000,28960,33000,35500,32000,36000,39000,36960,19040,60000,59000,74000,91000,60000,81000,77000,78000,75000
4150,5,12500,3,2,12500,-3,53,48,53274,2500,18300,27700,26000,27140,30000,43000,17616,22500,19000,19000,18000,-2,-2,-5,0,-5,-5,-5,-5,18576,12936,13420,-5,25200,-5
4151,5,-4,3,2,-3,13600,49,56,52544,13000,14000,17000,20300,22000,26000,31500,40000,40500,39000,45500,46000,52050,46000,50000,74000,83030,62000,88000,77000,104000,98000,103000,100000,103500,113000
4152,5,-4,3,2,-3,16500,60,61,53708,4000,10650,13800,42289,47100,55349,58100,66060,55080,68300,66000,56080,-2,62400,49000,62916,50000,50010,99202,34618,42450,35,17000,21100,173953,-3
4153,5,8600,3,2,8600,11098,42,38,50374,15635,11396,-2,18591,23500,-2,70400,83443,96492,-2,-2,79000,70953,80445,-2,-2,-2,81000,112000,111000,105000,59629,69608,65808,79368,66000
4154,5,8600,3,2,8600,11098,39,37,56010,8000,12000,14000,17100,-2,25320,15000,14500,18000,15000,18015,25000,22000,25000,27000,-2,132000,103804,249845,230000,262000,256900,200000,200000,220000,-5
4155,1,24986,3,1,24986,24000,5,7,6274,26000,1800,13000,20674,11200,24840,20300,22600,34500,24800,21495,22000,27000,-2,42000,58000,34775,39400,-5,-5,-5,-5,-5,-5,-5,-5
4156,1,20600,3,1,20600,29200,4,7,11085,-3,-1,-2,-2,29200,-5,-5,8850,10440,-2,-2,30000,34200,-2,42000,40000,-2,41000,58000,68000,48000,125000,175000,98000,175000,325000
4157,5,10000,3,2,10000,16010,28,25,23058,5155,10000,1606,23018,-2,32000,37100,43000,35000,39950,32300,-5,-5,-5,-5,-5,-5,-5,-5,-5,-5,-5,-5,-5,-5,-5
4158,1,30000,3,1,30000,35000,20,22,28542,26000,900,-2,0,0,13000,35000,16600,0,17000,27150,20000,20800,22000,37440,65000,360,0,0,34000,85000,110000,27000,64000,80000,135000
4159,1,28000,3,1,28000,30000,25,25,20127,42000,45000,-2,27600,23000,23000,44100,28640,47400,48100,47000,54000,71036,51500,61000,70350,69000,67000,64000,65000,52720,51000,68000,30934,-5,-5
4160,5,28000,3,2,28000,30000,52,42,38366,42000,46000,-2,22096,-2,9922,-2,-2,-2,-2,-2,50000,-5,-5,-5,-5,-5,-5,-5,-5,-5,-5,-5,-5,-5,-5
4161,1,15000,3,1,15000,12000,36,44,58278,35000,20000,32897,41165,30052,15555,23250,-2,-2,7000,14800,16080,17100,13500,21299,64200,37000,63032,102000,73000,58000,45000,-5,-5,67600,3000
4162,5,20000,3,2,20000,36200,34,38,47639,28123,28000,26725,35525,42800,47300,39600,52120,51800,59000,60800,57800,67000,75000,-5,-5,-2,-5,-5,-5,-5,-5,-5,-5,-5,-5
4163,5,20000,3,2,20000,32600,55,66,82644,18000,31200,40000,14300,30000,53000,29000,55000,21000,17700,48976,48050,48050,54050,-2,58550,58400,52100,44000,55000,52500,76000,65000,70646,63700,56000
4164,1,75001,3,1,75001,75001,41,58,67035,75001,75001,-1,11200,22200,-5,32000,48000,44800,47500,45500,839078,75000,95500,-5,-5,-5,-2,62000,46750,15000,-5,-5,10000,-5,-5
4165,1,75001,3,1,75001,-3,34,39,48236,75001,-5,-5,-5,-5,-5,-5,-5,-5,-5,-5,-5,-5,-5,-5,-5,-5,-5,51000,88250,80000,112000,220000,110000,180000,160000
4166,1,-1,3,1,-1,20000,62,58,67153,46000,35000,34725,59000,60000,22000,13500,-2,12000,-2,-2,-2,-2,-2,26377,50130,29000,37400,24000,10000,17756,-5,-5,-5,-5,-5
4167,5,-4,3,2,-3,11100,1,3,6188,13251,13076,14063,0,0,30000,2581,1466,4908,5328,5664,5724,8016,6894,8100,13400,-2,3600,2245,1200,2400,1030,10224,17800,9596,9000
4168,3,3000,2,1,3000,5000,3,3,6679,-3,-2,-2,-2,3850,-2,0,-2,9916,0,1257,6740,4080,-2,-2,13056,2635,4672,4092,0,-2,2400,8376,9180,10260,10469
4169,7,6033,2,2,6033,3340,17,18,12240,3744,4668,6392,4000,4200,7802,8656,3495,5000,9564,9200,10880,1594,5812,5600,1578,-2,5980,5276,-5,-5,-5,-5,-5,-5,-5
4170,5,-3,3,2,-3,31000,70,71,65553,37400,45000,73700,41400,43600,40800,36000,35800,36300,35500,30500,21490,21000,-2,-2,70000,131000,140000,154000,200200,261000,440692,497763,595986,-5,-5
4171,1,27000,3,1,27000,31000,79,93,92381,25000,42000,40000,40000,40000,60000,59100,18100,20300,25300,31350,38400,39400,46350,53200,60400,71000,73000,81740,93000,99000,109000,120500,130070,185000,145646
4172,1,25000,3,1,25000,23000,91,88,88546,28000,33999,59700,-1,30000,35000,6000,8500,17800,1710,6300,1600,23500,19000,30000,30000,130000,43000,65000,184900,131000,181610,158000,-2,59000,93600
4173,7,9000,2,2,9000,-3,16,16,9084,-3,12000,0,24000,12000,25000,-2,-2,-2,-2,10200,-3,10000,10000,10000,15000,-2,-1,-2,12500,-5,-1,-2,-1,-5,-3
4174,7,9000,2,2,9000,5000,58,59,62206,-3,19800,13000,24000,32000,51000,18500,22500,19500,20000,18900,21000,20000,25000,26000,32500,34500,34500,-2,-5,-5,-1,-1,40000,-1,-3
4175,7,9000,2,2,9000,-3,4,6,1181,10000,10104,12520,12000,13000,21000,-1,-5,-2,-1,-1,-1,-1,-1,-5,-1,-1,0,-1,-1,-1,-1,-5,-1,-1,-5
4176,7,20000,2,2,20000,19200,5,8,19950,15000,-2,-2,-2,-2,15000,-2,-2,-2,-2,-2,-2,-2,-2,-2,30025,68000,54000,55000,-1,54000,28800,54000,55000,49000,-5
4177,5,17500,3,2,17500,-3,5,3,4060,12820,0,0,-2,200,700,0,-2,25000,-1,800,6000,4000,4418,2850,4400,1300,0,0,0,8730,-2,0,0,-1,-3
4178,7,5758,2,2,5758,3000,3,4,3995,1200,9000,-2,3408,1570,0,1400,0,0,864,8400,72,1085,-2,8256,11244,7660,10512,4812,396,17244,11696,19368,12616,12116,9000
4179,7,-4,2,2,-3,-5,27,35,41069,-3,47308,70400,-3,23800,41840,30765,-3,53542,43258,34060,32000,34000,37400,42585,-2,-2,44079,44015,48008,63526,50316,59024,57096,60769,62352
4180,7,5000,2,2,5000,5000,38,44,46689,-3,16000,-3,75001,30835,18700,19200,19800,21000,24300,26000,27000,29000,30200,36182,-2,51000,56492,64000,-1,83371,87600,96000,80400,75000,72000
4181,3,1600,2,1,1600,5000,28,32,35322,6307,-2,2000,-2,-2,-2,-2,19700,9000,3872,10000,12000,10000,9500,11500,16000,724,0,4000,15000,31200,15000,10000,26000,26500,16000
4182,5,-4,3,2,-2,-3,16,16,12426,-3,22000,50000,32750,49600,30000,36000,45200,41000,47000,62500,60000,28000,35000,39000,-2,-2,-2,81800,130000,-2,91400,120000,-5,-5,-5
4183,4,-4,1,1,190,-5,12,9,8286,3000,-2,22000,75001,-5,22171,18500,14300,24200,22000,-5,25000,17200,-5,28000,-2,-5,-5,-5,-5,-5,-5,-5,-5,-5,-5
4184,8,-4,1,2,4000,7000,46,39,42385,3000,20850,23488,18800,-5,22171,18500,-5,24200,52500,-5,25500,17200,-5,42800,-2,-5,-5,-5,30545,-5,-5,-5,-5,-5,54916
4185,8,-2,1,2,-2,14000,32,32,24441,-3,18000,18000,15030,13000,700,6500,-5,0,-2,8050,4800,14400,14412,16620,-2,-2,82005,47025,32000,57010,40160,25000,26000,16000,50000
4186,8,-3,1,2,-3,2400,41,61,57851,9600,8900,9135,22300,56400,54400,55800,57800,58000,58515,-2,59750,160097,84000,66250,90300,98200,106500,52298,-5,-5,65125,-5,-5,-5,85035
4187,8,7680,1,2,7680,2400,41,36,40496,24771,-2,-2,32938,34809,35145,41080,38972,37445,33977,27050,37500,46751,36200,46300,51200,-2,0,65300,100000,70300,61000,100040,85000,80300,-5
4188,5,-2,3,2,-2,22478,68,63,73184,28336,15000,3600,-2,7640,16176,10100,2000,2000,4756,9948,35000,12000,33007,10000,12000,8898,17000,22329,33233,15838,9217,12804,13908,4384,7394
4189,2,12000,3,1,12000,-3,1,1,6014,10000,18000,19500,14400,-2,6000,-2,100,11540,-2,900,0,-2,-2,-2,5928,-5,-5,-5,23796,-2,11820,-2,-2,10176,8404
4190,5,20000,3,2,20000,23000,98,99,99017,-3,20000,-2,26720,-2,33840,15000,-5,-5,-5,27275,34000,-2,-5,-5,-2,122000,84400,-5,-5,-5,-5,-5,104000,-5,-5
4191,1,35000,3,1,35000,35000,84,87,91533,45000,10000,40500,50000,960,-2,20100,21547,24650,28600,49341,58500,60800,64300,55500,79600,85200,-2,155500,89700,126000,136000,137000,217000,178000,186200
4192,5,35000,3,2,35000,35000,64,73,90630,45000,50000,-2,50000,-2,65000,23500,35000,72000,77000,98000,839078,160097,45150,974100,244343,332808,390662,408473,479983,454737,440692,-5,-2,922631,766958
4193,1,70000,3,1,70000,65000,46,58,84801,75001,75001,75001,75001,100001,4600,-2,-5,38500,66500,23900,15150,-5,189918,-5,-5,-5,-5,-5,-5,-5,-5,-5,-5,-5,-5
4194,7,-2,2,2,-2,-3,40,43,34413,5552,18008,-2,-2,5760,13000,-2,23000,13500,15396,20073,17460,25654,-2,17128,-2,11904,18500,26000,9900,12600,19095,17360,10723,10896,11196
4195,7,-3,2,2,-3,2880,6,6,12309,0,0,-5,-5,10035,22000,23000,56600,45,28000,2200,17700,7000,28000,17000,32000,38000,35000,-2,39000,29596,35000,70000,140000,80000,21600
4196,3,15000,2,1,15000,-3,1,1,2393,-3,-1,7000,10155,-2,14000,33604,-2,-2,-1,0,-2,0,0,-2,4200,-2,0,-5,23000,24000,26000,32000,36000,39000,36000
4197,7,15000,2,2,15000,-3,1,1,6015,-3,4176,4176,4572,4776,4248,12528,9792,8736,5964,3000,7080,6168,10724,5304,5040,-2,540,6420,0,12000,23000,8376,9024,31,8808
4198,7,15000,2,2,15000,-3,4,5,13821,-3,-1,-1,12000,-1,-2,-2,3456,-2,4188,14600,-2,12318,12928,10854,18084,28000,19530,15000,0,16000,15648,30000,5698,30000,48400
4199,7,15000,2,2,15000,-3,15,9,5957,6536,2520,5520,5124,5932,5284,6344,5664,6204,8849,210,4824,2688,3948,-2,0,0,1620,5256,1788,2544,2352,3400,-5,-5,-5
4200,7,7500,2,2,7500,7000,12,11,17959,8000,-2,-2,-2,-2,0,13000,17120,13030,17890,46000,23000,33000,35500,18000,39000,20000,87000,77000,62000,5600,18000,49440,61860,74000,84200
4201,3,7500,2,1,7500,7000,2,4,7973,8000,-2,-2,-5,30000,24000,9000,-5,-5,34000,27000,22000,35000,27020,25000,31300,-5,-5,-5,93000,64000,115000,-5,52000,-5,-5
4202,3,7500,2,1,7500,7000,6,6,10826,8000,-2,-2,-2,-2,7000,7000,9800,5000,-5,8000,5000,8000,-5,14000,16000,-5,-5,-5,52200,-5,-5,-5,-5,-5,-5
4203,7,7500,2,2,7500,7000,16,13,12152,-3,-2,-2,-2,-2,5256,5360,6720,6288,-3,8176,7404,10930,7920,14700,13324,1200,-5,-5,-5,-5,-5,-5,-5,-5,-5
4204,3,10000,2,1,10000,20000,13,19,21024,-3,-2,13422,17000,-2,12556,16000,15000,8000,13600,11000,7000,15000,16250,20000,9000,-2,-2,6000,25500,18400,1500,26925,30400,23200,10000
4205,3,10000,2,1,10000,20000,1,1,4197,-3,-2,-2,-2,15917,-2,-2,18000,12000,17000,13500,5000,13000,10604,17000,11000,-2,22000,-2,32000,20000,12000,5000,-5,-2,-3
4206,7,10000,2,2,10000,20000,5,6,5980,-3,-2,13684,9440,-2,13561,15895,14220,-3,-2,23000,20856,50685,-2,33000,39754,-2,161050,30944,60000,74490,117546,-2,49000,-2,-3
4207,3,50000,2,1,50000,55000,81,90,86783,45000,3000,12000,21003,-5,-5,-5,-5,-5,-5,-5,70000,80000,90200,120000,135000,-5,-5,-5,-5,-5,-5,51400,51030,50840,55090
4208,7,41000,2,2,41000,800,66,75,72311,50000,70000,50000,50000,40000,-2,18000,-2,45000,-2,53000,-2,57600,64000,-2,60000,-2,101000,43000,39000,-2,-2,82000,94000,42000,85000
4209,3,4200,2,1,4200,-3,1,2,3868,8000,-2,9000,24000,44000,43000,16000,-2,-2,6838,6336,-2,-2,-2,19000,-2,-2,-2,1548,3000,-2,-2,-2,17000,-2,-3
4210,7,4200,2,2,4200,-3,3,2,884,8000,-2,9000,24000,17700,57000,0,-2,-2,-2,3200,-2,-2,-2,23600,-2,6000,-2,13536,6540,8592,9372,9552,8652,9888,-3
4211,3,12000,2,1,12000,30000,2,7,11081,-3,-2,-1,-2,2500,3000,3000,-2,5800,-2,-2,-2,5000,-2,20000,-2,-5,-2,88000,-5,-5,-2,36000,-5,6560,9000
4212,7,12000,2,2,12000,30000,27,22,32175,-3,-1,8300,14000,-2,17835,6600,-2,12656,12800,10400,2520,18684,18468,18000,18700,20000,31000,39000,33036,32000,27000,24000,35000,9500,0
4213,3,5403,2,1,5403,6000,75,79,80634,60000,30000,30000,30000,40000,30000,15000,36000,38000,41800,33000,45000,53050,56000,75000,109500,155000,164000,181500,244000,204000,255000,262000,226000,227000,220000
4214,7,5403,2,2,5403,6000,17,14,21275,-3,-2,12000,-2,-2,-2,-2,13000,-2,28000,-2,37000,-2,35000,-2,-2,-2,30000,-2,-1,-2,-2,-2,-2,-2,-3
4215,7,3000,2,2,3000,5000,3,4,2625,7436,2208,9000,2786,-2,-2,2790,-2,3646,21342,7632,-2,-2,-2,-2,-2,7050,-2,-2,36282,-2,9118,0,576,7776,-3
4216,1,23000,3,1,23000,39000,42,48,71015,45000,51897,56500,57000,6512,17100,11000,-3,9926,11200,17200,22000,27400,26300,-2,42000,-2,47000,60500,61000,69000,-5,65000,69600,65000,82500
4217,1,-4,3,1,-3,-5,-4,-4,-5,-5,-5,-5,-5,13862,16000,27800,-2,-2,6184,-5,15000,20000,18000,20000,20000,12000,-5,-5,-5,-5,-5,-5,7000,-5,-5
4218,5,-4,3,2,10700,-5,-4,-4,-5,-5,-5,-5,-5,24500,23000,18615,-2,18000,28500,29000,34500,28000,30000,-2,56000,-5,59400,408473,12000,13000,38000,0,39300,46200,39000
4219,5,3000,3,2,3000,1734,27,30,31476,7230,6316,15640,14229,14400,19842,15000,12800,14000,23020,23390,27000,27250,23000,30423,50645,44684,44592,47886,43559,58566,63300,70504,11760,71040,-3
4220,5,10000,3,2,10000,34700,46,44,46677,1888,9700,12386,16850,17200,7850,5000,3600,76000,16500,7200,39000,42000,46000,43600,58400,4035,25000,14000,15000,18000,25325,-1,0,11508,11040
4221,1,10000,3,1,10000,11000,6,6,8107,20000,10000,11076,-2,18000,20000,-2,14900,22120,13000,-2,27300,-2,-2,42000,28924,-2,-2,-5,43375,43000,27000,44128,43000,-2,-3
4222,5,20000,3,2,20000,4900,55,63,73808,25000,36000,9272,10181,11856,14374,15617,16093,15285,19400,10000,18050,20550,21180,23235,26770,-5,17875,18255,23394,24177,-2,-2,31000,-2,-3
4223,5,20000,3,2,20000,15000,26,38,45351,25000,36000,38000,30589,17580,20365,14100,13350,-2,23928,34000,22000,14000,14000,30000,-2,332808,390662,408473,479983,454737,204800,200000,100000,100000,-3
4224,6,-4,3,2,2750,2250,82,78,70801,1100,2700,75001,-2,-2,-2,-2,100001,1057448,146942,159805,839078,160097,189918,974100,244343,332808,200000,60000,60000,-2,-2,-2,105000,150000,-3
4225,1,65000,3,1,65000,50000,41,55,45245,50000,-2,75001,60000,-2,30400,27400,63000,66300,30000,-2,30000,-2,35000,-2,61200,26000,56000,48000,52000,454737,38200,26400,36000,56400,-3
4226,1,65000,3,1,65000,50000,93,91,92621,2300,3600,5296,74250,-2,5000,10190,6050,7050,9000,18000,839078,13461,53372,26000,25200,67100,70200,78150,85615,87000,35000,76090,77200,70000,-5
4227,5,65000,3,2,65000,50000,80,79,88047,50000,-2,-2,-2,-2,90000,-2,-2,57000,97000,59000,-2,81000,82000,61200,80000,92000,115000,123000,133720,105000,124000,122000,165000,213000,-5
4228,5,-4,3,2,15000,16200,35,31,20119,31000,37000,8136,9000,3000,15382,-1,43000,49000,52000,59700,60640,67486,65000,49200,27600,58000,53000,55000,75000,110035,66000,87925,96240,96700,-5
4229,1,-4,3,1,4000,11000,17,16,30602,8000,15000,14000,22000,22000,20000,20000,19000,0,-1,-5,-1,-1,-5,-1,-5,-5,-5,-5,-5,-5,-5,-5,-5,-5,-5
4230,1,12000,3,1,12000,13150,81,82,90242,15000,10000,18000,9350,14500,18500,20400,22500,25010,29300,40500,44000,67500,68150,117500,75000,110000,100300,104000,91700,87000,114500,132000,126000,116000,132000
4231,5,15700,3,2,15700,26900,36,38,53729,28050,32000,-2,-2,20564,26000,25500,1500,6000,-2,34000,25600,24600,11300,9000,38000,24000,11000,-2,18000,13585,27488,19864,24236,12012,44948
4232,5,-4,3,2,15500,17800,65,62,68730,3400,36605,33000,34000,12200,17270,7200,8900,9000,14250,16400,56500,12000,18050,54800,26800,44744,23200,44000,14000,19151,20448,20400,12784,12824,13056
4233,1,17000,3,1,17000,28000,42,46,51492,20000,-2,7500,8200,40000,40000,5000,-2,28000,9500,10000,7000,-5,-5,-5,-5,-5,-5,-5,-5,-5,-5,-5,-5,-5,-5
4234,1,18000,3,1,18000,19000,26,23,51351,18000,35000,40000,7400,8502,-5,48193,18350,14500,-3,13050,17000,26400,18320,27456,22408,28000,28000,32500,60524,76000,46396,50400,68800,68400,56000
4235,1,25000,3,1,25000,15000,18,22,13072,20200,15000,13000,-2,55000,-1,-2,30000,30000,25000,25000,25000,33176,25000,-5,-2,30400,29000,-5,26280,10000,20400,35304,23004,14900,11906
4236,5,-4,3,2,19135,23738,91,86,85846,28676,31113,33895,35460,-2,40950,41700,41100,40900,46700,47318,46457,55565,56344,61700,-2,115301,79848,85000,92300,96000,121889,117780,120000,142020,153054
4237,1,-3,3,1,-3,43278,63,56,60570,29025,32000,-2,40500,50000,18000,35000,29000,32000,42000,64000,34000,49000,38000,32000,-5,30000,-5,-5,-5,20000,-5,25000,50000,-5,-5
4238,1,20000,3,1,20000,14500,96,92,90791,17000,27000,29023,30953,37700,51000,45000,45000,33000,25400,33000,35600,37000,46000,55000,50500,90000,115000,225000,36000,39000,32000,55600,64000,67000,78000
4239,1,20000,3,1,20000,40000,34,35,37655,12000,20000,29000,20480,-2,10000,17000,18000,25000,31000,19000,20000,27000,29000,38500,45000,50000,38000,34000,48000,57160,-2,52000,-5,20000,8000
4240,1,35000,3,1,35000,30000,55,58,63549,26000,30000,44000,16185,18857,17788,22000,23980,19820,24220,24320,44000,43100,47300,53000,56000,67200,71000,72000,76010,72000,128060,112200,119200,132000,140000
4241,5,18000,3,2,18000,-5,-4,-4,-5,-5,10200,-2,23340,12500,17400,0,15428,-2,4543,-2,3600,-2,4880,-2,-2,-2,600,-2,-1,-2,-5,-5,-5,-5,-5
4242,1,18000,3,1,18000,17000,38,36,43806,16000,33000,18005,19200,21700,24500,22080,38000,36000,38000,37000,40000,49012,50500,57220,56380,80000,90000,90000,98000,98500,109065,-5,-5,-5,-5
4243,4,8000,1,1,8000,9000,3,6,2724,10000,9000,14000,-1,-2,12500,-3,-2,10000,6000,9079,11228,-2,-2,17419,16000,-2,14000,23088,0,4464,9360,-5,-5,-5,-5
4244,1,36000,3,1,36000,49000,86,93,92202,48000,60000,7000,5000,15000,25150,34000,40000,48000,44500,71000,49000,53600,50000,108000,100000,95500,109000,90000,110000,132000,440692,248847,595986,922631,766958
4245,1,36000,3,1,36000,49000,52,51,64895,48000,60000,70000,22300,27379,29986,33930,45000,66665,25133,45316,47745,39000,31150,63000,57000,62000,70400,64600,75210,95000,36000,50000,83500,163000,184000
4246,5,1800,3,2,1800,11000,-4,-4,-4,-3,14500,12203,10334,12500,14000,-2,6000,10200,25363,17651,23500,29068,31006,35696,36396,-3,50523,54080,54302,61963,65941,60400,63696,84696,72600
4247,1,1800,3,1,1800,13500,30,25,29616,9000,10112,23534,21000,28640,27151,-5,-2,38050,46000,40000,46500,40000,39000,51000,-2,52000,-2,-2,140175,87000,-2,20000,7000,-2,8265
4248,1,17500,3,1,17500,30000,73,67,75174,43000,32000,53000,40000,35000,48000,10000,12000,16330,25100,30100,30050,36500,36000,42000,63400,76200,57000,60020,66226,70510,77005,124820,115002,91000,242000
4249,5,17500,3,2,17500,32000,47,53,65798,-3,32000,46500,-2,17500,19800,24000,28000,34053,35000,45100,40100,48000,58100,27508,30600,35000,26750,14280,26000,-2,-2,23450,21324,30400,-3
4250,5,25000,3,2,25000,23000,-4,-4,-4,22200,40000,38000,45468,60000,60000,-2,51700,62000,27600,67300,56825,-2,45400,5584,42000,-2,-5,-5,-5,-2,-2,-2,90440,-2,80612
4251,5,28000,3,2,28000,30000,21,18,25167,33000,48500,40000,46000,9807,28000,29000,32300,35400,36000,40000,45000,51500,31500,30000,78000,92500,112000,120000,182500,-2,108000,111200,91600,126600,167000
4252,5,28000,3,2,28000,30000,45,53,67444,33000,48500,40000,29745,14102,10300,23000,40000,42000,48000,100000,61000,60000,60000,75000,65000,58000,60000,44000,66000,56600,80500,80000,60000,80000,70000
4253,1,-4,3,1,5600,13911,66,61,58250,-3,-2,15000,30000,-2,14025,-5,10400,10000,-5,12500,-5,-5,-5,-5,-5,-5,-5,-5,-5,-5,-5,-5,-5,-5,215000
4254,5,12300,3,2,12300,14000,46,43,54546,-3,19800,7564,23500,25980,21000,14505,12000,4000,15050,17050,17456,18983,20821,25800,32600,28980,-2,22443,110900,30900,20392,14335,10176,10824,-3
4255,5,-4,3,2,-3,15000,67,64,54152,28000,-2,10800,18661,17800,24250,-2,100001,-2,55200,29100,32050,-2,33035,-5,-5,-5,-5,132000,152025,155000,-5,-5,-5,-5,-5
4256,5,-4,3,2,5200,23600,28,25,14919,26000,-2,25820,27800,52000,57000,48000,46024,0,18000,18200,19200,12000,15100,23920,23779,21300,23000,23000,-5,-5,-5,-5,-5,-5,-5
4257,5,-4,3,2,6500,8500,58,53,46367,9500,12000,9000,9100,11100,13000,12000,12000,47300,51000,32550,56500,57000,56300,60000,72000,63000,33500,102000,82000,46125,53000,58000,58300,50000,57700
4258,1,-4,3,1,6700,15340,77,63,59194,22010,23162,18900,23954,41000,21020,21000,35000,-5,-5,-5,-5,-5,-5,-5,77000,41000,-2,153000,-5,-5,-5,-5,-5,67500,66000
4259,3,5400,2,1,5400,21000,13,12,9701,22000,13000,-2,8600,4000,15000,16000,25000,16500,32000,27000,-2,15000,-2,-1,23000,40000,-2,80000,77500,35000,25000,7080,7452,7500,6000
4260,2,-4,3,1,4520,4300,96,95,91347,5610,24600,40000,55000,3000,30000,4500,12732,12650,-5,10000,-5,-5,28200,31558,-5,45200,-5,57000,-5,-5,-5,-5,-5,-5,98500
4261,2,-4,3,1,9520,14500,17,16,16689,17500,16000,28062,20620,-2,28025,25000,17100,9000,12000,18000,21000,25272,18358,30000,-2,38950,42000,39000,53000,45000,35763,-2,-5,-5,-5
4262,6,8000,3,2,8000,13225,48,41,32674,18665,21655,25000,17715,18230,27000,12600,-2,12500,16800,-2,-2,-2,-2,27400,24600,13400,-2,-2,8000,-2,-2,144000,-2,11352,20400
4263,2,8000,3,1,8000,10000,22,17,18668,13000,18114,18000,-2,-2,8000,1132,8000,14000,14000,16750,-2,17000,-2,-2,24000,-1,33000,22000,30000,38000,25000,-2,23928,21240,24540
4264,4,20000,1,1,20000,13007,6,7,12521,25000,21500,18500,9000,28000,27000,45300,-2,4000,5000,-2,15000,-2,52000,-5,-5,-1,14000,12000,5500,14000,-2,-1,-5,-5,-3
4265,8,8000,1,2,8000,8007,71,61,57462,25000,21680,18500,9000,25500,-5,-5,-5,-2,-5,18200,-5,-5,-5,-5,-5,-5,-5,-5,27000,29000,38157,50000,-2,-5,87400
4266,4,8000,1,1,8000,-5,12,9,10280,-5,-5,-5,40000,45000,-5,-5,-5,27000,-5,-5,58700,-5,-5,-5,-5,-5,-5,-5,-5,-5,-5,-5,-5,-5,-5
4267,5,25000,3,2,25000,23000,24,22,18352,22255,17740,20000,21000,16300,20000,800,7000,5300,15000,15000,16200,13400,24400,10000,35000,-2,35000,8000,13000,18000,18900,19800,18883,14945,17856
4268,8,22000,1,2,22000,12000,91,87,82756,20000,28852,12000,13500,35000,26000,29000,15080,17040,16000,16000,17480,20138,23373,30750,40040,56160,66100,78060,84900,110000,104200,112684,181000,195500,219000
4269,4,22000,1,1,22000,12000,38,45,41171,25000,28852,30000,36000,35000,24000,26000,21500,16200,17000,21000,36000,34500,36000,37000,38000,55000,42000,-5,-5,-5,77386,69000,90000,91000,95000
4270,7,6092,2,2,6092,8604,11,21,20428,9952,3495,14000,13000,23380,23000,32000,32000,24360,28000,25000,18880,19000,7928,10000,-2,58600,72000,80000,68000,62263,70120,71480,13200,2376,13746
4271,3,6092,2,1,6092,8604,12,12,13979,9952,15000,17000,-2,7242,14300,30000,24600,25000,0,32000,41700,47500,44000,73000,90000,60000,90000,98000,117500,123160,-2,-2,140000,922631,-5
4272,7,6092,2,2,6092,8604,27,25,38251,9952,13000,14000,-2,20000,15000,41000,-5,-5,-5,43500,839078,-2,189918,-5,-5,-5,-2,-1,136000,120000,440692,-2,99600,-1,-5
4273,4,5516,1,1,5516,7000,9,9,13582,11400,10860,13000,12400,11000,16412,12586,12600,7500,13222,-3,10490,9588,10540,14100,12000,19636,12924,16868,20760,17824,-5,-5,-5,-5,-5
4274,8,-4,1,2,552,4372,12,14,14209,2200,-2,7400,3436,19600,21865,-2,21000,20490,11134,-2,4292,-2,-2,-2,13000,13000,-2,19860,14130,76904,33335,45908,21140,21880,17564
4275,8,4500,1,2,4500,5000,15,15,16727,10442,14725,20503,25102,28130,38835,31000,13100,21150,3000,-5,18695,5780,20384,16200,18400,-5,36000,-5,-5,41484,42800,45172,42000,38166,42000
4276,2,-4,3,1,-2,-5,13,16,8972,5009,1000,1800,7100,15000,-2,-5,12300,11100,-1,0,2200,-5,-5,5000,-2,-2,-5,-5,-5,-5,-5,-5,-5,-5,-5
4277,6,-4,3,2,2550,4358,10,10,6651,-3,9407,4675,10278,13000,11188,-3,14711,7800,8079,9060,12205,13920,19756,14000,18000,-5,-5,-5,0,-5,-5,-5,-5,-5,-5
4278,1,21500,3,1,21500,15944,70,67,62811,-3,31550,25606,26755,18130,19050,14000,24975,26060,28050,32075,36834,45178,51703,46045,62194,-2,-2,66981,88026,86373,82332,89155,-2,83975,85371
4279,1,-4,3,1,13000,14500,88,81,65452,10838,21700,24150,26700,37450,47000,44500,53800,40100,46200,56525,48700,72250,73600,-5,-5,-5,144000,229300,211000,97000,-5,-5,-5,-5,-5
4280,5,-4,3,2,12000,14500,95,96,96079,10838,-2,24150,26600,30900,47500,49000,38000,40100,32300,51500,48700,66000,69931,-5,-5,-5,144000,145000,119200,202000,-5,155000,-5,-5,-5
4281,5,-4,3,2,15000,12000,69,69,74114,-3,14800,-2,16800,11460,14620,19000,30000,32405,25800,24800,1800,2000,1800,10000,17800,53000,-5,-5,-5,-5,-5,-5,-5,-5,-5
4282,8,12100,1,2,12100,14000,42,36,45168,-3,14800,23810,27000,33810,16300,19400,24020,33020,22400,0,50000,54000,56000,48400,40800,23500,43000,32700,36000,34000,39000,42000,39800,48582,-5
4283,5,23000,3,2,23000,17000,12,16,21591,12000,15000,19000,11000,-2,23027,25300,20000,30000,5300,159805,839078,160097,-2,-1,-1,-5,-5,-5,-5,-5,-5,-5,-5,-5,-5
4284,5,17028,3,2,17028,15000,57,56,68700,17000,21576,27000,30000,6500,19915,19500,23000,25000,27200,30000,839078,-1,-2,-1,-1,-1,-1,-1,-1,-1,-1,-5,-1,-1,-3
4285,1,17028,3,1,17028,11500,36,36,50641,17000,68800,39000,18000,3356,32000,13300,20000,24000,35600,48000,53300,52600,59200,65000,88000,-2,74000,88416,80000,118000,124750,137500,96000,160000,170000
4286,5,8100,3,2,8100,20000,-4,-4,-4,-3,17168,30000,34000,3000,23000,52000,-2,27081,28115,-2,35000,-5,-5,-5,-5,-5,-5,-5,-5,-5,44000,25000,-5,-5,-5
4287,5,-1,3,2,-1,75001,65,73,80860,75001,75001,6650,43050,20100,-2,25200,26050,28200,-2,36200,-2,40500,189918,-5,-5,-5,-5,-5,-5,-5,-5,-5,-5,-5,-5
4288,1,-2,3,1,-2,40000,71,79,86675,75001,75001,-2,5500,-2,15000,10000,42000,23000,45000,43000,39480,23700,32000,32500,67000,37132,35000,30000,55000,42000,-5,65000,16000,60000,46000
4289,1,20000,3,1,20000,32000,95,95,95554,35000,30000,40000,930,40000,7777,11065,17526,10036,15050,17775,-3,56000,67177,81000,102000,98000,124000,156000,214000,265000,210000,497763,595986,311000,254000
4290,5,20000,3,2,20000,1310,83,91,92849,2000,2785,3542,12900,21150,14356,17600,21000,25238,36800,37660,46500,48000,60000,50500,20000,45200,50000,62000,88419,151000,160000,-2,100000,55000,135500
4291,8,8484,1,2,8484,-3,24,25,25802,13074,12349,13240,18200,29200,100001,-2,-2,28267,18036,20800,21800,21000,22800,-2,24820,22820,-2,35000,-5,-5,-5,-5,-5,-5,41600
4292,5,19900,3,2,19900,23972,57,66,69935,-3,75001,75001,14000,43200,44000,45185,908,23886,15172,19050,19690,54000,63176,-2,65032,-5,76288,76500,80000,93000,91000,98000,81427,27456,58848
4293,1,-4,3,1,-3,6500,90,84,90514,14300,23700,36000,39800,47060,48800,37500,61000,35200,39600,42200,65050,53000,51000,58000,62000,70500,75000,147000,112000,105000,85000,100000,135000,140000,-5
4294,5,-4,3,2,14600,9725,-4,-4,-4,13900,23500,26000,36300,42750,48500,81000,30000,35400,40000,41620,50000,50000,40500,54100,-2,-2,95000,-2,111400,109500,115000,110000,136000,119000,-3
4295,6,-4,3,2,2970,-3,38,48,41293,9588,14000,20344,16000,5456,5950,-2,25784,1057448,21332,20928,33164,53300,30312,25848,33332,25000,36000,60000,76000,75000,129603,125337,112076,130075,148110
4296,5,33000,3,2,33000,40000,69,70,54790,40000,6154,11013,12500,35000,34000,2800,42000,43020,43000,42500,44000,45000,45200,47000,57000,40100,70000,70400,75000,82000,98000,87000,96000,103000,102000
4297,1,33000,3,1,33000,40000,54,59,62172,40000,36600,31050,39200,24000,46500,47100,54700,48500,38000,60100,73150,50400,92500,56530,60000,80025,90200,122300,124100,131900,145100,116000,-5,145000,134000
4298,1,14000,3,1,14000,16000,78,89,92568,18000,25000,10400,15088,15370,15910,15667,-3,24008,32700,37800,49100,160097,53500,66407,88468,104500,125000,142484,104500,117500,115000,111400,139000,147400,126764
4299,1,14000,3,1,14000,16000,66,68,73296,18000,25000,28000,25100,27000,35000,35170,7370,1057448,29300,31300,34050,34050,36100,48100,55040,62000,-2,40500,45000,48000,50000,58000,62000,62000,61000
4300,5,16000,3,2,16000,30000,79,82,86907,16732,24190,28410,21792,29947,41040,46070,44650,34160,44600,51500,54000,55500,58000,63250,62500,72000,83000,79771,100000,104000,-5,-5,-5,-5,-5
4301,1,20000,3,1,20000,15200,60,51,50049,16100,22610,21500,29000,11000,-2,-2,-2,-2,7000,12600,17300,7000,12250,20000,33000,-5,-5,-5,-5,-5,13000,11000,400,11000,13000
4302,1,10000,3,1,10000,13000,80,82,80481,30000,42000,50000,45000,21600,20000,29375,48000,49100,54800,73250,81500,75395,82300,76400,-2,90500,89700,102400,112000,136000,128000,139500,159500,161000,172000
4303,1,10000,3,1,10000,13000,39,47,53555,30000,9020,50000,13423,14210,15815,17050,14800,12000,21000,45430,23000,17000,39000,26816,50000,55000,46584,62864,66000,81000,60488,69400,71844,318060,766958
4304,5,45000,3,2,45000,14050,-4,-4,-4,16098,10000,12100,14845,25097,14000,15300,-2,14500,15000,15000,15000,18000,16800,20200,22025,-1,35000,-5,25075,106000,76540,61600,61800,-2,45000
4305,5,45000,3,2,45000,-3,11,9,9351,40000,-2,14978,20699,7000,-2,-2,-2,2000,9000,-2,36000,41420,48200,23000,-2,60006,60000,63000,66550,60000,62000,36600,-2,95000,-3
4306,5,70000,3,2,70000,19300,89,80,86339,18500,24100,28500,14875,17800,17600,51900,46800,43850,50900,45900,48300,42000,-1,-5,-5,56500,54000,73000,83000,-5,93000,72000,92000,-5,-5
4307,1,30000,3,1,30000,34000,89,86,83694,41000,6555,40000,10000,19752,17228,36000,31200,97050,32000,36000,46020,20000,40000,-2,30000,21000,22000,25000,18750,20000,66000,-2,-2,-2,120000
4308,5,30000,3,2,30000,34000,50,52,68524,41000,28000,14152,15628,21002,-2,11100,35582,49000,50000,49013,50300,46000,34632,23000,17556,36000,34714,36762,31000,49816,13584,27128,15600,15600,15996
4309,1,30000,3,1,30000,25000,53,59,63522,45000,17820,-1,-2,-1,-2,-2,14100,24000,-5,159805,839078,-5,189918,974100,142400,120000,154000,-5,-5,-5,-5,-5,-5,922631,-5
4310,6,-4,3,2,4100,9575,49,49,53549,-3,5358,8420,9200,10840,12190,10500,10900,15500,9340,10750,15512,12557,50441,47569,47000,59000,93200,79200,88000,114000,115000,-5,9600,-5,-5
4311,3,-2,2,1,-2,12000,52,62,59466,31000,27650,34400,40017,44684,48000,42809,53220,93170,34350,9600,10140,8352,22400,28000,39000,47600,120000,50940,57700,86600,74000,70000,60600,66600,-3
4312,3,9000,2,1,9000,11000,6,5,1645,10000,13904,6317,6407,14606,13000,11920,21500,16000,14492,8000,23914,-5,-2,13000,12000,33700,55000,60000,18000,40000,70000,40000,32000,30000,24500
4313,3,9000,2,1,9000,11000,11,9,8757,-3,-2,-2,-2,-2,-2,-2,-2,-2,12000,20000,-2,-2,-2,10000,0,0,-2,10000,12500,15500,18000,10992,20000,15000,-3
4314,3,9000,2,1,9000,11000,8,10,32908,10000,20000,28000,25000,30000,7000,6000,7000,7000,8000,13000,-2,-2,-2,19000,17000,37752,32000,65000,46040,80000,-2,-2,92500,212000,84000
4315,3,-1,2,1,-1,24000,13,18,12592,32000,25000,-2,30000,42000,42000,-5,18000,-3,-2,-2,-2,90500,22000,-2,45238,52000,-5,-5,-5,47030,64000,-2,-5,-5,-5
4316,3,-4,2,1,1200,24000,28,29,31008,32000,25000,1830,30000,-2,55000,-2,-2,19200,55200,62336,-2,3354,70734,-2,90000,-2,74500,58600,51700,103822,-2,0,-2,27734,21440
4317,3,-1,2,1,-1,24000,15,19,24866,32000,25000,20000,30000,16000,9000,18600,-2,-2,-2,-2,-2,-2,-2,-5,-2,-2,20000,-5,-5,-2,-2,-2,-5,-5,-5
4318,4,15000,1,1,15000,13000,66,66,70744,31000,25000,29000,32300,24000,30000,29000,30000,32075,31000,75000,-2,25000,27000,40000,44000,-2,98000,35000,70000,120000,65000,-2,20000,-5,32000
4319,8,-3,1,2,-3,13000,48,49,56376,31000,25000,40000,26000,32000,35000,37500,41500,-2,34800,48000,-2,26600,-2,23500,43000,47500,53500,58400,56265,62488,73000,35568,24000,-5,-5
4320,8,-3,1,2,-3,13000,47,40,56538,31000,25000,40000,26000,32000,35000,58000,-2,11900,-2,68600,-2,-2,39810,51000,63000,36400,57000,57000,79700,68000,80000,156000,-2,-5,-3
4321,4,-1,1,1,-1,70000,33,32,30292,61500,54190,75001,27450,28950,33250,36000,45000,46000,46000,52000,52700,61100,55000,55000,68000,73000,86000,83000,121000,103000,98200,78000,106000,107000,117000
4322,4,-1,1,1,-1,-5,-4,-4,-4,45000,-2,14000,16000,78000,-2,45500,27000,-5,-5,30000,37000,-2,27000,27000,-5,-5,-5,-5,-5,-5,-5,-5,-5,-5,-5
4323,7,8000,2,2,8000,15000,41,40,37618,18200,15000,40000,3345,12765,24700,-3,29264,19510,21590,21905,23340,24428,27752,41005,55000,52000,42000,60000,45500,70608,63900,49000,68000,81000,59000
4324,3,12500,2,1,12500,15000,15,12,12131,-3,-2,40000,6000,7685,14100,9000,18000,24000,36450,28000,19755,-2,13502,-2,40000,-2,65000,67000,106000,92000,103000,120000,148000,152000,253276
4325,5,-4,3,2,8935,-3,51,43,36872,13400,13000,15700,19700,-2,-2,79237,89036,62000,6641,13000,-2,160097,44800,-2,-2,25000,-2,73000,-5,-5,-5,-5,-5,-5,-5
4326,6,14000,3,2,14000,12200,42,49,60762,9600,18000,-2,23303,21480,21200,22900,25850,25150,36700,159805,-2,81663,79750,50750,57400,73800,-2,65000,129700,84000,62325,60000,63210,60000,72000
4327,2,14000,3,1,14000,12200,70,73,78064,17300,17340,7845,-2,9800,18000,16600,16010,19850,24700,25804,14000,11300,18600,16800,20085,23000,28000,29750,38000,41000,31500,36000,44000,38000,37600
4328,1,-4,3,1,9000,10255,51,53,47451,12000,8200,10000,9700,10000,11000,11600,27100,29300,30150,-2,31047,36000,37821,39939,-2,67000,74000,80000,85000,95000,99800,107000,127000,130000,-3
4329,1,-2,3,1,-2,10000,66,68,65403,12000,24000,26936,27346,16240,17000,24000,24300,-2,40000,47000,48000,46000,54000,55600,63000,70000,77000,-5,-5,177000,65000,-5,-5,-5,-5
4330,1,24000,3,1,24000,26000,8,9,6546,36000,23000,-2,49000,-2,50000,-5,23800,32600,38000,-2,35000,35000,44000,-2,64000,71000,69000,88000,111000,98000,126000,119000,134000,160000,177000
4331,1,-4,3,1,8500,13500,29,29,22588,-5,-5,-5,-5,-5,-5,-5,-5,-5,-5,-5,-5,-5,-5,-5,-5,-5,-5,-5,-5,-5,-5,-5,-5,-5,-5
4332,1,14324,3,1,14324,18478,65,73,82848,-3,12000,-2,7500,5000,10200,12000,13000,14000,15000,15500,15400,15570,-2,11730,12560,11440,-5,-5,-5,-5,-5,-5,-5,22000,25000
4333,1,14324,3,1,14324,18478,44,42,39194,13500,24180,25500,-2,30000,30000,-2,-2,-2,-2,13000,-2,16500,-2,-2,-2,-5,-5,-5,20000,19700,26000,27000,29514,27000,28000
4334,1,14324,3,1,14324,18478,30,25,35164,13500,24180,25500,-2,30000,-2,-2,-2,-2,15600,10150,16070,22000,32000,15600,-5,-5,-5,-5,-5,-5,-5,-5,-5,-5,-5
4335,1,23000,3,1,23000,-3,14,17,15933,21000,27000,-2,21000,-2,27000,34000,35000,37500,-2,46800,47000,25000,26800,30000,52000,64500,48000,52000,92000,75000,50000,77000,78000,76000,80000
4336,1,23000,3,1,23000,36638,1,1,0,-3,33050,30500,35000,32000,38000,30407,27252,22168,27877,9211,31758,34391,33904,18102,41391,23647,-2,32192,20202,-2,34056,-2,0,0,-5
4337,5,23000,3,2,23000,36638,50,65,68129,30000,33050,30500,9540,31050,50000,38850,42025,37150,32200,42030,48000,25000,28000,51000,43000,-2,44000,50030,49000,60000,66000,63000,67000,-5,-5
4338,1,12000,3,1,12000,16900,51,50,58604,14100,6000,7000,-2,10520,15508,24275,25000,21750,17050,22500,33000,32000,-5,25600,25000,-5,57000,85000,81000,103000,127000,122300,111460,152120,148540
4339,5,12000,3,2,12000,16900,62,57,65355,10000,15000,21820,21670,30000,29750,17000,22000,25030,24000,28050,29030,71200,69400,70150,45500,95320,49500,65800,84500,93000,80000,154386,105320,200000,158000
4340,4,-2,1,1,-2,-3,21,23,17526,14000,15000,-2,-2,-2,-2,20500,-5,-2,16000,23000,35000,-5,44000,-5,-5,-5,-5,-5,-5,-5,-5,-5,-5,-5,-5
4341,8,12000,1,2,12000,-3,15,15,11816,-3,-2,-2,46933,-2,15597,12082,15000,15700,15000,15000,15850,16300,14500,28900,22650,-5,18000,18000,13000,13000,5320,-2,16000,15972,45
4342,1,18000,3,1,18000,22000,36,42,49178,30800,35000,55000,-2,16000,7000,65000,25050,36000,-5,27500,-2,76050,40040,-5,-5,-5,-5,-5,-5,-5,-5,-5,-5,-5,-5
4343,1,18000,3,1,18000,22000,31,35,44721,30800,30000,55000,45000,40000,13000,73000,-2,38000,83000,-2,62000,60000,-5,75000,104250,74000,67000,-5,-5,-5,-5,-5,-5,-5,-5
4344,1,-2,3,1,-2,-5,-4,-4,-4,4239,-5,28000,-2,-5,-2,-2,-5,5620,11628,-1,12000,5280,6966,4578,540,4200,8136,7740,9240,8760,9600,9000,9600,-5,-5
4345,5,22000,3,2,22000,6510,38,35,34151,7960,-2,-2,36000,36000,-5,-5,-5,-5,-5,-5,0,-5,-1,-5,11000,23000,11000,35908,14000,14222,-2,-2,49000,-5,-5
4346,5,-1,3,2,-1,10500,-4,-4,-5,-5,15900,22000,24000,30000,-1,32000,44000,44800,48005,60000,68000,67000,44000,90000,120000,120000,120000,130000,179000,-2,120000,115000,230000,-5,-3
4347,1,-4,3,1,-2,7000,30,37,36772,6000,8450,10000,12300,19409,24251,-5,-5,-5,-2,-5,-5,-5,-1,49000,-5,-5,-5,90506,27600,23778,-2,12000,33600,-5,-5
4348,1,15000,3,1,15000,15000,45,47,61514,17500,30000,16000,8000,7000,-5,9000,25400,450,28000,-2,68198,31000,36144,61500,63600,43000,118000,157000,180300,201000,222500,230006,160000,110000,111000
4349,1,5500,3,1,5500,35000,4,2,1695,34000,-2,-5,4000,-2,4000,5000,3600,10000,12000,10200,180,10018,5000,5000,24000,-2,12000,-2,22500,0,0,7000,18000,-2,-5
4350,1,-4,3,1,6740,5902,94,95,90927,9100,11500,29000,30000,34000,12000,32000,31900,33000,35500,35500,30300,27200,38100,44000,30750,45000,42000,45000,52100,62400,64000,45000,49000,75500,155000
4351,5,-4,3,2,-3,16000,99,96,90093,75001,-2,75001,27000,100001,-2,-2,-1,-1,-1,-1,-1,-1,-1,-1,-1,-1,-1,-1,201825,-1,-1,-1,-1,-1,-3
4352,6,-4,3,2,5145,50000,72,84,82053,45000,55000,9250,18005,30050,40800,43600,96950,1057448,146942,159805,839078,160097,189918,974100,244343,180500,390662,44818,479983,202000,440692,62100,-2,82384,62000
4353,5,-4,3,2,6050,5800,86,85,67705,25000,40000,30050,41150,22200,26900,30600,30200,41500,43000,60500,56000,65000,70000,72000,-5,72500,101000,105000,121000,177600,157000,212000,230000,325000,-5
4354,5,-4,3,2,4800,-3,59,59,51380,-3,18000,23000,28300,27000,33020,42300,45500,47000,58300,58100,63500,77500,78500,80500,84100,-5,25000,-5,29600,55000,35000,-5,41896,23450,36000
4355,1,-4,3,1,3727,5792,71,76,68338,3548,16160,14800,11000,15600,14020,5000,24800,55400,50000,18000,36000,41500,17679,17679,31800,56000,41000,54004,47000,58200,44600,-5,-5,-5,-5
4356,6,-2,3,2,-2,-3,-4,-4,-4,4000,14510,13764,19010,27000,24000,53200,61000,27000,48000,-2,53900,28000,40000,99000,135100,120000,100000,80000,220000,95000,80000,50000,80000,60000,70000
4357,1,-4,3,1,4300,50000,77,64,60756,50000,17180,11300,13800,13500,15859,15882,21176,-1,34972,34352,40616,-5,-5,-5,59300,-5,-5,-5,-5,99877,-1,132500,-1,-5,-5
4358,1,-4,3,1,4230,-3,91,90,95835,1650,6248,6500,6950,7900,11480,15500,17500,19000,22960,26026,29500,32215,39000,42300,47334,49277,50100,44200,56550,-5,-5,-5,-5,-5,-5
4359,4,-4,1,1,2218,-3,53,41,37882,32000,38000,40000,37000,52000,55000,73020,21400,23088,27000,33550,33100,34060,37150,43000,41060,-5,40000,-5,-5,-5,-5,-5,-5,-5,-5
4360,2,-4,3,1,-3,51000,83,84,87384,58000,50000,40000,62010,46023,52200,54400,52550,61200,37030,40025,40050,61000,43520,52000,49860,105000,111000,133200,150050,165000,207200,230000,265040,215000,211500
4361,4,-4,1,1,2245,6240,51,50,37659,9939,16000,11787,9300,18000,16000,18500,20240,24800,26850,31500,30700,32600,26000,35200,0,12000,0,-5,-1,20000,28000,-5,0,6000,6000
4362,4,-4,1,1,-3,8354,78,80,73758,20000,12800,15030,21200,32090,-2,26030,-2,30200,-5,17095,13850,-2,-2,11244,13200,-5,-5,-5,-5,18000,26280,27600,20400,20448,20400
4363,4,-4,1,1,1925,5400,50,59,52516,2400,11000,3500,4000,4560,5101,12400,7000,6500,27000,5540,10880,11860,-5,24000,31240,-5,-5,-5,-5,-5,-5,-5,-5,-5,5901
4364,4,-4,1,1,-2,29930,28,19,20668,22600,-2,9700,11421,8472,12140,15000,10317,11000,16500,18200,-2,19000,22500,26900,28860,20082,24850,29020,39852,26300,20344,18124,20188,24240,-3
4365,1,14000,3,1,14000,50000,77,85,84222,40000,5000,14201,18024,13410,16300,19500,12000,12650,18000,24000,27372,15520,18900,24000,33200,34700,23000,20500,40000,48000,58600,65000,-5,-5,-5
4366,5,14000,3,2,14000,18000,76,65,78596,5000,10000,12503,15010,-2,23020,24000,16000,18000,30000,33500,68000,65500,63000,96000,80000,75000,65000,105000,114000,145000,150000,200200,50000,120000,175000
4367,5,14000,3,2,14000,13750,30,31,34544,24000,-2,10205,4120,8863,72303,28964,28000,-2,32120,20492,11049,99802,-2,-2,112085,11600,19212,15800,-2,12390,-5,-5,-5,-5,-5
4368,5,-4,3,2,8800,17200,35,40,31898,4772,5789,18721,24484,-2,50000,26000,78000,-2,84000,61000,-2,-2,94050,24000,32800,42000,36000,43000,48000,17000,38000,30600,52000,46000,51800
4369,1,-4,3,1,5764,-3,-4,-4,-4,780,-2,-2,13825,6830,10400,-2,-2,-2,-2,14000,10000,-2,-2,18000,-2,-5,-5,17500,33000,36000,28000,-5,34000,-5,38000
4370,1,-1,3,1,-1,40000,35,52,40361,54000,12000,10000,18000,11000,33000,11000,19000,12000,9000,7000,10000,20000,26000,22000,34000,34000,35700,37000,32000,34000,34000,32000,37000,52000,52000
4371,5,-1,3,2,-1,40000,44,53,53676,54000,35000,15570,18040,20900,23330,24010,33020,36090,42020,46640,46050,46020,55025,62067,76015,75600,97000,100000,126000,-2,144100,126000,139040,146000,85740
4372,5,20000,3,2,20000,30000,98,97,96974,25000,2918,36500,60059,71000,69740,72400,78219,85400,95200,98100,98800,160097,189918,113300,122100,124700,152953,174596,144500,104400,107800,193000,148302,47600,48252
4373,5,24000,3,2,24000,-3,25,25,36734,30000,35000,30000,8155,34200,41300,50800,42000,14500,16484,19000,17868,-2,26000,63960,-2,107000,138000,140000,-5,170000,-5,-5,205000,-5,-5
4374,3,45000,2,1,45000,-3,18,17,22964,-3,-1,40000,-5,4200,-5,11040,7600,-5,15000,2009,15000,12000,13000,16500,20000,28000,38200,28000,30000,-1,-1,38400,40000,-5,22000
4375,7,45000,2,2,45000,28000,-4,-4,-4,7,-5,-5,-5,-5,-5,-5,-5,-5,-5,2100,4488,5616,4872,6582,13800,3350,0,-2,2268,-2,-2,-2,-2,-2,-3
4376,5,-1,3,2,-1,-5,57,62,48911,-3,-2,-2,28050,35100,28030,43570,-2,-2,45600,-2,49000,58045,58100,67000,-2,75000,-2,78000,87000,112000,102100,100000,116000,-5,100000
4377,1,-1,3,1,-1,10000,10,15,12465,25000,-2,33044,-2,44200,46800,57000,66000,79000,78000,73000,83000,83070,26900,-2,47589,-5,13500,-5,29100,23892,-5,-5,-5,-5,-5
4378,5,-1,3,2,-1,16400,27,31,39065,22094,24350,17408,33520,37000,35402,56000,45000,54500,65000,79000,43000,56800,60035,-1,-1,-1,166400,113200,82600,-5,57610,96025,188250,216444,265096
4379,5,25000,3,2,25000,16500,79,84,84654,48960,34600,30104,-2,0,-2,-2,3600,4128,4477,15712,20721,16917,15200,24932,54094,75000,89420,74000,80000,68000,-2,59200,-2,32545,-5
4380,1,-1,3,1,-1,12315,93,84,78565,14375,24805,33020,38100,39100,41700,-2,50000,54150,34000,37050,37000,74500,38000,86305,106640,75000,81000,102000,106000,109000,-2,86640,14970,22880,-3
4381,5,1000,3,2,1000,-3,89,80,69525,75001,6280,9928,12050,18331,21248,24000,25005,25020,26425,24000,-1,-2,-2,-5,40500,-5,-1,-5,-5,-5,-5,-5,48000,51400,53400
4382,1,37000,3,1,37000,2400,96,99,98695,3138,6205,7935,8927,10608,15000,15025,17450,25783,28398,33618,20050,46200,12900,33171,32302,44405,49025,59917,55000,48510,52800,50603,53712,82000,-3
4383,5,-4,3,2,13000,23059,32,32,21237,29100,12300,11140,6705,9860,5650,5208,1220,4900,8060,-2,6176,6000,7300,27000,51096,45000,14400,14400,-5,-5,-5,-5,-5,-5,-5
4384,1,3300,3,1,3300,20000,12,17,13645,1448,55000,4054,3000,21000,18000,11200,-2,0,1200,-2,1200,1200,0,1200,1150,1300,1200,-5,-5,1235,1800,1200,1200,1200,-5
4385,1,15000,3,1,15000,12453,-4,-4,-4,-3,-2,-2,-2,-2,17030,0,0,0,-2,14428,-3,11480,16840,-2,-2,0,0,3000,-5,1900,-2,9840,10164,10140,9845
4386,5,15000,3,2,15000,-3,15,18,22421,-3,13000,3500,0,4333,6858,6786,10192,14255,9732,10458,10260,10380,27141,-2,-2,16300,-1,18797,19900,30359,29000,-2,8268,11223,-3
4387,1,-2,3,1,-2,-3,94,99,96857,15000,900,2819,3665,3315,4151,8000,9200,12200,12100,16200,40000,29600,35300,43000,45048,49000,58296,63618,74022,68500,82000,76087,2600,115080,96680
4388,1,-2,3,1,-2,-5,-4,-4,-4,28000,-1,-2,20000,33700,-1,23000,30000,29000,28000,33000,34000,7200,39000,50000,109320,-2,20200,40000,15000,21000,35000,34800,-5,-5,-5
4389,1,25000,3,1,25000,-3,-4,-4,-5,-5,-5,-5,-5,-5,-5,-5,-5,-5,-5,-5,-5,-3,-5,-5,-5,-5,-5,-5,-5,-5,-5,-5,-5,-5,-5
4390,1,23000,3,1,23000,11000,24,18,25824,-3,14500,20000,18000,10538,12865,20138,-3,20500,21000,21000,27550,35030,32460,32600,5550,37000,62163,68600,63850,72080,-2,-2,60000,71000,98000
4391,5,-4,3,2,14989,17800,67,70,62689,19734,28368,18737,14001,17022,0,-2,12400,-2,39143,44319,46800,54990,7117,37075,10984,12034,-5,8579,3500,8068,6468,10698,10294,10452,10498
4392,5,25000,3,2,25000,6120,60,80,76762,40000,12800,16060,24020,28079,32341,50140,54900,68000,68300,79046,80698,60000,-2,-5,-5,-5,-5,-5,77000,97000,101000,97300,-2,197000,130000
4393,1,50000,3,1,50000,20000,94,91,77783,24000,21003,38500,-2,-2,-5,-5,-5,-5,-5,-5,-5,-5,-5,-5,-5,-5,-5,-5,-5,-5,-5,-5,-5,-5,-5
4394,1,50000,3,1,50000,70000,53,49,50823,12020,21000,48000,47000,24027,5350,20000,-2,-2,-2,-2,-2,-2,-2,80000,244343,332808,103000,-5,-5,-5,42000,52000,45000,42000,42000
4395,1,24000,3,1,24000,36000,62,71,69592,50000,32000,24000,15000,14550,24420,25880,28000,31000,35000,35000,61450,69709,-1,-5,150000,162256,-5,-5,-5,233000,-5,-5,220000,-5,-3
4396,5,30000,3,2,30000,-3,28,28,31278,27600,26004,28650,53120,49984,-2,42500,46100,22000,9200,18072,21600,16000,23000,22500,32000,40400,30000,36000,39000,-5,-5,75000,-5,49562,58000
4397,3,-1,2,1,-1,-3,9,9,10140,-3,-3,3000,8000,9350,15000,35000,-5,-2,19000,17000,17000,25000,25000,86000,92000,-5,-5,-5,-5,-5,47240,3716,22800,27600,21600
4398,2,20000,3,1,20000,19500,32,37,27004,24160,13300,-2,14000,12000,21200,39000,36200,32000,25800,55100,53650,49575,60670,10400,300,18500,25000,65000,110000,60000,0,30000,70000,40000,45000
4399,1,-4,3,1,-2,-5,-4,-4,-5,-5,15000,15030,14000,13200,14200,18910,-2,-2,-2,18000,-2,-2,41800,42800,42432,-2,-2,-5,-5,-5,-5,-5,-5,-5,-5
4400,5,-4,3,2,-3,-5,-4,-4,-5,-5,19000,15030,-3,12007,15600,18942,16000,-3,34491,28000,47000,33313,38776,41600,40232,42803,-2,54320,51682,65000,76610,-5,73740,71500,-3
4401,1,20000,3,1,20000,33000,45,44,56923,28000,5160,35000,36000,15000,40000,-2,55000,-2,74500,90500,13025,-2,29000,36000,23000,-2,61000,-5,-5,-5,-5,-5,-5,-5,-5
4402,1,-4,3,1,8149,-3,46,53,46806,9376,15200,-2,17100,27575,34085,34500,38800,41400,43200,44800,64800,49660,46600,42100,-5,-5,-5,-5,-5,-5,-5,-5,-5,-5,-5
4403,1,-1,3,1,-1,-3,65,76,71671,14620,20603,22000,24505,16800,13200,19412,15000,19196,37500,-2,-2,27900,63660,31549,42600,46500,62000,64300,56000,40440,41000,50900,60000,95250,106000
4404,7,-2,2,2,-2,4900,2,1,262,-3,4800,4404,5292,5316,6644,7236,7512,7778,8124,8532,6569,12816,-1,-2,-2,14000,-2,-2,17500,-5,18180,17340,22056,15371,-3
4405,1,-1,3,1,-1,40000,17,17,17246,40200,2500,2000,12025,13013,22010,17584,18070,18005,34025,55600,42035,48015,22650,18510,24040,52012,-5,-5,106600,130020,92168,119752,-5,-5,-5
4406,1,-1,3,1,-1,14000,86,91,95701,-3,-1,-1,-1,22000,-1,-1,-2,28000,-1,-2,-2,-1,-2,-2,-1,-2,-2,-2,-2,-2,-1,-5,-5,-5,-3
4407,1,35000,3,1,35000,43000,70,90,93654,40000,52000,5640,74120,16650,23400,26500,34000,28200,31880,29743,60300,74200,96100,72500,150000,150300,200000,408473,479983,454737,440692,497763,595986,922631,766958
4408,5,35000,3,2,35000,43000,63,64,77518,40000,45000,55000,5820,6700,5050,43530,26030,26000,29600,28100,39120,34400,33200,43400,60300,80000,79022,98000,92000,99000,103300,112000,120000,152000,214300
4409,1,30000,3,1,30000,-5,41,42,29568,30000,45000,33610,46600,41500,45000,54000,-2,36700,41300,34200,34000,45000,-2,974100,-2,141760,90000,72358,100000,-2,123150,79600,-2,52247,49235
4410,1,30000,3,1,30000,-3,60,59,58528,30000,45000,42000,50000,-2,-2,24300,32500,31200,34650,33050,32378,-2,41500,60500,98000,111000,114000,121000,111300,139500,147500,178000,163000,191000,-5
4411,5,30000,3,2,30000,30000,32,37,49210,30000,45000,42000,50000,-2,-2,72000,16000,76900,83000,159805,69200,-2,-2,-2,-2,35000,105000,75200,106550,120000,-2,107000,-1,-1,-3
4412,4,14000,1,1,14000,16000,12,14,15246,36000,2300,10000,8410,-2,-2,79000,16000,-2,-2,88400,-2,-2,22000,-2,-2,-2,26000,-2,-5,-5,-5,-5,-5,-5,-3
4413,8,14000,1,2,14000,16000,14,11,11248,31000,31000,-2,-2,-2,-2,52000,91000,67000,146942,-2,66000,-2,-2,-2,-2,-2,45000,38400,30000,30000,-2,-2,54000,35000,56000
4414,8,8000,1,2,8000,-5,-4,-4,-5,-5,-5,-5,-5,-5,-5,-5,-5,-5,-5,-5,-5,-5,-5,-5,-5,-5,-5,-5,-5,-5,-5,-5,-5,-5,-5
4415,4,-4,1,1,-3,10400,-4,-4,-4,-3,11000,-5,-5,-2,-5,-5,-5,-5,-5,-3,0,-2,-2,16884,25884,-1,-5,-5,-5,-5,-5,-5,-5,-5,-5
4416,8,-4,1,2,-3,10000,2,5,4312,5488,9000,7735,6240,7296,8088,5484,10932,11760,-2,16812,-2,14388,-2,13272,12360,9012,15128,-5,-2,13000,18000,7800,10945,6968,15000
4417,8,12000,1,2,12000,14000,11,4,4607,-3,18000,-3,-2,17700,-2,-2,-2,31600,50980,39500,-2,-1,-5,60000,66000,-2,-2,60000,-2,102000,-2,6100,-2,17160,24000
4418,1,0,3,1,0,-3,39,51,50670,-3,20000,60000,25000,-2,20000,-2,-2,27000,-2,-2,62300,-5,63200,85600,71500,-5,-5,-5,-5,103000,-5,-5,-5,-5,-5
4419,4,-3,1,1,-3,25000,74,85,86463,21000,35000,16100,55025,-2,37200,48000,60500,60200,75000,87500,-2,60300,67500,83100,84200,77200,125000,122900,129200,115015,157025,120000,-2,150100,135000
4420,4,-2,1,1,-2,-3,16,23,46837,21000,35000,41000,-2,-2,-2,-2,15600,16000,21000,62760,51640,28000,-2,-2,-2,-2,-2,92000,89000,120000,-2,120000,74000,90000,109000
4421,1,-2,3,1,-2,35000,81,80,90381,15000,15000,24000,30090,10040,9000,12000,20000,15050,-5,26000,14000,9000,11000,-2,25000,40000,40000,50000,125000,130000,130000,130000,160000,160000,160000
4422,5,-1,3,2,-1,35000,51,54,59109,4000,-2,20800,41000,28800,16000,15000,24000,10000,20000,24000,16000,24000,17000,10000,-1,21600,80000,20000,35000,55000,61780,85000,53320,80000,-3
4423,5,-2,3,2,-2,15000,86,82,91520,35000,26000,3130,16936,50000,60000,60500,80900,52000,71000,159805,94100,28408,26125,30500,50900,109960,124000,175000,70850,69350,-5,-5,-5,-5,-5
4424,5,14368,3,2,14368,15000,96,79,86364,35000,26000,27000,31110,19000,14022,20100,40200,10001,66069,63929,839078,70025,-2,68000,75043,82240,90000,90000,105000,100350,100700,110200,111200,139100,168000
4425,5,14000,3,2,14000,15000,98,91,93673,-3,26000,27000,31110,15916,22612,25026,27025,48975,47313,32500,52520,52362,54024,37020,53964,50800,48500,-2,38000,42440,36140,24000,-2,30000,38000
4426,1,42000,3,1,42000,50000,92,96,95855,27000,13750,12020,1550,25000,29800,22000,-5,61500,69600,71700,839078,-5,189918,974100,151500,163000,210000,171000,172000,208470,163000,225341,282000,306000,356000
4427,1,8000,3,1,8000,14000,39,36,52997,0,22000,25000,20000,23000,20000,15350,14000,-1,38000,43200,20000,52000,42500,84000,39000,85000,33483,0,45000,38000,1828,65000,0,40000,50000
4428,5,11000,3,2,11000,-3,99,99,99032,9015,16000,20000,-1,10607,13512,25023,54050,69100,74700,75300,89500,81900,89576,106100,123900,159500,167600,209400,217000,245908,265200,274263,595986,922631,766958
4429,1,10000,3,1,10000,75001,93,90,93797,8000,10000,15300,28000,-2,17580,12373,16422,0,17752,19570,25046,29713,36015,28554,54064,54000,74600,89635,93474,-2,73200,95250,106220,88182,118000
4430,1,12000,3,1,12000,33000,83,69,76715,-3,49000,50000,-2,-2,27500,33500,38200,49200,40900,26500,30700,21000,15000,-2,34000,55100,85200,408473,108000,270000,-5,40000,36200,33700,22200
4431,7,9000,2,2,9000,-3,18,12,8594,-3,-2,18180,-2,17000,-2,22678,-2,-2,15346,37458,-2,-2,-2,47355,20000,-2,37936,11484,39656,-2,42940,-2,28864,27468,40508
4432,1,-2,3,1,-2,-3,53,53,42103,10539,45000,-2,-2,10400,7157,-2,7248,1040,12180,9300,14436,14817,24114,23600,18924,10000,3000,9856,22784,-2,23268,20800,20480,-5,96000
4433,4,6680,1,1,6680,5500,6,6,11870,5949,8695,-1,8000,-2,-2,0,-2,6400,0,-2,21680,12910,-2,-2,-2,0,0,-5,18000,9600,0,-2,-2,-5,-5
4434,5,-4,3,2,17025,12000,1,3,1603,20000,20140,25200,25000,18800,30000,25000,25300,26500,-5,-5,-5,-5,-5,-5,-5,-5,-5,-5,-5,-5,-5,-5,-5,-5,-5
4435,1,11000,3,1,11000,38000,21,21,23267,60000,75001,12782,1400,60000,-2,-2,188,-2,-5,-2,0,0,360,0,0,0,312,-5,150,144,120,72,156,-5,257
4436,1,11000,3,1,11000,38000,13,8,7471,-3,30000,-2,-2,40000,-5,-5,996,-2,11872,0,0,15600,-2,-2,-2,500,-5,-5,0,-5,-5,0,10320,10500,12320
4437,5,-1,3,2,-1,75001,99,99,97577,-3,-1,75001,13700,100001,100001,-3,36500,46140,63050,62559,64000,50800,52100,61400,65400,81000,85800,98000,12500,43000,36000,51100,37000,30000,140000
4438,5,9300,3,2,9300,14000,45,32,31428,15000,3600,6950,11000,100,16700,38870,36000,7800,146942,19000,10080,7904,32000,18061,68000,80000,-5,110000,116200,135000,135120,-5,-5,50000,46000
4439,5,-2,3,2,-2,70000,80,80,79312,75000,4500,15740,30000,39700,37500,40000,26650,36628,51000,78000,55300,54180,42000,82000,97000,332808,142000,85000,85100,53797,19000,97000,-5,52000,45800
4440,5,-2,3,2,-2,70000,27,29,37287,75000,75001,75001,75001,-2,-2,100001,10500,20050,10000,159805,-5,14054,23650,18000,-5,-5,-5,-5,-5,-5,-5,-5,-5,-5,-5
4441,5,-1,3,2,-1,40000,42,43,43481,-5,-5,30000,72400,-2,-2,95000,69000,83000,-2,100000,839078,160097,-2,-2,-1,-5,-5,-5,-5,-5,-5,-5,-5,-5,-5
4442,5,50000,3,2,50000,-3,42,41,38719,-3,-5,-5,-5,-5,-5,-5,-5,-5,-5,-5,-5,-5,-5,-5,-5,-5,-5,-5,-5,-5,-5,-5,-5,-5,-5
4443,1,28000,3,1,28000,50000,19,29,26497,-3,37000,-2,20000,-2,26036,-2,28100,39010,38040,44050,38500,-2,-3,-2,-2,-2,-2,-2,29500,-2,65000,50450,52960,38400,48400
4444,5,25000,3,2,25000,37000,10,10,10341,36000,37000,40000,-2,50000,43200,4900,14400,0,18000,-1,-1,-5,-5,-5,-5,-5,-5,-5,-5,-5,-5,-5,-5,-5,-5
4445,5,20000,3,2,20000,-3,21,25,33018,-3,-2,-2,16300,75000,20000,-2,32000,28250,61300,32000,24150,10752,25012,21330,43540,59360,-5,29033,14736,45556,17028,3324,13658,66100,-3
4446,1,35000,3,1,35000,42000,65,75,85381,-3,8530,10845,51400,-5,-5,-5,-5,-5,-5,-5,-5,-5,-5,-5,-5,-5,-5,-5,-5,-5,-5,-5,-5,-5,-5
4447,5,23000,3,2,23000,22220,64,65,81671,30000,35600,12904,-2,33100,32664,33400,27393,31525,29130,26859,35500,27542,25060,-2,45000,51668,60004,73050,77291,75000,81490,77400,105435,116300,129600
4448,1,23000,3,1,23000,22220,70,84,94559,30000,35600,27000,33314,-2,7202,10505,-3,17505,36005,42000,38440,44000,32600,30280,-5,54000,72400,95000,95000,125000,120000,98000,194995,150000,107000
4449,4,-2,1,1,-2,-5,-4,-4,-5,-5,-5,-5,-5,-5,-5,-5,-5,-5,-5,-5,-5,-5,-5,-5,-5,-5,-5,-5,-5,-5,-5,-5,-5,-5,-5
4450,5,-4,3,2,10525,-3,45,45,47208,10180,14545,30000,14020,15479,45480,58200,58000,-2,0,7400,14304,16252,18076,24075,44000,60000,67000,78000,71000,79500,99157,112000,108000,131100,164200
4451,5,-2,3,2,-2,20000,32,34,56186,35000,40000,20000,30000,-2,-2,-2,-2,24000,-5,-2,48034,51120,54500,-2,62120,117000,-5,-2,90200,-2,-2,130400,-2,59840,56300
4452,5,-2,3,2,-2,20000,27,22,34657,35000,40000,20000,30000,-2,-2,-2,-2,-2,-2,-2,40000,42000,44020,58000,62015,79000,85000,90020,106100,-2,125000,134100,144200,158020,162015
4453,1,-4,3,1,21900,20416,22,19,13910,42000,31400,40820,35600,42200,47000,-2,75000,86200,146942,75500,68000,69000,85000,88200,94350,-5,-5,-5,-5,167000,120000,125214,139246,147605,75000
4454,1,-4,3,1,22200,-5,-4,-4,-5,-5,-5,-5,-5,-5,-5,-5,-5,-5,-5,-5,-5,-5,-5,-5,-5,-5,-5,-5,-5,-5,-5,-5,-5,-5,-5
4455,5,-2,3,2,-2,5500,76,64,70917,24600,16500,15036,15000,20265,30197,33200,38788,32000,33020,42056,41020,45020,45024,53500,45801,60025,62020,67000,71023,77180,77550,70700,60120,70120,68000
4456,5,-1,3,2,-1,-3,25,27,24508,-3,-1,-1,-1,-2,-5,-5,-5,-5,-5,-5,90000,65000,189918,90000,244343,-2,-5,-5,-5,-5,-5,-5,-5,-5,-5
4457,6,-4,3,2,-3,4050,84,87,87806,1500,8200,17000,21500,17500,27100,25000,23500,28500,30400,31000,39000,35900,40500,41500,51000,-5,-5,-5,-5,-5,-5,-5,-5,-5,-5
4458,5,9600,3,2,9600,7000,49,45,58675,-3,-5,11900,4800,341,0,8300,-5,-2,15000,-2,-2,-2,19800,-2,-5,-5,-5,-5,-5,-5,-5,-5,-5,-5,-5
4459,5,25000,3,2,25000,20000,24,29,38478,14008,21000,10626,12680,9926,8500,3100,8750,24480,1300,12000,19200,6500,5400,-2,15512,9450,19000,26900,9000,15000,22000,-2,-2,6985,5968
4460,1,25000,3,1,25000,20000,48,56,53129,6000,-5,-5,-5,-5,-5,-5,-5,-5,-5,-5,-5,-5,-5,-5,-5,-5,-5,-5,-5,-5,-5,11000,116000,82000,240000
4461,1,25000,3,1,25000,20000,10,13,9581,14000,7200,9200,27500,8000,1200,-5,20000,17400,4000,14200,26000,0,14000,17000,21000,-5,-5,24000,18000,12000,19000,24000,23965,28000,31000
4462,3,-2,2,1,-2,75000,1,1,1827,15000,10000,28000,24065,18500,26500,1000,-2,-2,21600,0,0,0,-2,-2,8450,8400,9000,9480,0,19200,10080,20400,10668,21336,25987
4463,7,-4,2,2,4992,-3,26,27,30105,-3,-3,750,-2,4284,3328,13300,-2,10900,10110,17030,-5,18000,14700,10000,-5,-5,-5,-5,-5,-5,24000,-2,32000,-2,19000
4464,7,4464,2,2,4464,10000,18,13,11349,5000,30000,25000,10800,9000,11000,11000,24000,13000,-2,26000,16000,24000,27000,29000,29500,16800,23040,38100,8400,11760,7200,7200,23600,20400,-3
4465,5,39000,3,2,39000,40000,49,56,63042,52000,3281,9742,63716,16000,19000,26150,55000,59050,146942,63300,60754,63850,63000,61000,-5,95000,92000,120000,98500,78500,113100,90000,112380,120636,120000
4466,1,10000,3,1,10000,34200,32,35,46534,14979,-2,-2,3100,-2,20000,27000,24000,26900,32200,-2,68850,67632,-3,63000,41460,52000,54000,40000,100000,131000,114000,110000,197000,274000,195000
4467,1,10000,3,1,10000,34200,10,6,6020,14979,-2,-2,12500,40000,22775,-3,74000,10500,29000,-5,21654,-3,-3,-2,22000,32360,0,60,720,840,0,1800,2000,-5,-5
4468,1,35000,3,1,35000,10421,67,72,63044,23500,10000,14390,15000,6320,14050,7610,31100,34603,30664,-2,-2,39224,37260,-2,58020,58000,76100,79000,79000,-2,-2,86000,98000,117000,108000
4469,5,35000,3,2,35000,722,17,21,14771,14500,4464,13400,3500,27506,16000,48000,30000,33965,15000,-2,11028,16648,20080,32000,43600,21050,32400,163808,31200,-2,37920,-2,-2,21600,-3
4470,1,35000,3,1,35000,25000,59,53,60473,70000,11681,-2,-2,28270,31500,37350,31200,14000,61730,44800,58413,44632,37100,34000,38500,68776,52000,107000,128600,153200,176600,185800,199000,236400,-3
4471,1,17400,3,1,17400,14000,65,89,93330,15000,-2,-2,8200,5216,30000,7500,3500,27750,12200,63200,80200,94500,189918,122000,124500,125000,88500,126000,147500,265000,165000,243000,595986,302000,335000
4472,5,-2,3,2,-2,6383,64,69,76215,10297,8112,10001,9807,12200,13048,11510,11905,12000,15000,18505,21010,2545,24074,24006,-5,25000,36500,40784,42873,46030,47020,58050,50025,56168,78017
4473,5,15000,3,2,15000,17800,3,6,6763,18000,20000,2278,20000,25000,-2,6928,5458,6920,9288,9588,-2,9000,12432,11640,-2,13680,14976,21564,0,31416,21756,16566,-2,-2,-3
4474,5,15000,3,2,15000,17000,11,13,8147,18000,20000,-2,20000,25000,0,3900,-2,0,57300,48767,58491,57941,50704,4363,22554,26000,-2,28000,41620,21000,23000,15400,-5,30016,24512
4475,6,6600,3,2,6600,13000,24,17,11516,23600,23844,26000,28500,31000,38000,45000,-2,44045,-2,48260,-2,48296,56001,58408,41000,-2,-1,47000,26000,104000,198800,-2,21000,33600,43896
4476,5,-4,3,2,2000,100,18,21,21407,900,5568,5808,7260,8286,6938,10512,8644,7229,7800,6456,5264,8136,15234,20152,0,8000,17000,20000,25000,20000,20252,11000,20328,0,-5
4477,1,15000,3,1,15000,21000,28,24,30727,25000,-2,-2,12000,-5,20000,-2,9000,10000,10000,23000,28600,-5,-5,-5,-5,-5,-5,-5,-5,-5,-5,-5,-5,-5,-5
4478,5,-4,3,2,3700,11300,76,80,85068,11032,8150,7604,10668,21500,22500,27000,30000,30000,29000,29000,34000,34000,30000,40020,40000,45000,46000,49000,106000,52000,-2,-5,-5,-5,-5
4479,5,-1,3,2,-1,-3,64,66,71146,3500,-2,25800,34030,-5,-5,-5,46300,65200,73000,78300,90700,90200,91200,25000,53600,60500,67600,73800,-1,-1,-1,136400,-5,82000,-5
4480,3,46000,2,1,46000,60000,91,91,87942,60000,6500,15200,30500,-2,-2,-2,42500,45000,69500,76900,75000,93500,98500,108000,90800,116120,-2,154500,199000,238200,264000,497763,297000,290000,300000
4481,5,-4,3,2,24100,40000,76,70,73361,44050,60050,19000,24400,27000,-5,-5,40000,45000,49500,42038,839078,77000,40916,43616,-2,98000,85000,115000,-5,-5,-5,-5,-5,-5,-5
4482,5,-4,3,2,185,965,24,14,20700,-5,5280,2844,2596,1900,2160,1649,0,-2,47140,65500,32520,47060,41910,22247,73000,106344,-5,39564,108800,454737,13172,982,11800,24423,9820
4483,6,-4,3,2,12816,18342,13,13,10443,4260,10608,13500,13980,14556,15852,15168,17676,17736,18696,20460,19128,36005,-2,16448,14256,-2,1800,11832,0,16824,17184,12648,10701,23668,38868
4484,1,20000,3,1,20000,-5,-4,-4,-5,-5,12000,3200,5400,-5,23000,15000,1900,14500,-5,35000,23985,35000,-2,24000,10780,-5,-5,-5,12156,11316,-5,11976,9736,8988,7608
4485,5,-4,3,2,25000,-5,-4,-4,-4,20012,16310,17000,19000,11292,-3,21060,-2,-2,-3,35330,12805,11660,13530,-2,-2,-2,-2,33280,39000,55000,38880,35000,38880,37000,30960
4486,3,12000,2,1,12000,10000,46,50,67226,5500,16000,35000,-2,30000,5000,5100,11000,17000,17000,22000,-5,20000,-5,-5,-5,-5,-5,-5,-5,-5,-5,-5,-5,-5,-5
4487,5,13000,3,2,13000,14000,59,59,73850,25000,24000,8818,17984,25000,30486,28510,27006,38000,48562,48010,46500,59358,-2,42000,72918,96000,103000,73856,63000,97760,-2,-2,82618,80868,-3
4488,5,13000,3,2,13000,14000,89,86,94247,-3,24000,25000,25000,36000,16020,22520,57200,20100,58000,68100,839078,74250,80250,64600,49500,57100,92000,220000,246000,225000,440692,175103,269000,263000,272000
4489,1,-4,3,1,-3,12050,17,9,11388,42000,39700,-2,3223,9164,-2,12154,17000,-1,-2,55195,37000,160097,189918,120000,-5,-5,30000,75000,90000,45000,-2,64000,-5,-5,-5
4490,5,-4,3,2,5444,6000,26,22,18201,42000,39700,-2,3223,9164,-2,10000,15000,-1,-2,55810,32180,30000,189918,120000,244343,-5,30000,75000,-5,28000,-2,65000,-5,37000,52000
4491,2,4000,3,1,4000,-5,-4,-4,-5,-5,26000,25000,25000,38000,-5,74000,65000,60000,-5,99000,839078,160097,90000,160000,110000,-5,-1,-5,-5,-5,-5,140000,44000,110000,152000
4492,2,4000,3,1,4000,-5,-4,-4,-5,-5,-5,-5,10500,16000,-5,-5,-5,-5,-5,-5,-5,-5,-5,-1,-5,-5,-5,-5,-5,-5,-5,-5,-5,-5,-5
4493,5,-2,3,2,-2,-3,79,74,55158,8787,38640,37650,13680,6100,-1,65100,75700,73440,146942,77524,22010,22500,42450,39900,45200,332808,-2,129824,55200,39484,22713,91000,66000,78000,63000
4494,5,48000,3,2,48000,14306,87,78,76916,40000,6286,11500,32000,-2,24300,34000,100001,1057448,146942,30200,200,24100,8061,13198,-2,-1,12100,28000,17005,10200,4010,13001,10401,20560,21000
4495,5,40000,3,2,40000,-3,69,64,51659,-3,27100,34000,-2,23030,23038,20100,28150,28042,30300,29998,30100,30050,65849,69250,1223,24224,84352,27600,6020,27048,33946,18772,22340,19200,23050
4496,5,-4,3,2,20570,22075,54,66,60869,25048,10550,10240,7170,4438,2360,2160,2234,8868,18000,17000,25160,22620,25640,29487,35416,41000,43120,-5,47120,132225,161000,82900,-5,-5,-5
4497,2,7500,3,1,7500,12596,30,24,25910,12000,1200,5000,4463,14296,15321,-2,12000,12832,7000,-2,-2,24000,36000,-2,51000,-2,43000,46000,130280,145000,82000,-2,26200,20000,25000
4498,2,7500,3,1,7500,12596,54,45,61509,12000,12000,10000,2500,-2,6000,29303,-2,26000,34000,27399,-2,34200,-2,35400,-2,26044,-2,42000,39000,28000,72000,40000,47000,30000,2280
4499,6,7500,3,2,7500,12596,29,35,51094,12000,3335,7000,6064,9632,11000,13000,18500,22000,68000,70000,91000,91000,81000,82000,85000,49000,56300,56300,54300,18000,15840,14400,14280,14280,14302
4500,2,-2,3,1,-2,17000,20,19,21318,6000,-2,32000,-2,-2,-2,9080,18000,25700,26200,24980,26900,25500,26200,24728,-2,19900,18000,20000,30000,26080,35000,32000,30320,10800,24000
4501,2,-2,3,1,-2,17000,18,18,45182,6000,-2,10000,-2,12000,17000,14880,29046,12500,18000,20000,16000,17605,22000,32570,32000,35000,42000,30000,46000,55000,58000,-5,-5,-5,107000
4502,2,7500,3,1,7500,-5,-4,-4,-5,-5,-5,-5,-5,-5,-5,-5,-5,22309,-5,-5,-5,-5,-5,16550,-5,28300,-5,-5,-5,-5,-5,-5,-5,-5,-5
4503,2,7500,3,1,7500,7700,2,2,4853,9000,9000,12000,8000,-5,13500,18724,-5,20000,-5,20400,28000,22000,25000,-5,17000,20000,30000,21000,18000,25000,27500,35000,30000,32440,30000
4504,2,7500,3,1,7500,7700,2,1,1333,9000,9000,12000,6500,10000,0,12772,12235,-5,-5,0,-3,1209,0,0,-5,-2,250,6000,-5,-5,-5,-5,-5,-5,-5
4505,6,7500,3,2,7500,7700,8,14,22243,1550,10880,12000,8000,10000,-5,10960,-5,-5,13200,12000,13000,-2,-5,20810,-5,-5,-5,-2,65000,-5,-5,-5,-5,-5,-5
4506,6,3600,3,2,3600,3000,21,18,17592,10000,15000,12000,26600,25640,26900,24000,27000,24700,32000,30000,46000,42000,45000,59000,91400,96000,147000,106200,120000,112000,128000,75000,114000,122000,163000
4507,2,31000,3,1,31000,6000,6,4,5017,17000,6500,22700,11100,-5,-5,15000,-5,-5,-5,-1,4500,-1,-2,-2,-2,-5,-2,3600,-5,1248,-2,10320,8640,10510,10800
4508,2,-4,3,1,3400,13100,81,73,57865,9300,-2,5580,23200,22400,29500,24700,28000,-2,40100,35200,41000,40088,43694,54050,50000,-5,66000,64700,91570,94000,-1,48000,60000,-1,-3
4509,1,20000,3,1,20000,20000,78,93,98905,-3,50000,-5,9400,-5,4300,18600,15500,19000,33000,32600,35000,42000,46000,51100,60000,68500,82000,72000,72899,81000,81000,97000,96000,97000,104000
4510,2,-4,3,1,5000,7100,91,85,74490,8500,12600,15000,17000,20000,18000,45500,41034,33100,36025,42050,-5,-5,-5,-5,-5,-5,-5,-5,-5,-5,-5,-5,-5,-5,-5
4511,1,-4,3,1,6000,3700,79,80,68723,3000,8000,18000,19000,23000,29000,55000,50000,68000,62000,70200,839078,81000,80000,87000,100000,65400,110000,125000,145000,160000,-2,155000,150000,215000,231000
4512,2,-4,3,1,3000,7000,93,90,80183,4600,8800,23000,-5,-5,-5,-5,-5,-5,-5,-5,-5,-5,-5,-5,-5,-5,-5,-5,-5,-5,-5,-5,-5,-5,-5
4513,4,-4,1,1,4402,-3,84,79,72061,6600,41000,7000,10006,14020,80000,-5,49500,42040,47030,46630,46040,-2,38000,20000,31000,35000,46700,44000,48000,59600,60000,53000,71000,52408,71000
4514,1,23683,3,1,23683,30000,94,82,83129,-3,10589,16132,21529,100001,100001,-2,36200,39800,26000,37000,39700,78800,76492,56000,84200,-2,93400,120000,149000,112500,69258,99110,148200,164500,164500
4515,1,-2,3,1,-2,40000,43,59,76668,32000,31468,35000,-2,-2,46000,44000,-2,-2,16000,17700,-2,-2,-2,-5,-5,-5,-5,-5,-5,-5,-5,-5,-5,-5,-5
4516,5,31000,3,2,31000,20000,99,99,98501,19925,-5,-5,-5,-5,-5,-5,-5,-5,-5,-5,-5,-5,-5,-5,-5,-5,-5,-5,-5,-5,-5,-5,-5,-5,-5
4517,1,15000,3,1,15000,16000,41,38,26623,22000,6500,8451,17000,20450,41900,46800,61800,66000,48900,34000,839078,100000,189918,103000,64000,118500,80000,161000,192000,211000,218000,235000,261000,256000,281000
4518,1,15000,3,1,15000,16000,23,23,30349,22000,-2,18000,24000,25000,26000,60584,57095,71065,-2,35860,-2,24000,29150,26200,53500,72500,86400,99000,100000,128000,158000,158000,174000,196000,185000
4519,1,4896,3,1,4896,13000,44,41,38736,8460,15744,-2,15500,28000,20000,32460,16000,30000,16000,35500,15000,17900,23500,60000,47000,57179,68000,53500,50000,22000,56000,-5,-5,-5,-5
4520,1,26000,3,1,26000,-3,52,58,49905,-3,41000,42000,38200,45000,28500,30460,27000,25070,35000,31000,32000,27000,35000,15000,65000,35000,48000,120000,58000,-5,-5,-5,-5,-5,-5
4521,5,21000,3,2,21000,23000,-4,-4,-5,-5,-5,25000,-5,-5,-5,-5,-5,-5,-5,-5,-5,-5,-5,-5,-5,-5,-5,-5,-5,-5,-5,-5,-5,-5,-5
4522,5,-2,3,2,-2,-3,32,31,34095,0,-2,-5,-1,-5,-5,-5,-5,-2,20520,5700,16296,20960,26365,-5,-5,-5,19000,17600,39000,-5,-5,-2,27040,-5,2304
4523,5,40000,3,2,40000,30000,54,57,72109,30000,640,15000,12224,20000,26900,35000,23000,19992,22350,38700,43000,-2,70000,40000,-2,19176,19176,43000,6000,0,-5,-5,-5,-5,-5
4524,4,35000,1,1,35000,35000,53,50,65975,54500,7500,75000,40000,-2,2000,20000,33000,85000,-2,159805,100000,70000,-2,974100,-2,-2,135000,75000,59000,161000,170000,259000,309000,309000,324999
4525,6,20000,3,2,20000,15000,34,34,44579,25000,25000,-1,-2,100000,100000,100001,-5,-2,-2,26000,32447,-2,-2,-2,-2,8100,-2,9000,17500,16902,19926,18282,7200,0,82000
4526,5,35000,3,2,35000,37000,68,57,61261,6939,28920,33780,41040,47953,51300,59000,58500,65130,56580,61400,26700,29000,30300,32600,20000,700,45000,56500,64000,83000,62000,80000,85000,102000,103500
4527,8,11000,1,2,11000,15000,38,36,34693,8000,17000,20000,22000,27030,45065,11000,-2,12000,-5,-5,22000,-2,-2,-2,-2,-5,-5,-5,-5,-5,-5,-5,-1,16512,25740
4528,5,-4,3,2,25500,50000,87,80,65668,2400,10000,2350,6500,14860,7008,3760,19040,11400,2000,6045,-5,24020,26000,0,38400,36010,45278,52000,74987,84100,94005,93011,81547,5450,-3
4529,1,37000,3,1,37000,30000,-4,-4,-4,3930,12380,21360,20105,14600,10000,9973,-2,-2,4000,3600,7000,7631,7000,0,-5,20000,20000,24000,24000,30018,32000,57880,10,11520,11520
4530,5,-2,3,2,-2,49000,66,67,78080,10505,-2,6786,-5,-5,-5,-5,-5,-5,-5,-5,-5,-5,-5,-5,-5,-5,-5,-5,-5,-5,-5,-5,-5,-5,-5
4531,1,28000,3,1,28000,33000,69,73,66623,30000,-2,40000,47000,55000,40000,33000,41500,53400,76600,80700,96680,98000,92570,91000,95000,106200,152000,155000,113700,102000,105000,150000,165000,145000,198000
4532,4,60000,1,1,60000,-3,87,81,70375,30000,-2,26600,28500,-2,44600,44000,48400,49600,75000,159805,839078,160097,189918,81400,82000,67500,63000,76700,125000,133000,181300,137300,160000,195000,266000
4533,8,-2,1,2,-2,-3,28,47,60671,30000,-2,-2,-2,-2,100001,100001,59000,67100,70050,66328,73500,71920,74500,93000,96000,146000,114000,-5,-5,-5,-5,-5,-5,-5,-5
4534,5,27900,3,2,27900,50000,91,72,72163,50000,14151,18548,27800,-2,21875,37045,37100,48324,56220,66100,65600,69850,71864,51320,62520,6030,78000,101030,105100,114100,135100,142000,136000,181800,178000
4535,1,-2,3,1,-2,10800,99,99,100000,0,-2,8500,1020,0,9600,8800,-3,36600,36030,47400,35000,-2,22000,41760,58000,72000,60000,65912,78000,103000,112400,128000,144000,168000,212000
4536,5,-4,3,2,7250,8520,75,63,57342,4702,10000,10000,12000,4200,8883,8875,-2,22000,22024,31035,40031,37629,33020,46283,7287,-2,20802,24700,17103,22050,27367,-2,22000,29800,30000
4537,7,-4,2,2,-3,2500,34,33,37936,7040,5920,6612,-2,14000,11400,3812,8988,600,14688,12420,12780,15921,17784,17900,31100,41300,67500,-2,93605,80000,76000,84000,84000,-5,80000
4538,5,-4,3,2,16000,23500,53,59,41962,24705,32000,33000,36000,37530,69000,40600,48100,57500,70500,58040,63025,65000,76481,84462,88274,103000,50000,105049,120000,107000,106000,110500,113000,193000,134000
4539,5,9000,3,2,9000,14000,57,66,62911,8665,6500,3400,932,5068,9100,47226,34030,23350,19040,26026,26030,-2,-2,39150,30050,22784,22995,20802,21200,9900,13612,17700,11818,12924,11616
4540,1,9000,3,1,9000,14000,18,26,32671,13000,10000,16900,11620,-2,20000,15000,15000,18000,24010,27220,27160,27010,31000,36140,35000,5400,54300,61350,59660,58000,70732,96600,75700,83593,93000
4541,8,4500,1,2,4500,24000,10,11,7177,5517,3168,4536,-2,8000,6998,8364,1572,9866,16908,27250,48200,48690,48640,18100,-2,10416,4660,29936,41240,9600,7164,12120,7440,9900,10373
4542,4,4500,1,1,4500,-3,2,4,7817,5517,-2,-2,-2,-2,3577,-2,-2,28992,15000,4038,11292,21156,20841,22000,-2,0,21000,0,34000,24000,14000,26000,1500,40000,0
4543,8,4500,1,2,4500,24000,11,13,18514,5517,15200,-2,-2,-2,-2,17197,21520,19000,18600,20500,23000,23000,29000,15900,3300,17500,23800,30800,1800,-1,23000,0,11000,-2,40000
4544,8,4500,1,2,4500,24000,6,4,2960,5517,359,9120,6479,5400,10000,-2,26000,940,1167,2100,39904,28800,6000,7768,20000,12500,39000,48000,47000,60000,-2,4926,-5,25396,-3
4545,1,-4,3,1,70000,54100,66,61,52814,41620,40000,43650,45050,47000,44450,48900,72000,50000,58100,68500,76000,65000,63150,65600,244343,100100,209630,-5,-5,99150,52000,-5,97000,100000,110000
4546,5,-4,3,2,70000,50100,38,40,31346,41620,39080,42600,45050,-2,44450,48900,72000,50000,56100,-2,55200,-2,51800,59000,88500,100500,207030,-5,-5,-5,-5,-5,59800,-5,150000
4547,1,26000,3,1,26000,28260,40,51,48570,30000,18020,14061,37020,18800,19000,37000,31000,33080,28690,32040,36032,35000,29645,33030,36000,0,-5,-5,-5,-5,-5,-5,-5,-5,-5
4548,1,30000,3,1,30000,35000,75,84,89282,30000,40000,50000,30000,44000,3000,2510,21530,25090,31150,34200,-2,38100,70500,125540,139000,100000,86000,408473,101000,127000,171000,244000,230000,156000,276000
4549,1,30000,3,1,30000,40000,35,47,64270,30000,30000,35000,50000,27000,47000,14275,19100,18300,32250,30150,35750,32568,38500,39700,54250,61000,65150,-5,105000,111000,156000,183900,197600,922631,232800
4550,1,-1,3,1,-1,25000,93,76,76532,50000,4341,5880,7965,-5,13500,15000,23500,20300,26000,28000,-2,-2,40500,64000,88000,6500,-2,127000,-5,92000,-5,-5,110000,-5,140000
4551,5,-1,3,2,-1,20000,36,32,31852,46000,17000,20569,33950,20480,20682,47015,37050,40010,49100,51500,46520,42000,51020,57100,61100,1000,63200,-2,-5,-5,-5,-5,-5,-5,-5
4552,1,-3,3,1,-3,23000,64,58,72735,25000,30000,15000,5992,8474,9487,25050,29347,37115,39300,3000,8060,10020,16000,-5,-5,-5,63500,77000,71500,115500,-5,-5,219050,-5,-5
4553,5,-1,3,2,-1,25000,46,36,46352,22000,4090,7448,5292,8096,8416,-5,-2,-2,27075,-2,-2,-2,30700,39400,-5,-2,-1,-5,-5,-5,-5,-5,-5,-5,-5
4554,5,-2,3,2,-2,50000,73,73,67989,55000,13000,40000,65008,60000,44000,50050,50000,60000,32100,72500,-1,-5,-5,-5,-1,-5,-5,-5,-5,-5,-5,-5,-5,-5,-5
4555,1,-2,3,1,-2,-3,93,94,88660,7400,15900,28000,-5,15000,100000,-2,19600,67600,76000,83500,-5,61500,64707,57600,-2,70000,114000,-2,88000,163000,156512,-2,262800,266000,132000
4556,1,12000,3,1,12000,75001,63,72,63029,40000,20000,5010,-5,9200,-5,10200,-5,-5,-5,-5,-5,-5,-5,-5,-5,-5,-5,-5,-5,-5,-5,-5,-5,-5,-5
4557,6,6000,3,2,6000,8000,8,6,4899,17000,10532,0,0,0,0,0,0,7240,10488,3828,3840,12720,11780,0,0,0,19634,57422,6580,0,5160,32772,-5,42080,-5
4558,2,6000,3,1,6000,6000,38,40,43274,11000,-2,-2,8000,6334,-1,-3,20488,30000,30000,15000,15000,25000,31320,15000,15000,-2,37200,42000,42000,-2,38000,36000,-5,-5,-5
4559,1,-4,3,1,11000,7500,-4,-4,-4,18000,23000,23000,26000,25000,26638,28804,32000,26000,41600,52100,839078,53500,59700,64000,70000,75000,83000,101000,109200,-2,109000,125000,119600,272600,126000
4560,5,-4,3,2,600,11000,79,71,64810,11200,3321,6505,5711,12000,2626,3500,1060,1600,3600,4200,7700,5560,9000,11000,13460,8,22010,22000,21000,25614,23630,0,11160,10500,0
4561,5,9048,3,2,9048,11000,38,45,63671,9000,14715,12500,-2,13287,19663,2200,18200,2180,62770,7000,9470,6936,7704,-2,4065,3485,26100,19000,16150,27494,22824,28500,26162,17144,33900
4562,5,-2,3,2,-2,-3,11,11,7442,36000,31000,40000,-2,-2,40000,-2,1500,-2,-2,-2,-2,-2,-2,-2,-2,70000,-2,-2,-2,-2,7300,-2,-2,-2,-3
4563,1,23000,3,1,23000,45000,40,40,43186,40000,40000,9600,11388,22170,29305,39000,33376,47050,47100,71642,80000,77200,63223,51087,67000,83200,110000,100800,119000,96000,95000,115000,130500,115000,98000
4564,7,20000,2,2,20000,27000,81,79,70620,2082,3500,2700,11000,24711,26530,60000,61896,63000,70000,39000,43875,55130,68200,66121,64053,-2,111500,80482,72400,-5,-5,-5,-5,-5,-5
4565,5,20000,3,2,20000,33000,33,30,42885,40000,3398,18528,5189,20605,14400,23100,31100,30040,34100,38500,45000,46900,49131,52065,67954,80200,95600,194800,261000,278000,-2,-2,165300,162604,167400
4566,1,20000,3,1,20000,-3,77,74,74431,-3,-2,-1,5000,-2,18100,28100,28200,32400,36400,-2,81000,160097,-2,974100,82000,0,-2,114000,150000,-2,99200,-2,224000,-2,280000
4567,5,-4,3,2,-2,8050,81,74,75294,10050,13000,8100,13361,19000,-5,-5,-5,-5,-5,-5,-5,-5,-5,-5,-5,-5,-5,-5,-5,-5,-5,-5,-5,-5,-5
4568,1,-4,3,1,-2,5400,-4,-4,-5,-5,-5,-5,8085,9100,8600,12200,15200,8175,8175,15200,11582,15200,13305,-5,22200,27250,21625,28076,-5,18500,18250,20000,21000,24700,34014
4569,2,1600,3,1,1600,17003,79,66,76485,14293,23134,47003,62952,26105,39085,37100,44100,-2,57200,57400,47200,54000,44200,38000,52000,63000,68000,82000,86000,162000,151000,160020,170010,176010,158350
4570,6,31000,3,2,31000,-3,77,77,84593,31850,-2,11818,12863,17402,17600,28300,30000,48010,100,7600,27300,12600,29000,-2,116660,107000,131212,133200,152000,191000,193000,-5,-5,-5,-5
4571,5,30000,3,2,30000,20000,68,59,48110,19300,17000,21500,31565,22813,26849,28985,34696,34891,43948,44948,21476,35650,42100,41561,38300,100,51004,52884,73891,77284,79000,87015,59600,88020,766958
4572,1,30000,3,1,30000,37000,38,41,54282,42000,40000,45000,12801,15206,25364,35100,32013,27024,25020,27019,19620,28937,23237,30198,40400,43500,46200,48076,52200,77800,79000,86630,104014,114020,143000
4573,5,-4,3,2,4500,-5,-4,-4,-5,-5,-5,-2,-5,-5,-5,-5,-5,-5,-5,-5,-5,-5,-5,-5,-5,-5,-5,-5,-5,-5,-5,-5,-5,-5,-5
4574,1,25000,3,1,25000,55000,38,33,33272,28000,33000,25000,-2,46000,17464,5200,0,0,18000,19280,14752,24000,17000,21200,40000,4408,19192,20000,13965,-5,-5,-5,-5,-5,-5
4575,1,-2,3,1,-2,12144,26,31,30613,16000,16800,16037,20424,33864,37474,-5,37500,40000,48600,22400,31000,37000,34000,44000,47775,-5,70800,-5,-5,-5,-2,-5,-5,52740,72556
4576,5,30000,3,2,30000,40000,35,29,35674,3200,25000,17000,30000,5004,25000,56000,31708,-2,34640,7520,25960,3557,35040,16900,16200,6011,12000,25000,16000,25250,28555,15000,23400,30000,32000
4577,1,26000,3,1,26000,26000,41,37,44479,22000,25000,16250,20000,28000,33000,28540,64700,-2,34416,-2,38264,-5,-2,974100,-2,0,85000,72000,-5,74800,0,100000,35000,25000,60000
4578,5,2500,3,2,2500,406,59,52,61545,16298,18557,-2,1415,5892,5940,5880,6120,9516,14392,5400,7008,12288,12696,-2,11000,11868,10768,13200,9600,17184,14400,19152,10068,-5,-5
4579,1,25000,3,1,25000,20000,80,74,84059,55000,55000,-2,-2,-2,30000,20000,52612,49500,66000,65000,57936,78773,77300,33200,-2,-2,-2,59220,65005,97992,-2,45000,17000,24100,32400
4580,6,-4,3,2,-3,6860,49,57,50430,30000,9564,5424,5604,-2,15000,18050,17500,25000,21050,33050,25030,58660,-2,25000,8300,15000,1800,25000,24000,21000,24000,13472,0,0,5082
4581,6,21000,3,2,21000,28600,11,7,6221,30000,-2,5472,7104,-2,-2,4550,2061,8088,7605,9161,-2,9156,9720,14360,18160,0,5880,5988,7600,6756,7200,9444,-2,16056,21264
4582,6,21000,3,2,21000,21400,46,47,55052,10202,10621,7010,7104,7998,7320,10500,9420,7110,26653,24904,24000,23550,24000,2403,25000,25500,43150,47012,50000,-5,22860,0,800,-5,-5
4583,2,21000,3,1,21000,21400,49,68,70638,30000,27000,24000,-2,40000,27000,-2,-2,-2,-2,-2,12000,-2,-2,13500,13260,50,22000,24300,21000,-2,24700,-2,-5,-5,-5
4584,5,-2,3,2,-2,-5,-4,-4,-4,-3,-2,-2,63600,-5,-2,-5,-5,-5,-5,-5,51020,87000,80125,86000,244343,-2,77100,-2,479983,130000,-5,-5,-5,-5,-5
4585,5,-3,3,2,-3,15000,75,69,60885,8000,12150,5710,23360,18000,2473,12500,27400,7400,-2,12884,24044,12567,-2,18741,8363,22760,27034,29900,23080,34000,20600,32174,900,-5,-5
4586,1,5040,3,1,5040,15000,74,82,85959,8000,12150,35233,8000,5304,31000,43000,19164,11688,16000,13730,33764,28410,25165,-2,30511,63694,66662,51979,46954,38976,44075,47264,65656,68189,69000
4587,5,20000,3,2,20000,15015,89,84,90547,15050,20150,29470,32100,44100,51900,37250,44450,60000,-5,-5,-5,-5,-5,-5,120200,-5,-5,-5,-5,-5,-5,-5,-5,-5,-5
4588,5,-4,3,2,-3,-3,20,20,17490,-3,-2,13630,18000,-2,-2,18000,0,-1,30288,-2,-2,-2,-1,-2,-2,-1,-2,-1,-5,265200,-5,-5,-5,-5,-5
4589,5,-4,3,2,5000,26170,49,39,35236,30000,20680,16416,41800,16840,22341,29900,26520,40300,27000,8537,38015,49000,38718,57500,52000,0,77700,145000,86200,66511,74300,52402,88000,74144,27552
4590,5,16000,3,2,16000,15000,83,80,74952,-3,50000,5005,11000,11000,10000,17000,29200,30500,34500,42100,40100,45200,43200,52200,62200,58500,60000,50500,58000,90000,100000,110000,110000,110000,120000
4591,1,16000,3,1,16000,15000,79,82,79554,54000,9300,3400,6000,20400,-5,-5,-5,-5,-5,99300,-5,-5,-5,-5,-5,-5,-5,-5,-5,-5,-5,-5,-5,-5,-5
4592,5,16500,3,2,16500,21000,42,38,35574,-3,2400,58000,5600,2000,8000,100001,100001,1057448,98500,159805,839078,500,45000,40750,47900,-5,44200,53400,59500,60100,70700,114000,72000,240000,137000
4593,5,30000,3,2,30000,7000,49,47,40627,8327,9041,9510,7800,8100,-2,8018,9611,9235,9229,9400,9800,11000,10500,15090,7315,8880,10088,8984,9264,19734,10380,-5,-5,-5,-5
4594,5,-4,3,2,6112,6000,40,34,35760,7802,10500,31200,32000,38000,35000,51900,46020,49200,51736,-2,57000,39015,42012,52200,55000,0,66000,77000,78000,80000,57000,84000,82000,69000,36400
4595,1,30000,3,1,30000,50000,40,41,41056,43000,56000,56000,70005,80000,75000,89185,2700,4000,19665,57300,57000,65065,189918,68080,57000,110250,67000,60015,95000,96460,56600,56932,61400,22000,-3
4596,2,20000,3,1,20000,-3,76,70,66351,14200,15000,21200,30100,42000,45020,59000,-5,-5,-5,-5,45500,-2,189918,-2,123000,0,52064,49300,65000,-2,-5,-5,-5,-5,-5
4597,2,20000,3,1,20000,55000,18,24,25896,2000,-2,-1,-2,3200,4500,-5,-5,2000,-5,5000,2000,10750,-2,0,2000,1000,14400,-5,0,0,-1,-5,0,0,0
4598,5,50000,3,2,50000,50000,25,18,18611,63850,70000,13000,15000,76980,8000,8000,-2,-2,9196,18000,11836,19000,-5,-5,-5,4000,-5,-5,-5,-5,-5,-5,-5,-5,-5
4599,5,48000,3,2,48000,52000,44,38,45367,64800,20050,66000,75001,75000,90000,31100,-5,-5,-5,-5,-5,-5,-5,-5,-5,-5,-5,-5,-5,-5,-5,-5,-5,-5,-5
4600,5,48000,3,2,48000,52000,65,55,69022,64800,70000,22000,20000,34897,30643,55000,35000,33000,54000,55000,72000,74000,189918,86000,106000,0,143000,155000,-5,-5,-5,-5,-5,-5,-5
4601,1,44000,3,1,44000,45000,21,25,17388,14450,55000,13860,70000,17550,25720,-3,50188,31000,26329,24500,30900,70800,92520,-2,61300,-2,45900,56125,46000,46000,34404,25000,8800,300,32500
4602,5,44000,3,2,44000,45000,75,56,60716,42300,55000,-2,11000,28200,16540,40000,19020,19880,96300,69600,55100,65100,71000,61000,141000,70200,70000,67000,70000,112000,72000,88852,147000,-2,108000
4603,1,44000,3,1,44000,60000,28,35,32446,42300,55000,62100,70000,-2,47000,45200,25200,-5,-5,-5,76000,86500,81400,92500,-5,-5,-5,75000,-5,-5,-5,-5,-5,-5,-5
4604,5,10500,3,2,10500,13000,49,39,42318,10500,-3,31500,21000,26000,-1,7000,4000,14000,16070,16000,15000,-2,22000,22000,26100,42000,24900,25234,27412,40518,37000,30000,2400,37000,39000
4605,1,-4,3,1,3520,9056,97,95,92690,12275,7000,5200,26000,13700,8000,8000,2000,4883,6269,0,5580,5060,5290,11832,12048,492,496,-2,-5,-5,-5,-5,-5,-5,-5
4606,1,-4,3,1,4000,3500,94,88,83831,9100,10705,10305,14715,6070,5000,18000,26500,32300,27200,32212,28544,40300,40500,95000,-5,-5,-5,12330,15000,75000,80000,150,550,5000,41000
4607,1,-4,3,1,845,5300,72,68,58250,10600,10719,7000,6500,10300,40000,31500,51000,46040,56000,48000,34500,37000,53549,41000,63000,61000,52000,86763,80000,85000,88427,-2,130590,83000,117000
4608,1,32000,3,1,32000,37000,43,34,37498,43000,39000,-5,8600,-5,-5,13768,-5,23600,23200,-2,28100,32388,-2,34250,44500,-5,-5,-5,-5,-5,-5,-5,-5,-5,-5
4609,1,-4,3,1,2600,5200,91,91,91857,4950,17000,5600,5900,22050,31650,-5,41200,48350,52400,62000,85000,74000,86000,107000,140000,186000,220000,408473,250000,165000,250000,497763,595986,299800,300000
4610,1,20000,3,1,20000,1878,78,76,73870,31000,6000,3640,21800,9800,11096,3000,1000,50000,-3,11150,10000,10000,20000,13000,18200,-5,-5,-5,-5,-5,-5,-5,-5,-5,-5
4611,1,-4,3,1,-3,8500,85,86,71734,23000,41100,44350,-1,-1,-1,-1,-1,-1,-1,-1,-1,-1,-2,-1,-1,-1,-1,-1,-1,-1,-1,-1,-1,-1,-3
4612,1,-4,3,1,5280,15448,75,74,71626,20500,12700,7760,13000,7200,10000,16516,-2,20920,8679,15200,15000,15000,22000,10000,-5,24800,20000,-2,48000,-2,-5,-5,-5,-5,-5
4613,5,9000,3,2,9000,13000,55,62,71435,17000,25000,28000,8000,32000,45000,36800,50000,37357,40000,32000,67000,-2,36600,22806,41780,42035,-5,63000,63240,-1,71000,-5,0,-1,-3
4614,5,13000,3,2,13000,-5,-4,-4,-5,-5,-5,1620,5092,28088,5988,15076,7620,10656,6782,10116,9876,9792,0,25150,12500,3756,12515,102,13000,22000,-2,20000,21120,-2,6000
4615,1,13000,3,1,13000,-5,-4,-4,-5,-5,-5,-3,5400,10000,-5,12000,14000,14000,-5,-5,-5,-5,-2,8000,4000,-5,-5,-5,-5,31216,14632,22191,22000,24000,-3
4616,5,-1,3,2,-1,-3,89,85,92881,21571,7000,6930,7000,-2,-2,8000,10040,19030,1030,20000,18000,20000,21000,42000,65400,-2,120000,100500,142088,179000,55000,62400,75000,161000,170000
4617,1,-4,3,1,7000,11700,57,49,57400,31120,50000,15300,-2,22266,29000,-5,-5,-5,-5,-5,-5,-5,-5,-5,-5,-5,-5,-5,-5,-5,-5,-5,-5,-5,-5
4618,5,-4,3,2,-2,11700,12,11,5573,4900,-2,3798,-2,-2,3880,7000,16400,22400,10600,15400,1200,627,14724,7100,6900,19000,32000,38000,0,4890,13000,20000,-2,23050,42672
4619,2,6000,3,1,6000,12000,7,10,12411,9872,10000,7308,-2,6500,-5,3500,0,0,0,1800,-2,1400,180,0,0,-2,0,0,9500,15000,9200,-5,-5,-5,-5
4620,2,6000,3,1,6000,12000,1,1,3648,9872,11000,13068,6449,5808,-5,8880,7608,-3,22857,9142,19644,34656,14778,-2,-2,17304,-5,-5,-5,-5,-5,-5,-5,-5,38264
4621,1,13000,3,1,13000,16000,66,66,66439,25025,-2,12000,26000,10060,26250,27150,42300,50350,49000,57500,55300,72000,189918,54200,116500,125000,114000,91000,56000,68200,71000,150000,100000,160000,105000
4622,5,20000,3,2,20000,10000,18,28,40843,45500,8414,11296,11839,15009,19007,-2,-2,-2,17600,159805,36305,31285,39640,13344,15500,-2,15000,32000,25000,32000,26594,21867,-2,26743,56703
4623,1,20000,3,1,20000,10000,12,11,22535,45500,23500,22000,19000,-2,27000,21000,47600,-2,25000,32300,20140,-2,7500,28100,34984,66000,38640,52360,73000,-2,93200,68634,71300,-5,-5
4624,5,16000,3,2,16000,20000,27,32,38467,14400,17900,3020,14532,13020,14400,-5,-5,35000,5000,16800,67000,-5,60000,18000,81000,38300,15260,29737,73768,65526,52668,-5,7461,39637,42056
4625,5,-4,3,2,6500,10100,85,82,81014,13100,44100,45100,49575,-2,49053,36300,42000,42200,46500,90200,65400,52200,69100,89500,-2,82200,150200,173000,-2,-1,200000,250000,250000,271520,285000
4626,5,-4,3,2,6000,12002,79,72,65198,12010,14501,13005,6100,4500,10000,6050,19000,48080,65200,80000,70250,95300,80300,974100,-2,100200,-5,160000,130000,-1,440692,270000,595986,922631,400000
4627,5,-4,3,2,8100,28400,57,52,51409,26225,30945,34336,-5,67600,-2,60000,70256,28500,32300,30000,17100,26300,24000,24300,25000,31000,83000,93000,64576,45140,21600,55793,40400,58800,45757
4628,5,-4,3,2,2000,5300,48,44,47283,6940,12000,-2,2124,0,1000,0,0,0,0,5000,5000,2000,0,8100,11000,22000,32461,0,21000,0,0,0,2000,12252,1017
4629,1,40000,3,1,40000,-3,73,55,56109,8650,75001,18544,27000,47800,42000,-5,52000,61000,65500,60000,65500,68500,90500,122800,109000,101000,-5,-5,-5,-5,-5,-5,-5,-5,-5
4630,1,40000,3,1,40000,-3,41,42,44750,42000,4481,6000,51000,40000,30000,45000,48000,30000,45300,49000,60000,62000,67000,70000,-5,90000,-5,100000,130000,140000,158000,135000,160000,160000,150000
4631,5,27000,3,2,27000,36000,80,88,91747,30000,32000,40000,42000,1050,43516,40984,34000,38000,34000,35000,40000,45000,45000,40000,60000,70000,32000,60000,60000,226,59700,-5,75000,-5,-5
4632,5,27000,3,2,27000,36000,55,50,60639,30000,32000,40000,42000,50000,56000,20000,37000,37500,24000,53500,57500,59600,62000,60500,65300,70300,92000,92000,110000,127000,116000,98000,110200,107600,127300
4633,1,50000,3,1,50000,40000,46,39,35588,15000,26020,19020,14000,27015,34000,26660,55414,42266,45200,55000,60000,70000,58000,48050,103500,80050,87000,90000,114000,116000,134086,148000,152000,163000,180000
4634,1,50000,3,1,50000,40000,62,59,68487,17000,45000,4500,16000,19146,25000,28600,28000,26000,24000,1800,30000,38000,43010,55077,97000,150000,225000,408473,225000,454737,250000,497763,595986,922631,766958
4635,1,50000,3,1,50000,40000,82,91,92940,25000,45000,4685,-2,7556,40000,-2,17010,28000,-2,29900,32200,38350,36150,63100,70000,83190,108280,70250,70300,77000,88000,100000,-2,123000,125000
4636,1,35000,3,1,35000,10,45,41,31028,12100,-2,45000,-2,60000,34500,39600,49050,100,-2,36100,50050,59000,56500,56000,55100,148000,68000,97500,117000,137000,145000,166000,114000,133000,136000
4637,5,20000,3,2,20000,28000,1,2,1320,40000,15994,14500,13586,64000,39640,14108,23378,15052,-3,21600,16028,37775,21500,40280,32000,45900,35000,46549,26500,40000,15678,24000,0,41000,50000
4638,5,20000,3,2,20000,30000,3,4,4875,30000,3303,-3,-2,30830,12588,14840,14208,-2,-3,16000,19500,-2,19500,29000,-2,-2,-2,-2,35000,-2,-2,-2,25000,64000,-3
4639,1,-1,3,1,-1,13000,32,35,46722,-3,-1,15000,-1,5000,-5,-5,-5,-5,-5,-5,-5,-5,-5,-5,-5,-5,-5,-5,-5,-5,-5,-5,-5,-5,-5
4640,1,11000,3,1,11000,9000,20,21,28839,12185,12000,16000,23000,16000,-2,-2,14000,-2,-2,34000,46000,15000,19000,-2,-1,-1,-5,-5,-5,-5,-5,-5,-5,-5,-5
4641,5,7000,3,2,7000,10800,43,53,63720,11000,6200,2935,6479,10716,9871,8400,10445,1057448,12688,9200,12000,-2,14000,14544,10256,16000,21500,22000,18000,8460,10000,0,6000,0,22900
4642,1,25000,3,1,25000,40000,44,49,55007,42579,51000,19980,4500,5000,4100,9433,15000,16000,16000,30500,38633,30000,53523,-2,130000,50000,40000,95000,117000,19800,142000,149200,199675,0,65000
4643,1,4000,3,1,4000,25000,25,20,24298,802,6222,10108,13278,11274,15200,14000,-5,31300,25760,27000,26000,27105,34950,37800,27000,44400,-2,-2,73828,92300,102116,497763,94052,108000,77200
4644,5,-1,3,2,-1,-5,-4,-4,-5,-5,5000,-5,-5,-5,-5,-5,-5,12000,4736,0,0,-2,0,-5,-5,-5,-5,-5,-5,-5,-5,-5,-5,-5,-5
4645,8,8000,1,2,8000,15000,65,57,48019,20504,24353,-2,-1,-1,-1,-2,-1,-1,-1,-1,-2,-1,-1,-1,-1,-1,-1,-1,-1,-1,-1,-1,-1,-1,-3
4646,1,21400,3,1,21400,22500,38,35,36390,7360,20438,32197,23804,30000,-2,26564,20276,20200,18000,-1,30000,50000,50000,74000,74000,93000,84000,103500,-5,-5,-5,-5,-5,132000,-3
4647,1,21400,3,1,21400,22500,86,89,95575,14000,5000,8100,9415,9436,27530,-5,-5,-5,-5,-5,-5,-5,-5,-5,-5,-5,-5,-5,-5,-5,-5,-5,-5,-5,-5
4648,1,15200,3,1,15200,16500,63,69,85471,23000,50000,45000,7700,-2,57200,-2,2500,3418,10550,13270,10700,11000,23000,54312,57500,65400,75000,78250,87240,178000,130000,121000,120000,105000,133463
4649,5,19000,3,2,19000,11050,74,58,57967,14295,13505,17100,-2,-2,24840,8500,0,-2,-2,-2,10000,15000,-2,0,15000,-2,-2,50000,21911,4507,-2,-2,-2,50000,64500
4650,5,40000,3,2,40000,45000,67,68,62142,40000,4980,5250,5400,28700,32700,38000,47000,35500,68000,80200,839078,160097,189918,130000,105000,175000,134000,222000,235000,-2,250300,70000,140000,246000,281000
4651,5,52000,3,2,52000,55000,42,31,49157,60000,60000,6100,10100,58000,59000,70000,75500,78000,65000,62500,79000,83800,64900,73500,-2,91000,-5,-5,37000,36960,-5,43200,-5,-5,-5
4652,1,65000,3,1,65000,50000,82,97,92296,50000,75001,26600,42000,-1,40000,60180,37000,64659,72575,159805,-2,-2,88206,50819,93296,50800,55000,114381,102500,-2,77300,-2,86245,108900,90905
4653,6,3912,3,2,3912,30000,6,3,2278,16000,3120,2856,4532,1800,-2,12000,3340,0,-5,60000,5545,28890,-5,42150,39240,-5,-5,16200,25000,36000,26240,41776,20640,11100,30000
4654,2,3912,3,1,3912,-3,38,38,52935,-3,32000,10000,-2,5050,13000,6520,5000,10000,-2,5000,8000,1200,14000,17000,-5,25000,-5,160000,11000,10000,-2,20400,13000,15000,13000
4655,6,-3,3,2,-3,-3,52,43,53313,-3,10000,1600,11200,12030,16300,-1,16500,19350,24400,-1,-1,-1,-1,5000,45000,45000,45000,-2,55000,65000,67000,46000,33000,31000,-3
4656,1,9000,3,1,9000,24000,-4,-4,-4,11000,20000,-5,40000,27050,33200,40600,74050,74000,55000,79400,70100,69250,70000,84000,95000,120000,90000,82000,82000,97000,92224,80000,107000,90000,104000
4657,6,-2,3,2,-2,10504,64,55,61927,14856,52100,2140,11130,7912,29480,100001,32080,41880,72080,159805,48000,50000,189918,1600,244343,-5,-5,-5,145000,140000,-5,-5,-5,-5,-5
4658,6,-1,3,2,-1,-3,41,33,40167,-5,-5,0,-5,-5,-5,-5,-5,-5,-5,-5,-5,-5,-5,-5,-5,-5,-5,-5,-5,-5,-5,-5,-5,-5,-5
4659,5,25000,3,2,25000,-3,89,89,87937,64000,75000,38633,42002,48700,56364,58464,60400,74400,-5,-5,-5,-5,-5,-5,-5,-5,-5,-5,-5,-5,-5,-5,-5,-5,-5
4660,5,35000,3,2,35000,49000,77,72,69660,64000,60000,65000,75000,19000,21000,87630,25020,26020,43500,45300,839078,160097,189918,-1,-1,-5,0,-5,-5,-5,-5,-5,-5,-5,-5
4661,1,35000,3,1,35000,47500,70,66,78036,3000,60000,65000,75000,60000,20000,14000,9000,-2,-2,-2,24720,-3,-3,4776,-1,82000,-5,76000,-5,53000,62300,-5,-1,-5,-5
4662,5,35000,3,2,35000,49000,99,99,98483,64000,-2,65000,-2,-2,40000,14000,18500,23000,27500,30500,31200,32000,32000,0,62050,71500,-2,-2,87236,109000,-2,152758,112150,115000,133000
4663,5,-1,3,2,-1,25000,13,15,19486,-3,-1,60000,-2,-2,40000,60000,10000,17000,20800,-2,43000,-2,-2,31400,-2,-2,9000,15000,13500,-2,26100,-2,-2,2290,-3
4664,5,60000,3,2,60000,25000,64,69,81334,-3,30000,6000,-2,60000,-2,21005,-2,-2,31000,159805,-2,-2,70378,67978,-2,-2,100000,-1,-2,-1,-2,-2,-2,-1,-3
4665,5,50000,3,2,50000,45000,90,84,83307,34000,-2,3004,8563,16400,30021,71100,76500,1057448,146942,159805,-2,-2,-2,0,0,332808,-2,408473,479983,-5,-5,-5,-5,-5,766958
4666,1,22000,3,1,22000,4000,98,95,87585,3000,14050,-2,2000,33000,-2,64500,54000,-5,-5,-5,-5,80600,90000,974100,-5,130000,-5,-5,-5,-5,-5,-5,-5,-5,-5
4667,1,50000,3,1,50000,40000,56,70,68569,50000,26000,59000,50000,75000,70000,-2,97200,1057448,146942,52000,63000,67500,40000,70,-5,-5,-5,-5,-5,-5,-5,-5,-5,-5,-5
4668,1,28000,3,1,28000,25000,72,74,81304,35000,32000,5292,8240,34950,40300,55000,66200,63500,70500,76900,85300,160097,-2,974100,244343,332808,390662,408473,479983,454737,440692,200100,595986,280000,-3
4669,1,28000,3,1,28000,30000,17,17,30372,37000,40000,55000,61000,63000,80000,27000,31000,-2,56050,88200,65000,25000,50000,3400,70000,66500,65000,75662,80000,90000,70000,84000,86000,91000,107000
4670,5,-2,3,2,-2,10000,21,18,17097,-3,-1,-2,-2,-2,-2,8000,-2,-2,-2,36849,33000,37000,39000,40000,56000,0,-2,87030,97000,137000,38461,29000,-2,68000,94227
4671,1,-2,3,1,-2,-3,13,10,13489,-3,-5,-2,2000,-5,15000,19832,-2,32000,34000,31573,24000,15977,14790,20500,49880,53800,55824,66872,200000,-5,73980,69600,65360,69400,75632
4672,5,-2,3,2,-2,-3,25,18,19543,-3,-2,-2,3500,-2,10600,15900,13700,13600,19200,-2,14900,11440,21199,-2,3900,-1,-2,-1,-1,-1,-1,-1,-1,-1,-3
4673,1,-2,3,1,-2,22500,6,3,9478,4120,12910,18670,40000,12000,13300,20000,25000,22911,28247,30000,42078,32096,0,0,34000,27000,33819,41000,20000,38000,43000,42000,48000,56000,53000
4674,5,-2,3,2,-2,22500,5,7,7687,60000,-2,35000,40000,-2,-5,-5,-5,15600,10400,50400,-2,62400,83400,0,65000,-5,-5,-1,-5,-5,-5,-5,-5,-5,-5
4675,5,20000,3,2,20000,24000,40,47,48409,35000,45000,30000,25050,27050,46000,23700,33000,32800,62500,56040,54400,61300,68200,60450,74800,79200,88400,85200,103800,110200,115200,120160,123700,134200,137050
4676,1,2000,3,1,2000,24000,89,84,86921,35000,6515,6800,11010,45000,60000,68000,-2,76020,78700,28500,29100,33640,32504,50,35100,39620,42000,-2,45000,78360,-5,15000,-5,-2,30000
4677,1,8600,3,1,8600,6160,30,52,50907,12000,26506,27012,26125,29500,-2,-2,-3,19000,-2,-5,-5,-5,-5,-5,-5,-5,-5,-5,-5,-5,-5,-5,-5,-5,-5
4678,5,26000,3,2,26000,25000,16,15,14358,40000,40000,20000,33700,-2,25000,7800,27800,26310,33920,21880,36000,16985,-2,0,-1,22000,28720,17000,17812,161340,24012,-5,-5,-5,-5
4679,5,23500,3,2,23500,35000,69,66,70403,25300,35000,52000,13000,13900,20000,19000,-2,71000,55000,54000,-1,44000,48000,57000,95000,-5,-5,-5,-5,134000,104612,78000,-1,-1,-3
4680,1,24000,3,1,24000,29000,63,61,71684,25000,23000,30000,20000,37000,-2,30000,-2,68000,20000,27000,16000,20000,15000,18000,-5,24000,40000,14000,14000,58860,18000,-5,-5,-5,-5
4681,1,8800,3,1,8800,5000,8,9,10844,-5,-5,340,12000,-2,9366,13244,30040,-5,-5,-5,-5,-5,-5,-5,1900,24000,3000,0,3000,15000,47400,15188,10848,17296,31904
4682,6,-4,3,2,-3,55000,83,85,85247,58000,17040,19010,24500,25020,27540,38020,47050,44000,34500,39500,42200,160097,189918,5300,400,153950,151000,-5,-5,-5,-5,-5,-5,-5,-5
4683,5,-4,3,2,5184,-3,63,72,74499,20000,9000,-2,11005,11000,12500,14000,10000,6800,12000,19500,-2,23000,68000,91000,-2,75000,70000,70000,90000,90360,160400,-2,-2,-2,-3
4684,5,-4,3,2,-3,-3,73,62,62488,75001,14000,18002,15000,20010,19000,20000,20000,55050,-2,50000,-2,59200,70000,-2,1000,95000,121000,130000,138000,170000,160000,185000,0,204000,190000
4685,1,-2,3,1,-2,-3,18,21,21055,8000,14000,-2,17564,80378,10100,75870,-5,26050,15000,-2,15000,15000,15000,0,-5,-5,-5,-5,-5,-5,-5,-5,-5,-5,-5
4686,5,40000,3,2,40000,4023,89,87,85163,47000,58000,40000,17500,22000,22000,25000,24300,27100,29200,34500,36675,48710,45400,45500,45400,54200,63000,78000,87000,195000,90000,100200,60000,45000,40000
4687,1,40000,3,1,40000,5262,67,73,84843,-3,58000,40000,5260,9406,-2,10500,21600,23509,27499,45400,51300,42500,-2,45080,41489,-2,55000,80000,68851,76703,88943,-2,99354,107516,111551
4688,1,-2,3,1,-2,-3,95,93,90899,70000,34600,12500,18500,40000,22500,-2,40500,65900,69000,69210,-5,83200,189918,974100,244343,115300,123000,95000,-2,275000,160000,190500,307000,120099,138000
4689,5,-2,3,2,-2,50000,95,99,95818,40000,-2,-2,-2,15500,-1,-5,-2,-2,146942,99000,839078,160097,-5,974100,-2,332808,60000,-2,-5,195000,165000,497763,-2,175000,170000
4690,5,42100,3,2,42100,51000,66,80,89812,-3,1250,5580,10000,23500,21600,18000,21100,21020,25000,27000,25000,30000,40150,25,4400,58000,55000,65000,70000,-2,85600,88200,90000,-2,82000
4691,5,75001,3,2,75001,75001,89,97,94121,75001,75001,75001,3000,-2,100000,6000,12000,-1,30300,30700,32300,35100,45750,-2,54400,-2,182100,200000,-1,-2,-2,254000,-1,-2,292000
4692,5,75001,3,2,75001,-3,83,89,97585,-3,75001,75001,75001,100000,100000,2900,30300,31150,27000,23800,51000,51000,48300,50000,72000,80000,92000,99000,109000,132000,115000,100000,112000,108000,122000
4693,1,-1,3,1,-1,-3,41,42,47504,50000,75001,-2,-2,-2,-2,-2,24000,38000,50000,70049,75000,100000,100000,-5,-1,-5,-5,-2,-2,200000,-1,250000,-5,-1,-3
4694,5,45000,3,2,45000,7004,69,68,69189,3605,70000,75001,15030,20007,30000,42560,100001,1057448,146942,159805,839078,160097,189918,974100,-2,332808,-2,-2,479983,-2,-5,-5,-2,-5,-5
4695,3,22000,2,1,22000,38000,86,96,92725,30000,25000,12600,14460,40500,49000,-2,35400,64200,70300,80400,54000,51500,88200,80500,80300,71200,75100,102800,136500,119200,162000,135000,168870,167000,190000
4696,5,-2,3,2,-2,-3,79,74,71680,-3,-1,-2,-5,-5,-1,-2,50,-2,-2,-1,-1,-2,-2,-1,-1,-2,-1,-5,-5,-5,-5,-5,-5,-5,-5
4697,1,50000,3,1,50000,50000,89,87,91420,50000,41000,23500,-5,-5,-5,-5,-5,-5,-5,-5,-5,-5,-5,-5,-5,-5,-5,-5,-5,-5,-5,-5,-5,-5,-5
4698,1,25000,3,1,25000,29000,75,70,69532,47000,50000,48000,50000,60000,-2,6300,65145,-2,46040,47165,51264,46860,64554,0,65867,63000,87000,117000,112100,156000,180000,215000,175000,175000,175000
4699,1,25000,3,1,25000,20000,70,64,60140,60000,75001,40000,31000,30500,48000,56088,61000,59800,46500,44900,50275,66925,54340,66500,159000,332808,192000,193600,137000,122596,48600,133560,161800,191600,139200
4700,5,-2,3,2,-2,20000,79,79,80646,65000,50000,40000,-2,15300,31800,-2,54100,-2,53000,51970,52800,52000,55500,-2,104200,139500,170080,191000,479983,200000,195000,-2,175000,-1,-3
4701,1,30000,3,1,30000,40000,52,62,59027,55000,75001,75001,75001,-2,58000,64500,74300,83400,82500,61000,73000,76000,81000,105200,94000,332808,390662,169000,155100,175000,130000,497763,595986,922631,295400
4702,1,30000,3,1,30000,40000,81,80,85659,55000,75001,75001,75001,100000,75000,77000,32000,40000,77500,80000,53000,48000,32000,82500,96000,117600,146000,178000,192000,225000,222800,198000,208000,228000,238000
4703,5,25000,3,2,25000,-5,-4,-4,-5,-5,-5,-5,-5,-5,16500,16800,20637,27100,29000,35100,35100,53000,79950,-2,1600,72000,76879,75000,90000,130300,94408,-5,-5,-2,140000
4704,1,30000,3,1,30000,-3,67,61,66998,2761,6037,8000,18000,-2,13000,10000,-2,-1,-2,50000,26000,9500,-2,-2,100000,-2,80000,0,5000,6000,-5,-5,-5,-5,-5
4705,5,-1,3,2,-1,-3,71,68,74951,-3,5160,7840,10000,18000,20100,31500,43000,50000,53000,62000,-2,63000,-2,-2,52000,63000,122000,76200,81000,91100,86000,100100,93000,129000,150000
4706,5,-1,3,2,-1,-3,72,80,86681,-3,1480,-1,50000,4200,11580,100001,-2,1057448,23500,14716,8261,13450,41000,46500,40350,45800,50100,80760,83935,99600,120000,163000,140852,178300,151000
4707,1,25000,3,1,25000,52000,42,58,65045,50000,37000,38645,43000,18520,19970,77100,93050,-2,45600,43200,47725,52200,52300,80900,87600,102500,102100,97000,108200,114120,127085,129000,129100,116600,114040
4708,5,-1,3,2,-1,-3,28,16,16825,-3,-2,15000,-2,-2,15000,16800,6000,18500,-2,31534,33000,-2,-5,-5,-5,-5,-5,-2,-1,-2,-5,-5,-5,-5,120000
4709,3,70000,2,1,70000,-3,38,53,61037,75001,75001,75001,1400,-2,100001,100001,-5,1057448,74000,-5,-1,36000,-5,-5,-5,-5,-5,-5,-5,-5,-5,-5,-5,-5,-5
4710,3,22000,2,1,22000,40000,18,15,13195,18500,50000,40000,-2,20000,-2,-2,-2,-2,-2,9600,4788,-2,14000,16000,13000,-2,13000,15000,24200,3780,2400,-2,-2,-2,-3
4711,7,22000,2,2,22000,40000,20,17,23091,-3,9252,6982,12414,-2,13264,20136,15525,-2,87000,20000,20780,33520,34151,42000,10400,54000,46500,31849,40000,43000,48848,64750,0,70000,-3
4712,3,22000,2,1,22000,40000,4,4,10010,18500,50000,40000,35000,15000,-2,-2,-2,0,-2,0,15703,25000,0,2295,15000,15000,40000,-2,99905,-2,-2,-2,27570,-2,-3
4713,5,28000,3,2,28000,-3,46,52,54705,-3,2815,8802,17425,26650,26992,31300,45500,58500,37400,50420,66500,-5,-5,-2,-5,-5,-5,-5,-5,-5,-2,-2,-5,-5,100650
4714,5,28000,3,2,28000,32000,59,52,64763,31350,33000,-3,19515,23327,28100,26000,32650,40040,48240,58060,67200,74000,95000,-2,107300,99000,102000,-2,140280,116500,109000,203000,155000,197689,193100
4715,1,20000,3,1,20000,20000,90,99,97434,20000,6000,5600,8330,7200,-5,16760,-2,15000,20017,23000,43000,37500,-2,-2,-5,74000,-5,-5,-5,-5,-5,-5,-5,-5,-5
4716,1,30000,3,1,30000,14000,5,5,8573,15000,18552,21000,23500,-2,28670,32500,100001,37690,41100,50150,50000,55100,-2,0,68120,80000,84000,78150,64550,78000,77000,139000,208000,137000,120000
4717,5,30000,3,2,30000,27000,40,35,44228,-3,25000,26000,35000,50000,34183,45520,48425,58200,52100,53200,47200,61000,80200,90500,96500,88000,-2,93000,101500,102500,115000,135520,130200,125000,102500
4718,1,10300,3,1,10300,25000,37,28,24843,-3,-2,40672,-2,25248,-2,23200,-5,27674,38290,37582,32077,-5,-5,-5,-5,-5,-5,-5,-5,-5,-5,-5,-5,-5,-5
4719,1,-4,3,1,1000,5400,24,29,22955,-5,8522,8800,8000,-2,-2,-2,-5,-5,-5,-5,-5,-5,-5,-5,-5,-5,-5,-5,-5,-5,50000,-5,-5,-5,-5
4720,1,-4,3,1,23500,21000,57,55,50743,31000,38000,39000,25000,28292,34040,35000,36130,35000,47250,43600,42150,49300,53600,-2,55000,71000,80000,77923,68200,71000,74000,76480,89000,77000,54400
4721,1,23000,3,1,23000,25000,95,99,95086,30000,7100,23000,25100,30000,35400,-5,41000,13000,-5,65000,-5,-5,-5,-5,-5,-5,-5,-5,-5,-5,-5,-5,-5,-5,-5
4722,1,25000,3,1,25000,37000,36,36,44638,8260,9503,9605,-2,13948,21012,18700,33536,1057448,-2,30096,22000,26000,35000,45300,51300,56000,74000,79000,70000,115020,77400,38000,51300,50160,56200
4723,5,75001,3,2,75001,75001,76,81,69380,75001,-2,30550,39669,45150,49500,41700,51000,49300,50500,75300,839078,160097,95500,138000,127000,138000,200000,408473,193500,122000,-2,166500,160500,-2,215000
4724,6,19000,3,2,19000,5200,15,11,8594,-3,12420,29700,11200,-2,-2,17500,21000,14964,25970,27500,28948,22564,2968,7900,8400,13000,18000,15113,8400,41000,25392,-2,-5,-5,-5
4725,1,-2,3,1,-2,25000,-4,-4,-5,-5,-5,-5,-5,-5,-5,-5,-5,-5,-5,-5,-5,-5,-5,-5,-5,-5,-5,-5,-5,-5,-5,-5,-5,-5,-5
4726,5,-2,3,2,-2,25000,40,33,20192,23810,-2,28336,27000,27000,43000,35000,18000,18000,16000,18000,20000,22000,23000,24000,24000,41000,-2,60481,35050,34139,-2,39800,-2,110000,40000
4727,5,2820,3,2,2820,-5,-4,-4,-5,-5,-5,6203,4395,3656,5800,11020,23200,15440,13400,15000,31000,24000,30416,-5,-5,-5,-5,-5,-5,-5,-5,-5,-5,-5,-5
4728,5,-2,3,2,-2,-3,60,58,72671,-3,34655,-2,37100,34200,40350,30500,30200,-2,60100,-2,-2,-2,-2,-5,-5,-5,-5,-5,-5,-5,-5,-5,-5,-5,-5
4729,1,20000,3,1,20000,20000,64,57,45692,35000,-2,-2,16000,-2,-2,12000,-2,-2,-2,-2,-5,-2,9200,-2,-2,-1,19000,-2,19000,17000,22200,20600,7128,-2,23000
4730,6,-2,3,2,-2,8000,43,39,44579,11000,1988,2870,3984,12893,13000,10509,16200,18000,1200,-5,1200,-2,2000,5500,11000,9000,12000,3000,6600,0,2400,2280,11400,7920,20664
4731,1,7662,3,1,7662,8000,17,17,16497,10600,10366,11826,9670,13720,17262,-5,12000,15000,24000,11000,18000,111,666,0,16000,26204,0,0,20017,28030,34320,30800,26552,26000,10000
4732,1,7662,3,1,7662,9050,19,20,19224,9230,-2,11842,-2,12000,16000,12500,14000,16000,21000,18200,-2,18000,21750,21846,23800,32000,42000,25000,21424,31281,22720,21600,24100,17108,29200
4733,5,7000,3,2,7000,-3,10,11,16996,12452,-2,5604,6552,6588,7152,9138,-2,-2,29000,21844,27125,26015,32000,39093,39644,45764,-5,31970,55000,52000,57000,68000,72000,68000,60000
4734,5,16000,3,2,16000,17000,20,24,23500,19000,6840,-2,9468,10213,10660,13200,11214,9812,8804,5856,24286,49826,40169,34912,-5,-5,56462,-5,49000,18400,-2,16000,20000,38000,50000
4735,5,-4,3,2,12725,7172,19,28,34221,6684,7248,6492,8016,6362,5892,7236,7500,6468,6984,7536,9528,13884,-2,15780,3000,12420,-2,26000,28100,27000,30000,90000,35000,39000,40000
4736,1,2580,3,1,2580,6000,11,11,12338,9045,-2,100,-2,4860,5148,18168,-2,12444,20976,14058,15394,15252,9143,-2,16000,21000,21458,22500,-5,50000,32000,44000,-5,-5,-5
4737,1,17000,3,1,17000,18000,66,61,67580,-3,21000,1000,19000,23400,27024,29300,30020,60000,53100,74500,66250,66000,67650,78550,72000,89000,103000,97200,107500,127000,40000,160000,170000,143650,135000
4738,1,-4,3,1,22190,23000,76,64,59362,22640,15940,17616,29860,28710,31680,46300,44200,-2,48200,50241,38572,33200,72800,-2,112000,105,107300,115200,117264,80300,84862,111200,127500,129693,-5
4739,5,22000,3,2,22000,27000,43,42,51561,16200,25000,18700,16000,38000,42000,8000,-5,-2,21200,18000,18100,20000,13000,-5,-5,-5,-5,-5,-5,-5,-5,-5,-5,-5,-5
4740,1,24000,3,1,24000,22000,35,30,43261,26000,25000,28000,25222,24000,25000,-2,-2,-2,-2,24644,10656,13972,4596,9800,-2,-2,15000,17000,12200,25000,26000,30000,4296,-2,5000
4741,5,37000,3,2,37000,3000,4,5,6682,4950,7318,-2,3773,1348,1640,21440,-2,30000,0,4654,-2,8976,9588,-2,-5,-5,-5,-5,-5,-5,-5,-5,-5,-5,-5
4742,5,24000,3,2,24000,20000,84,99,100000,25000,33000,40660,30025,28600,-2,30600,40600,-2,-2,-2,-2,-2,-2,-2,18050,21060,19540,22555,30025,31015,26000,28000,33026,59000,54000
4743,1,-4,3,1,0,-3,-4,-4,-4,-3,-5,-5,-1,-1,-5,-5,-5,-5,-5,-5,-5,-5,-5,-5,-5,-5,-5,-5,-5,-5,-5,-5,-5,-5,-5
4744,5,-4,3,2,10000,-3,-4,-4,-4,-3,-5,-5,-2,-1,570,-5,-5,-5,-5,-5,-5,-5,-5,-5,-5,-1,3164,-1,-1,-1,-2,-1,-1,-1,-3
4745,5,-4,3,2,-3,20000,49,42,41479,23000,25000,31624,1643,18562,17000,50000,24000,17500,86200,-2,-2,8000,6000,-5,-5,-5,-5,-5,-5,-5,-5,-5,-5,-5,-5
4746,5,18000,3,2,18000,20000,30,29,44275,25150,20607,28540,17300,27100,26155,-2,25100,37750,33110,-2,38465,31150,-2,57274,-2,-2,18208,45200,47500,-2,49099,47000,23384,20952,22380
4747,1,18000,3,1,18000,20000,12,11,11038,25150,26900,22200,-2,36600,7854,7000,-2,43118,40000,1661,-2,5154,12103,6700,10000,14000,12220,-2,12000,22382,34112,3240,3028,16778,11520
4748,5,-4,3,2,-3,11970,35,43,40539,-3,7180,1460,2983,-2,14600,-2,31000,24450,44000,42000,46000,55000,67000,12000,16500,16947,19680,25000,19800,21800,24000,68500,70720,59035,-3
4749,5,-4,3,2,-3,11425,53,56,59535,-5,-5,12062,-2,-2,14673,-2,-5,-5,-5,-5,-5,-5,-5,-5,-5,-5,-5,-5,17000,21035,-2,18100,-2,2328,1633
4750,1,-4,3,1,1250,11000,18,13,15141,-5,13814,27000,12819,15000,9000,-2,10500,25500,21000,32000,38188,30259,34500,50000,44500,-1,-1,125000,93305,-1,-1,-1,-1,-1,80000
4751,1,9363,3,1,9363,-3,11,12,12011,-3,25700,15843,-2,-2,17800,20000,23000,21000,-2,22900,25835,22000,-2,-5,-5,-5,-5,-5,-5,-5,-5,-5,-5,-5,-5
4752,1,12000,3,1,12000,18000,49,57,60219,18000,3760,24400,3200,7035,11988,12040,11396,18680,16528,22690,25300,24000,48244,18500,15000,27900,22000,34000,42000,43400,28216,30000,34000,43500,44000
4753,5,30000,3,2,30000,4300,98,89,89164,60000,50000,59000,-2,14465,14715,32020,-2,-2,20080,20050,25150,-2,40800,25025,17000,21000,26050,99450,125950,98010,118020,125030,131000,120030,-3
4754,5,-4,3,2,751,40000,86,81,87349,39000,4000,9000,12150,9570,4750,24116,26125,28200,146942,-2,839078,-2,-1,-1,-2,-1,-2,-1,-1,85000,88750,-1,-1,-1,-3
4755,1,35000,3,1,35000,40000,43,46,56643,52000,-2,-2,6060,17030,19500,47310,-2,34030,35030,-2,35000,42000,37000,58100,59150,79000,70100,90100,84005,84000,77000,109300,85805,99030,91600
4756,1,32000,3,1,32000,30000,99,99,100000,-3,55000,50000,45000,12010,7300,20040,41050,43500,42500,50400,96000,86500,70500,83600,125500,160000,120000,141000,195500,234000,210000,222000,240000,922631,402500
4757,5,24000,3,2,24000,-3,70,85,97971,-3,-2,37780,-2,40000,-2,49120,5928,23705,20219,22280,18174,39300,31400,70400,135400,332808,390662,408473,-5,454737,-5,-5,-1,-5,766958
4758,5,15000,3,2,15000,24000,83,85,84623,34000,34000,23000,20000,4577,-2,4650,12570,21400,-2,24700,32900,-2,-5,-1,46000,-2,-1,-1,72050,73000,77800,76000,58000,65000,67000
4759,1,32000,3,1,32000,32000,57,52,41732,18784,21036,25338,34300,34611,36254,41000,46600,47020,50200,51000,58000,61000,60000,-2,-2,35000,-5,112000,110000,132000,117500,-5,107000,38600,77600
4760,1,23000,3,1,23000,-3,85,93,95519,30000,-2,-2,40000,40000,40000,60500,8000,11000,20000,18080,10030,11700,12425,25000,27000,30000,36000,36500,34000,71050,87000,100000,104000,111500,766958
4761,5,35000,3,2,35000,30000,39,32,29897,32000,-2,11800,12090,22000,18000,21000,26000,28100,27000,28000,38000,37000,44000,45600,-2,35000,-5,-5,-5,-5,-2,-5,-5,-5,-5
4762,5,35000,3,2,35000,35000,32,31,39656,25500,-2,-2,12580,200,6000,6000,7000,7000,17000,7500,7555,8555,12000,8000,13700,14000,14000,10000,8600,8200,26145,32000,33000,32000,35000
4763,5,-4,3,2,-2,22000,42,42,42234,24035,-2,26000,-2,11568,20455,20698,20050,-2,40100,50025,-2,51997,-2,30000,40100,42700,42000,53100,55000,40000,-2,64000,37000,48000,-5
4764,1,27000,3,1,27000,42000,42,34,31668,13000,21648,18749,28767,30004,29400,49000,26000,57000,76000,66000,72000,78000,95600,95000,118000,110000,132000,130000,122000,99000,-5,29710,40800,50200,75200
4765,1,27000,3,1,27000,42000,47,62,66229,27000,41000,-2,1500,-2,10600,38000,34625,-2,-2,15000,48342,-2,82200,-2,43000,50000,78000,77980,80560,84500,84836,143200,18360,94370,-3
4766,5,-2,3,2,-2,16000,83,69,76971,5572,5763,2712,7580,10241,-2,20116,16605,25475,-2,26875,26000,29230,47500,42400,38043,55000,62000,58000,47500,48200,71200,85986,31180,51480,-3
4767,1,13000,3,1,13000,18000,92,99,100000,17700,15000,10020,12060,15800,18120,22250,23900,23900,26000,28500,30400,31000,33200,68200,52100,46700,66500,46100,49025,54700,25010,42510,42001,-5,-5
4768,5,13500,3,2,13500,9000,90,86,88406,9020,-2,40000,-2,33805,11650,-2,-5,-5,-5,-5,-5,-5,-5,-5,-5,-5,-5,-2,56600,37000,47200,-2,45820,-2,-3
4769,5,-4,3,2,12893,12112,56,47,41929,3840,6881,12768,-2,-2,11000,12365,-5,38000,32000,67670,49500,49000,51500,51030,74746,27600,-2,36000,9600,60000,70000,65000,55000,25000,12000
4770,1,16000,3,1,16000,16000,41,48,56987,15000,5085,14568,19251,5445,7860,13040,10000,11200,17600,22500,24050,24600,25000,25000,28000,-2,32800,30000,31000,29000,51000,36658,34600,52087,47800
4771,1,-4,3,1,20667,26070,47,34,27595,24820,24020,20504,17165,24000,30030,35050,-2,43100,41050,46000,44650,50840,-2,58200,64100,68100,90065,105200,-5,-5,-5,-5,-5,-5,-5
4772,5,-4,3,2,20667,22000,51,49,45131,24820,24020,20504,18136,23010,31035,30010,-2,37030,46050,46100,44550,43600,60075,58200,60100,52100,67050,72100,24000,25000,30000,31000,39200,50000,36000
4773,1,8995,3,1,8995,4572,6,8,10482,3924,-2,600,7704,-2,5945,6264,9856,-2,11616,31684,34356,11536,-5,50982,26060,30098,41924,-2,42828,-5,-5,15000,-5,-5,-5
4774,5,-4,3,2,6000,6500,57,46,44272,26900,36200,34000,33100,38000,46000,12500,-2,15400,-2,-2,35000,40000,39000,56100,45000,50050,60000,400,479983,106875,27600,47780,21000,24400,-5
4775,1,-4,3,1,-3,8484,-3,-3,3324,10678,11224,5911,6122,21336,-2,12576,14720,12685,12672,10000,15611,-2,14643,11338,18500,18200,-5,-5,-5,-5,-5,-5,-5,-5,-5
4776,2,8000,3,1,8000,10000,18,13,11451,9600,2782,66,7703,10166,-2,9608,8500,9000,23800,24520,34029,34985,35000,39400,52000,54000,47000,54000,53000,64100,52000,50000,58440,67980,90000
4777,5,25000,3,2,25000,2476,35,30,34099,1040,17490,-2,22000,20000,-2,26400,25000,14000,15500,12000,11000,12200,14068,16402,-2,-2,52680,63900,71000,71000,58882,-5,-5,-5,-5
4778,5,24500,3,2,24500,26597,12,18,29236,31345,32625,22980,30469,34500,-2,20256,-3,33000,25000,-2,42050,15000,-2,25000,36135,34050,40000,50000,44000,45800,47610,60000,67000,62000,64000
4779,1,21000,3,1,21000,17000,4,7,16440,16000,30350,19460,14466,21677,21680,1300,11446,-2,18429,-2,7000,3500,22790,37144,0,61200,52323,53840,34500,48000,39680,49520,42684,34560,-3
4780,5,-4,3,2,16580,24000,41,30,34125,16250,16586,19996,24272,25631,25703,29000,28390,31000,13600,14500,31300,31420,42680,40680,18272,23000,24000,23000,25000,25000,25000,85000,70000,73000,-3
4781,1,-4,3,1,-2,6266,12,12,11341,5580,5159,-2,-2,5296,9753,4952,4327,6243,10450,10234,9228,9237,-3,2444,10868,16472,24000,25512,24238,26480,26000,50448,8964,23032,-5
4782,5,-4,3,2,-3,6682,13,16,11661,4902,5129,-2,-2,-2,-2,5880,4244,6243,10450,10624,11228,9217,-2,10600,10850,15172,28000,27722,26300,26000,27000,20684,6284,-2,15028
4783,5,-1,3,2,-1,-3,-4,-4,-4,-3,21539,18634,-2,31944,26764,29740,21100,32800,37621,-2,39016,37960,-2,43005,-2,-2,39918,33323,33000,48708,46252,-2,59060,42156,-3
4784,5,-1,3,2,-1,-3,24,21,20994,-3,-2,7779,14243,-2,14000,15500,-2,26440,16600,17600,24355,21620,26500,23000,30647,31800,33800,0,15000,20000,-5,-1,-2,20000,26000
4785,5,-1,3,2,-1,-3,60,51,54385,-3,-2,-2,7005,16350,19030,20000,-3,20000,28505,29000,30010,31020,22842,40010,42000,60020,48956,42000,38000,45020,50000,45000,46000,55000,30000
4786,1,-1,3,1,-1,-3,-4,-4,-4,-3,-2,-2,10000,-2,-2,-2,-2,-2,29650,27315,33358,20421,21214,21000,-2,-2,-2,-2,21172,15728,-2,27000,-5,-5,-5
4787,6,2500,3,2,2500,6743,14,12,11788,10784,4235,7398,8631,10060,10972,23200,11602,9700,15985,16960,16505,-2,23500,20000,23000,18680,8000,51000,73018,76308,71000,-5,-5,-5,-5
4788,1,28000,3,1,28000,32000,50,35,43564,35000,13853,11260,9736,29635,29281,29030,33100,36100,85000,74050,67000,78120,-2,57100,68200,87000,105000,111000,122000,133000,136500,150100,140000,144000,150000
4789,1,28000,3,1,28000,32000,68,66,65753,35000,40000,38000,27000,40000,45000,48000,59100,64150,89425,35850,46000,52200,58500,-5,-5,-5,-5,-5,-5,-5,-5,-5,-5,-5,-5
4790,5,28000,3,2,28000,32000,31,18,44281,35000,40000,38000,27000,40000,45000,31244,28000,32030,39100,45000,41400,39100,-2,-5,-5,-5,-5,-5,58000,-2,54080,-5,-5,-5,-5
4791,1,-4,3,1,-3,23000,15,16,13667,27000,26500,28204,28000,31900,32012,36000,30000,30000,31100,26596,-2,30100,49050,44197,42100,55000,41508,-5,-5,-5,-5,-5,-5,-5,-5
4792,5,16000,3,2,16000,18000,-4,-4,-4,7000,740,-2,2900,1458,-5,-5,10400,15456,10400,-2,40969,28922,26056,-5,-5,-2,58300,-2,-2,-2,15000,30000,19000,25000,-3
4793,1,15000,3,1,15000,21000,79,84,86859,24000,2200,4880,1360,2795,30000,25900,30500,32500,45050,59550,63010,78000,68530,56400,71050,90250,-1,209040,210280,-1,265025,290000,-1,-1,-3
4794,1,15000,3,1,15000,21000,50,56,65893,24600,30000,27000,29370,5000,3000,1700,3000,11500,20000,40000,839078,15000,-2,25000,25000,30000,40000,41000,20000,125000,104000,40000,80000,65000,150000
4795,5,24000,3,2,24000,27000,73,82,89109,27000,29000,36000,35000,35000,45000,42004,59260,10465,25000,25040,28030,28090,52270,58000,42030,52000,63504,63015,70040,70000,71000,78000,56885,55010,31000
4796,5,-2,3,2,-2,-3,43,50,61169,-3,8000,6672,10800,4050,9600,21300,13900,14000,23600,27800,29100,31400,26800,26300,46939,30000,11500,25320,24500,30388,20000,20000,25000,70000,22000
4797,5,-1,3,2,-1,-3,85,72,88365,-3,-1,30000,2350,3764,27000,33200,43030,16200,47300,52300,51000,45054,-5,-5,-5,-5,-5,-5,-5,-5,-5,-5,-5,-5,-5
4798,5,22400,3,2,22400,22825,97,86,90344,22680,40225,27650,25000,23000,20000,7000,42400,61300,48300,70000,76550,77250,89000,114000,48052,127500,163000,147600,168500,213000,-5,0,-5,-5,185000
4799,1,27000,3,1,27000,17000,82,91,93854,18000,18000,19000,20000,27500,-2,6510,-2,-2,-2,-2,-2,-2,5600,10010,11265,28000,31700,35700,41650,43000,-5,46000,48005,45799,49005
4800,1,-4,3,1,9800,10197,51,47,43655,10916,9168,11210,19132,-2,21519,29000,29301,27000,30384,29500,41000,40000,-2,28000,20088,-5,10000,7977,30000,-5,-5,35000,45000,50000,-5
4801,5,-4,3,2,-3,10298,63,55,41368,10180,9668,11220,19132,19912,22196,28000,29340,26892,26299,32870,43600,47507,46980,35388,20010,42000,20000,3600,37300,78500,97668,34940,54000,60000,50000
4802,5,-2,3,2,-2,-3,34,43,46574,-3,15950,22561,10817,12920,29600,-2,29300,43600,37112,42100,43435,64063,55900,73052,28000,64027,80020,86000,88130,98756,84000,85000,75100,103000,109000
4803,5,20000,3,2,20000,23000,85,80,82637,24000,26000,23252,29977,9042,25716,78000,25006,36050,20012,42525,31025,29080,189918,41253,53575,105060,110525,82100,88000,61400,94250,57350,76500,98000,77320
4804,5,50000,3,2,50000,12000,44,42,53937,11000,0,12200,10230,-2,7000,100001,-2,37800,33150,23025,-2,40050,48060,48030,56213,57835,44200,89400,87000,78400,103000,72000,63550,64000,114000
4805,1,38000,3,1,38000,-3,68,69,61977,37000,44472,50424,50000,47000,46000,46100,-2,6200,11200,34610,62012,31005,32000,31004,15000,22000,34000,40000,90300,123000,123718,64600,53266,58000,67945
4806,1,38000,3,1,38000,8990,35,53,47828,15380,17992,12488,11459,6000,12776,20372,22369,25703,37702,32229,27325,31884,12500,17000,21000,8136,8064,8256,8497,20301,11100,11137,23592,11004,12349
4807,5,-2,3,2,-2,-3,46,51,60600,-3,-2,-2,-2,8000,-2,-2,-2,-2,-5,-5,-1,-1,-5,-5,-2,-5,-5,-1,51000,-1,33305,-2,-2,-2,40000
4808,1,-2,3,1,-2,-3,77,84,77514,11000,10700,7410,8400,10004,-2,9003,18020,18020,24030,43637,34030,45650,47515,43730,47100,51300,53200,55000,57160,82500,80912,114000,111760,95600,110020
4809,5,-2,3,2,-2,12900,11,12,11491,8010,-2,4476,6420,8060,6707,11322,10698,20480,16520,24080,16620,19500,21860,33760,32692,58100,44000,24500,21000,23000,27161,32000,39000,36000,142000
4810,5,-4,3,2,3600,7200,93,84,74194,12000,14815,14810,15070,9660,100,7720,5695,16002,-2,22020,15905,13410,13000,32880,-2,42000,80000,70000,84100,87000,90000,111000,61000,77000,67100
4811,1,9000,3,1,9000,-3,-4,-4,-4,-3,-2,-2,-2,-2,-2,-2,44353,44000,45400,46700,38000,35000,35000,-2,-1,-2,-2,46100,49000,56050,-5,-5,-5,-5,-5
4812,5,25000,3,2,25000,-3,99,97,98187,45000,6900,7640,17800,27850,-2,30300,33400,36800,38600,41200,37750,36000,39600,45400,65700,-5,-5,111200,84600,22000,62000,81800,-5,-5,-5
4813,1,15000,3,1,15000,17000,49,47,62750,20000,22000,29200,-2,40000,-2,14000,27000,19485,20130,35700,44950,39400,49100,87800,64000,59400,60500,83000,74000,98450,95500,116000,112000,100000,108000
4814,1,13000,3,1,13000,-3,-4,-4,-4,11000,-2,-2,-2,-2,-2,-2,-2,-5,-5,14900,12600,13236,13516,21300,11072,15200,16308,16180,-5,-5,-5,-5,-5,-5,-5
4815,5,10000,3,2,10000,8140,91,87,90394,7920,9850,12300,13500,14100,30852,39200,29500,36500,33500,38000,38000,48000,51000,65000,69000,65000,85000,99600,103000,110000,116075,117000,164000,159000,170000
4816,1,10000,3,1,10000,10000,87,94,97105,12000,12000,12350,14640,13500,2000,15740,30100,37500,39700,42000,33000,33000,62600,142000,138000,175000,390662,408473,479983,454737,-1,497763,298000,305000,766958
4817,5,-4,3,2,20000,20000,58,53,60664,24000,17000,-1,15000,24800,25000,-1,30000,-5,-5,-5,-5,-2,-2,-2,72600,-2,144050,85050,70000,-5,-5,100000,-5,-5,16870
4818,1,15000,3,1,15000,14000,90,82,81962,18000,19000,19420,22661,28000,25000,10010,11370,640,13500,12400,17300,18000,18000,15050,14120,15200,20200,12040,21000,32000,20529,27162,14590,6010,-5
4819,5,21324,3,2,21324,15000,92,94,93878,20000,24000,29700,38000,32000,14830,17050,17000,23030,19690,19030,38230,40520,40040,44575,49057,50020,68135,68050,66000,86000,87010,88020,98100,98636,120000
4820,5,21000,3,2,21000,15000,50,72,79014,20000,24000,-2,3095,5429,24000,6160,-2,29250,6177,12070,10600,57000,31500,52515,64000,60000,49000,-2,70015,63000,63280,-2,44001,-2,70000
4821,5,21324,3,2,21324,15000,93,92,98376,20000,24000,29700,38300,32000,-2,12906,-2,23168,24451,34300,53800,59503,57300,67664,62365,77400,98500,116200,0,163153,126060,140488,140500,149638,217096
4822,5,-4,3,2,22700,17025,65,52,44296,-3,6799,9870,8000,14000,10000,15000,16000,19400,19000,18500,-2,33580,35202,31006,34000,38000,44178,41000,56005,55000,69000,32000,41792,-5,-5
4823,1,-1,3,1,-1,-3,70,77,66969,6200,6403,13005,16020,18200,21050,17200,20200,23000,48000,35800,-2,44816,21816,45000,9834,6000,12800,0,107000,120000,115000,0,1600,-2,-3
4824,5,-1,3,2,-1,-3,56,68,79364,40000,5500,2000,1290,3500,10600,13138,10000,-1,10000,10040,12040,-1,12200,4630,7550,-1,-5,-5,-5,-5,-5,-5,-5,-5,-5
4825,1,29000,3,1,29000,30000,91,87,81855,30000,30000,35000,23300,23100,24600,18075,49000,39100,37100,39500,40200,47000,49100,30625,36525,37350,38500,41000,49000,49000,58300,60500,69000,74000,76000
4826,5,29000,3,2,29000,30000,75,65,71626,7550,9180,12550,14000,16250,35023,31100,30650,33900,42200,41200,50700,51700,60600,75700,89200,100100,54000,141000,147000,167500,166000,191250,200000,207000,240000
4827,1,33000,3,1,33000,27140,74,84,85638,25000,-2,34000,35000,39000,39500,40800,42500,-5,-5,-5,-5,-5,-5,-5,-5,-5,-5,-5,-5,-5,-5,-5,-5,-5,-5
4828,1,26000,3,1,26000,-3,73,82,83353,33000,12225,25200,10010,13050,21020,30000,16000,35000,44000,47000,54000,52000,61000,71000,62500,47000,61500,77500,85745,82000,90000,108000,120000,82502,82500
4829,1,26000,3,1,26000,-3,82,84,90563,35000,3500,8622,7000,17960,25000,32400,37300,34600,41530,51900,39500,55000,62400,60700,79000,114000,126000,136600,162700,243700,440692,497763,595986,922631,766958
4830,1,26000,3,1,26000,-3,82,89,93010,35000,18350,39000,37000,8400,14400,14400,19500,36200,63800,78350,81600,160097,88700,65500,97100,124000,145250,135000,208000,232000,270000,497763,175000,173000,255000
4831,1,26000,3,1,26000,-3,74,91,95503,35000,50000,50000,1800,5500,0,0,0,10000,11040,16050,20000,21000,1500,27935,40000,44900,46150,52200,54850,65000,63000,40350,73800,75500,87504
4832,2,10000,3,1,10000,-3,85,85,77854,15000,-2,12000,25000,24000,11674,-2,25036,22775,24150,32160,35350,35720,40000,44000,54000,71500,89000,86500,88300,99000,94220,64700,-2,65100,60000
4833,6,10000,3,2,10000,-3,67,73,75348,11000,-2,15070,4300,970,4350,6500,8000,28000,37550,39900,43750,46000,45600,57040,59200,121000,128000,135000,400,166000,177000,-5,-5,-5,-5
4834,1,20000,3,1,20000,-3,43,43,56188,-3,3000,7400,-2,18300,22000,-2,24800,13361,24696,35250,19000,34000,51000,61420,-2,82000,100000,109000,-2,197000,-2,189600,184600,175000,206000
4835,1,20000,3,1,20000,-3,79,74,82878,-3,40000,6214,4902,7700,8946,10810,19086,35020,30020,31100,43000,49622,33679,32000,38000,38600,50000,-5,-5,-5,-5,-5,-5,-5,-5
4836,2,-4,3,1,4450,7924,17,27,22304,7057,6297,30816,25000,16500,-5,25000,26260,17000,13808,17400,13800,22980,21355,-2,-2,-5,-5,-5,-5,-5,-5,-5,-5,0,10960
4837,6,-4,3,2,2530,7806,71,56,59389,7366,8372,10006,27000,11750,26700,21000,21280,17000,13808,17800,13800,16110,20807,7320,8340,936,14000,0,700,0,0,10680,9912,11664,10920
4838,5,6000,3,2,6000,-3,36,30,29581,-3,1943,1050,5484,21132,5348,5808,5448,5508,7480,6792,6161,10152,19736,-2,22764,8928,79818,8220,7236,12960,15012,21012,14640,3011,18294
4839,5,18000,3,2,18000,-3,42,50,62465,21000,30000,11000,18000,23500,22000,-2,12230,-2,11400,33009,32010,36000,9100,18200,8770,14800,19200,22400,23600,23000,20000,20000,-2,23000,-3
4840,1,7600,3,1,7600,-3,78,84,84430,7200,-2,10000,2400,1500,8000,9500,-2,3340,-2,-2,13700,9223,13650,30795,26440,14900,24000,36300,36226,38983,38208,37000,26600,28000,26000
4841,5,25000,3,2,25000,-3,70,67,67307,-3,5000,10553,11200,10905,8605,5018,-5,11800,21700,57600,43910,56100,58250,37400,11250,-2,43126,82200,101100,79000,69600,158900,28276,68400,-3
4842,5,25000,3,2,25000,-3,55,45,55403,-3,8830,11974,18918,25250,41050,44044,-2,56050,61400,66050,65930,74143,8000,19000,25721,10800,10878,54522,40600,54000,57000,180000,167000,146000,196000
4843,1,10000,3,1,10000,20400,38,39,54678,20600,24867,18000,5387,8150,18400,15200,-5,17050,30100,25700,28500,34500,37112,49500,60000,98000,66500,76920,73300,74600,-2,82300,110400,115100,141600
4844,5,22000,3,2,22000,22000,19,19,30696,23000,33000,-2,13000,8000,9000,-2,-2,-2,8412,-2,13515,-2,31872,49880,15620,12000,12000,13130,6000,5100,3496,10524,24112,13704,10121
4845,1,15400,3,1,15400,15964,41,51,50050,-3,-2,17070,9700,-2,15000,21600,25000,-2,30399,10400,11000,8050,-5,-5,-5,-5,-5,-5,-5,-5,-5,-5,-5,-5,-5
4846,1,15400,3,1,15400,2500,49,54,57364,6000,8400,15200,7800,10819,15810,18500,18600,22000,13000,20000,25000,34000,31000,35000,35000,20000,32580,14000,32200,-2,-2,44000,31200,-2,20400
4847,1,15400,3,1,15400,15964,63,61,74519,-3,2460,7000,8000,9878,10260,20480,30244,27727,24649,30089,44825,60979,50525,62000,-3,78000,92180,96978,95000,-5,15640,17993,18561,18888,-3
4848,5,14000,3,2,14000,14459,43,49,55824,7000,1971,2840,12759,13809,17080,17200,17880,39500,40700,40200,45150,49200,48860,49892,-3,59019,43740,49476,63800,183800,65300,-5,-5,-5,-5
4849,5,14000,3,2,14000,14459,38,36,44859,-3,20000,15000,8830,14000,-2,20700,25500,3500,0,6000,9384,-2,21630,13618,6950,14600,25300,21720,20000,21000,24000,22000,21000,20000,22000
4850,1,14000,3,1,14000,14459,11,8,21769,-3,20000,15000,25000,10000,8560,11000,-2,-2,-2,10000,15000,23700,-2,-2,-2,-2,-2,-5,-5,-5,-5,-5,-5,-5,-5
4851,1,13000,3,1,13000,-5,21,19,25772,23000,-2,16000,33000,13774,15970,-2,18860,23700,30800,34200,-5,-5,-2,-2,-2,-5,-5,-5,-5,-5,-5,-5,-5,-5,-3
4852,5,13000,3,2,13000,11000,13,7,5699,23000,-2,16000,8488,-2,-2,17450,-2,13600,25772,24000,28044,54911,-2,-5,21800,25000,27300,54900,-5,173400,21624,-5,-5,-5,-3
4853,5,5000,3,2,5000,6000,37,45,62534,8050,7278,7500,8600,9000,9964,10404,10356,4800,10884,5636,4632,-2,-2,-2,16576,6000,6780,7224,-5,-5,-5,-5,-5,-5,-5
4854,1,17000,3,1,17000,12750,58,67,71423,20000,14000,9520,13050,6500,17000,12002,19610,27000,32200,40020,49200,52050,50900,55100,56000,65000,66000,61000,77000,88900,90200,96548,67000,20000,26400
4855,1,17000,3,1,17000,12750,49,57,72615,20000,14000,1400,9600,8240,19000,42700,32600,28000,20150,54300,59000,55100,47000,38000,40000,49500,62000,97000,69000,98200,102000,143000,125800,133000,145000
4856,1,23800,3,1,23800,23000,80,69,72897,25000,33000,25000,18000,15000,16000,35800,32400,37700,40500,45000,45500,47000,54000,55000,67940,57000,66000,67000,70000,74000,83000,80000,105000,110000,110000
4857,1,1000,3,1,1000,13000,94,98,98920,18000,5000,6000,5011,12011,14010,21817,22504,26002,41040,57503,50423,37120,47700,72300,92500,-5,-5,-5,-5,-5,-5,-5,-5,-5,-5
4858,1,24000,3,1,24000,7400,81,73,75431,10000,17000,31530,37046,49100,43000,50200,58400,59200,67300,48000,78100,87000,85000,97500,90000,56500,190000,149515,86090,122310,142515,155200,165100,209000,271000
4859,1,22500,3,1,22500,18000,87,93,91950,20000,27000,27792,16000,10500,22000,-2,-2,-2,-2,-2,17200,48750,35400,-2,44000,-2,53000,32500,36000,-2,-2,-2,42200,52050,56675
4860,1,22500,3,1,22500,18000,19,21,26923,20000,25000,27792,5725,2795,10948,18372,15060,13800,15640,-2,15000,18000,10000,22880,12000,48000,28000,40000,-5,-5,-5,-5,140000,120500,141512
4861,1,22500,3,1,22500,12000,76,80,87192,-5,5500,7142,8031,8160,10300,22030,24030,25500,37050,30100,34110,24100,27000,22200,23100,45300,50500,49000,53000,63000,69400,81800,79800,90000,91000
4862,1,22500,3,1,22500,23700,83,84,92938,20600,3600,3825,17400,12000,19300,31100,30040,20050,20020,22860,20000,44050,22818,16450,26550,53000,64000,54000,64000,61300,69000,48000,58000,67978,-3
4863,5,26300,3,2,26300,24000,20,23,25867,2345,3720,7704,8211,9004,-5,-2,14500,14504,18012,15025,15020,19000,21200,33200,23911,28500,70000,62300,79030,75000,-1,95025,105025,96520,117050
4864,5,26300,3,2,26300,24000,36,35,41211,30000,31285,25000,15497,14700,19000,19550,24486,23007,24250,26603,26567,31100,31979,39271,45275,49773,59040,59200,59575,75013,82012,80000,87500,84000,342030
4865,5,26300,3,2,26300,24000,47,53,69395,30000,31285,25000,15497,100001,19000,29000,-2,25560,31200,27000,36570,35100,36020,48330,-2,-1,64100,66100,65110,76050,81600,85400,83000,85800,97100
4866,1,30000,3,1,30000,-3,82,63,63348,14100,21200,24360,22600,36012,36500,35400,38400,81400,76400,76400,78000,74900,94100,-2,-5,159000,-1,-5,-5,-5,-5,-5,-5,-5,-5
4867,5,-4,3,2,-2,1936,44,42,48104,1695,1920,1875,3040,5616,6554,9250,-2,16800,34000,36600,35000,38500,60500,-5,7000,20454,-1,-2,48000,5792,2550,2400,15864,11471,7548
4868,1,33000,3,1,33000,3600,73,76,66891,-5,13780,20000,25200,39600,35500,46892,35500,45800,50600,28800,76700,76200,-5,-5,-5,-5,-5,-5,-5,-5,-5,-5,-5,-5,162000
4869,5,35000,3,2,35000,3382,98,96,97401,3150,70,6050,21050,38040,33700,20490,38100,42100,34200,38000,44400,55100,52000,56150,64200,-5,-5,-5,-5,-5,-5,-5,-5,-5,-5
4870,5,35000,3,2,35000,40000,68,72,81774,60000,75001,50000,5986,346,3970,49200,72550,12035,-2,55050,-2,8208,6620,10057,44010,6650,6023,4000,8500,22400,25400,42600,37025,44200,50000
4871,5,17000,3,2,17000,11000,98,99,95394,12000,14000,4520,6075,14000,25560,28100,35050,45050,53100,60040,60100,61100,66000,58050,99000,44300,53100,57000,69000,76000,72000,88000,83000,54600,46000
4872,5,17000,3,2,17000,11000,20,18,28043,12000,14000,17000,23000,22000,16000,18950,-2,-2,-2,-2,-2,-2,-2,-2,21000,39500,58000,40000,56000,48000,-2,50000,1200,0,30000
4873,5,12000,3,2,12000,22000,85,92,89918,24000,9900,7800,35000,10350,22500,23300,51700,-2,29300,30300,39075,36050,40200,88060,94000,81550,85500,80960,105050,135000,140000,145000,160000,161000,170000
4874,5,-1,3,2,-1,-3,95,95,95540,20000,5600,-2,8092,14228,16668,23052,25000,34100,44100,46000,52300,55600,59100,63000,114400,44000,49000,53000,133000,150500,140000,114200,-2,72000,-3
4875,1,-1,3,1,-1,-3,23,42,46806,-3,-2,-2,8700,-2,22000,-2,-5,-2,47000,21000,25000,33000,-5,-5,77000,-5,-5,-5,107000,-2,-1,-5,-2,-1,-3
4876,5,25000,3,2,25000,13724,58,61,67661,17836,18110,15080,17084,18933,16524,20926,20303,19015,23000,21600,27159,32000,34020,44051,42020,11000,63100,66500,115000,122000,43000,27000,32000,-2,-3
4877,1,-1,3,1,-1,-3,98,91,95272,30540,6950,7563,5281,7217,27390,30218,40250,31398,39039,43000,39020,42500,66945,61255,95200,66017,62359,72263,84536,88160,80010,97380,76000,78571,82962
4878,5,-1,3,2,-1,-3,87,87,91182,-3,-2,40000,5313,1360,3510,6425,4200,14462,43300,55200,62200,69250,70600,81400,108500,128500,163900,-2,112550,132100,130020,110000,180010,186300,-3
4879,1,-4,3,1,3200,8804,69,71,65964,11291,18000,15319,21040,30795,31960,100001,33800,-2,-2,2500,9500,16200,13000,21800,23500,25248,20000,37000,26600,31175,41790,38500,-5,-5,-5
4880,5,17000,3,2,17000,22000,51,57,53053,22000,20000,24000,27000,21000,30300,31300,33600,35800,37200,39600,40600,41400,48700,45300,48800,55200,60200,78100,65200,57500,53400,32350,57000,12992,76612
4881,1,-4,3,1,12000,14975,83,75,66586,16480,19400,17280,18450,18000,20150,22700,25550,32300,34500,42350,42000,42600,55000,60000,63000,60500,81500,83000,99000,101000,118000,108000,125000,129000,80000
4882,5,-4,3,2,-3,14993,79,87,84775,-3,20200,-2,18200,17590,20130,-2,23600,30800,31300,42350,34000,-2,-2,-2,-2,-2,-2,-2,78232,99000,-2,-2,-2,-2,-3
4883,1,-4,3,1,9556,10140,69,55,50386,10350,-2,7500,21400,18000,6500,18500,9964,-2,10000,-2,24920,27000,30000,28000,30000,39000,-2,48000,53700,40000,52000,45000,45000,53000,57000
4884,1,1100,3,1,1100,14520,88,74,67232,12500,22250,23300,25900,-2,29900,30300,32200,37750,34650,35300,31400,47500,41560,52500,60500,63000,68200,68000,73000,75000,84000,91000,98900,82000,-5
4885,5,26000,3,2,26000,12500,91,84,75981,12600,23600,27100,32070,33020,34015,39080,40010,40360,42010,40000,50000,-5,-5,-5,-5,-5,-5,-5,-5,-5,-5,-5,-5,-5,-5
4886,5,26000,3,2,26000,28500,72,62,72160,32000,34245,37700,-2,1013,5504,2000,42500,30300,21700,24500,25300,26000,29000,97500,62500,38500,-5,84000,30000,76010,66400,-5,-5,120000,170200
4887,5,14000,3,2,14000,25000,35,38,34431,14823,12000,-2,-3,19000,-5,-2,-5,-5,26100,14917,-5,27020,-5,-5,-5,-5,-5,-5,-5,-5,-5,-5,-5,-5,-5
4888,1,14000,3,1,14000,25000,50,56,57352,16133,16000,18105,21449,27541,26000,22000,22000,23000,24300,24025,26500,29000,28000,-2,32200,36600,38700,44642,47817,48000,56030,-5,-5,-5,-5
4889,1,-4,3,1,13000,17600,80,78,78181,22000,19700,28000,26000,27000,26000,28500,27500,35000,78000,51000,839078,160097,78000,63000,119000,83000,65000,65000,95000,76000,25000,45000,40000,45000,35000
4890,5,-4,3,2,15000,17600,58,41,38555,20000,19000,22000,25000,27000,26000,27500,27000,30000,78000,51000,839078,20300,21000,17650,21200,19200,20900,21700,25200,27000,25000,20500,31500,33500,33300
4891,1,880,3,1,880,2500,37,41,35948,4846,7400,12000,-5,-5,-5,-5,-5,-5,-5,-5,-5,-5,-5,-5,-5,-5,-5,-5,-5,-5,-5,-5,-5,-5,-5
4892,1,16000,3,1,16000,20000,67,58,56759,22000,20000,3500,0,7200,48700,88000,84100,30400,48000,41400,32000,34000,39250,51000,55000,63000,60000,63500,72000,65000,93000,80000,65000,89000,206000
4893,5,16000,3,2,16000,18000,46,41,49872,22000,20000,0,1925,3900,3368,7020,23340,-2,20258,8410,-5,22800,15564,-5,-2,22640,4320,10440,7236,7488,-5,-5,-5,-5,-5
4894,2,8383,3,1,8383,13470,71,73,77629,-3,8500,4600,-2,15000,9000,17000,20000,24000,23600,47900,43000,49520,47050,58025,62040,67100,86000,118500,113000,120005,118000,130000,140000,143000,125000
4895,1,24000,3,1,24000,24100,65,75,79498,27063,32000,33000,36000,35000,42000,5500,5600,26000,-2,-2,-2,-2,-2,-2,-2,50000,84000,72000,-5,-5,80000,-2,-5,-5,-5
4896,1,20000,3,1,20000,40000,90,89,80642,36000,31000,-2,14500,26025,30000,45400,61000,52000,57500,61000,60200,70000,67500,71000,90000,84000,85000,100500,122000,142200,156000,170000,190000,200000,167000
4897,1,-2,3,1,-2,-3,71,79,76176,36000,31000,-2,3500,11400,35500,54500,41500,73780,53700,52200,51100,57500,62500,60500,-2,86000,81000,97500,106000,103000,127000,127000,151000,190000,-3
4898,1,20000,3,1,20000,42000,49,65,70619,36000,-2,-2,34564,46514,8114,65015,-3,20000,23015,18000,26000,27000,28000,30000,33000,36000,32289,80180,62455,54531,66684,115404,133200,109432,130184
4899,5,15000,3,2,15000,15192,13,14,15864,13365,9100,-3,8300,18257,14709,3500,9420,20373,-2,23300,27815,52600,35768,22906,23000,30500,43943,40000,40800,-5,15000,121000,-5,-5,-5
4900,1,29233,3,1,29233,28000,50,59,55398,8047,13403,8074,10345,11406,10884,13050,12000,13900,27860,27320,26860,25692,26840,40460,33000,-2,56342,59000,81250,51290,45800,55386,56000,52000,-3
4901,1,29233,3,1,29233,6923,19,23,23682,8972,8540,6850,10664,17127,22923,19000,-2,19000,21430,23200,22980,21000,28000,28872,27000,-2,44000,50000,55000,58472,61000,75000,60000,72000,67000
4902,1,-4,3,1,-2,17883,38,37,29390,17273,12535,15100,17550,20000,12800,18000,19000,21600,23000,26264,23064,46000,38500,38000,37430,40000,42500,47500,38550,95325,37284,38540,47040,50184,-3
4903,1,-2,3,1,-2,18500,34,33,28531,10123,12762,16023,15990,15661,19162,16550,20000,-3,26100,26400,27700,41071,20708,27000,24600,29000,27600,27000,34000,41000,38785,32000,35000,-2,12500
4904,1,-2,3,1,-2,18500,13,15,21305,7635,9700,11513,11300,20025,23326,26602,23000,32000,30000,32000,35000,41000,43000,45200,61000,40400,33736,21960,20600,61000,35000,25000,39368,49048,-3
4905,2,7024,3,1,7024,-3,-4,-4,-4,7440,5000,-5,1195,2925,-5,2428,8484,6880,6640,6600,12112,8900,8688,19784,13800,-5,14000,-5,-5,-5,-5,27280,-2,-2,-3
4906,6,7024,3,2,7024,5000,9,6,8811,7440,5000,1000,12000,12375,-5,-1,-5,-1,-5,-1,-1,-1,-1,-2,-1,-5,-1,-1,-1,-1,-1,-1,-1,-1,-3
4907,1,25000,3,1,25000,25000,90,90,86847,35000,6539,65000,63000,15634,22632,13000,37500,88082,85000,46000,52000,52000,100000,138700,100000,155000,100000,408473,479983,-2,440692,497763,-2,922631,766958
4908,1,20660,3,1,20660,20000,26,27,34558,30000,-2,-2,6580,1530,4900,5150,18500,24840,25469,48000,24740,-3,189918,-5,-5,-5,-5,-5,-5,-5,-5,-5,-5,-5,-5
4909,5,27180,3,2,27180,27200,40,46,47491,25000,31000,30150,35014,40300,37700,35300,40300,-5,-5,-5,-5,-5,-5,-5,-5,-5,-5,-5,-5,-5,-5,-5,-5,-5,-5
4910,5,14500,3,2,14500,19000,23,27,40832,14000,15000,9000,15625,17240,17285,19000,28690,40275,36300,25300,26450,25250,30763,35500,41600,44000,55000,55300,66000,87000,94322,-2,86462,91000,-3
4911,1,8800,3,1,8800,8000,66,71,70097,6500,13072,12160,14580,14788,14960,28000,8000,9000,15900,10000,10000,12000,9000,50600,23000,30000,90000,7850,15800,25000,-5,30000,52000,44000,50000
4912,1,15000,3,1,15000,5000,72,80,91794,5000,7000,5000,9293,10000,32000,-2,50616,31500,46900,57512,51250,-5,84000,-5,-5,-5,-5,-5,-5,95720,48250,-5,-5,80000,90000
4913,1,15000,3,1,15000,5000,42,44,51507,5000,7000,5000,4000,12000,34000,-2,20501,20700,19500,24112,20632,20544,21224,19800,59000,61000,95300,172000,15000,118300,203300,215404,108000,202000,178000
4914,2,11767,3,1,11767,2920,22,23,25611,-3,-3,14900,9500,13800,8800,13000,26000,32002,30000,-3,31000,11000,22000,31000,41000,-2,50000,50000,53000,72000,71632,85880,82000,84000,85000
4915,2,11767,3,1,11767,11000,1,2,10620,11514,13021,13612,14488,8087,29000,24000,34120,33129,35500,37640,28570,21700,25500,19892,16000,-5,-5,5000,17900,43476,22736,20000,52000,27000,28000
4916,6,11767,3,2,11767,11000,3,4,11447,10000,1500,19000,0,-2,29000,2724,4830,14916,12368,15684,15064,5036,13020,0,-5,-5,73692,8372,0,2460,14748,1512,11392,26184,26640
4917,1,15680,3,1,15680,14000,4,6,9012,6560,15000,19000,13000,-2,21000,14623,12300,13700,-2,14037,17000,15200,16000,16000,16000,750,30720,8796,9068,454737,21077,22716,23332,11232,30000
4918,1,15680,3,1,15680,14000,3,5,6808,0,848,-3,3873,-2,2500,5532,5928,5244,6012,2484,2676,4744,6096,-2,2760,8040,12804,13284,0,7884,15276,13980,14280,14040,14292
4919,5,-4,3,2,12132,15969,38,37,38709,21620,21819,9940,23623,26620,31500,31000,33100,34900,46000,39000,18000,58000,61200,62000,73704,84640,67000,88000,126000,176049,144800,120702,98000,81105,77000
4920,5,18488,3,2,18488,22440,38,39,45899,4500,10500,3634,24000,16260,13000,25000,5000,10900,11200,8500,9100,13628,9960,9177,33600,68100,39359,64470,85400,-2,40800,31128,76800,77800,102568
4921,1,50000,3,1,50000,50000,98,95,92503,50000,75001,52000,36000,37000,34000,55000,45000,48000,-1,60000,67000,63500,62000,-2,58500,-5,68000,57000,140500,115000,98200,-2,110500,117000,124000
4922,5,24000,3,2,24000,28500,32,48,63204,30000,32000,38000,40000,40000,51000,47300,-2,-2,22000,25800,23900,24000,40000,29000,49000,47500,52000,-2,43000,60000,-2,-2,43200,40000,-3
4923,2,11429,3,1,11429,11280,13,13,22076,12842,18292,-2,14653,-2,-2,2198,-3,11268,19620,17836,22400,16436,15700,19500,27000,45000,69400,44000,44000,44000,19000,12600,11100,18828,11736
4924,5,27715,3,2,27715,5800,51,51,43271,7953,8600,9600,10605,12500,12637,15616,14600,16200,18700,17800,18000,19300,25000,-2,67500,-2,85262,86500,100300,115000,115000,127000,140000,-5,-5
4925,5,-4,3,2,-2,4238,73,73,83260,-5,12295,15200,19000,22000,50000,60000,67000,-2,96200,67400,-2,43000,52800,63400,75000,74450,92100,-2,-2,106000,150000,-2,70000,85810,-3
4926,1,32000,3,1,32000,9500,65,59,51554,18600,27000,-2,32000,32900,34200,42500,43200,44556,50500,46000,46050,51000,55650,64000,60000,65000,68000,150000,145000,141000,136000,147000,149000,148000,178000
4927,5,32000,3,2,32000,33916,70,78,83641,29800,31500,35000,36000,750,4350,31200,42650,43300,-3,58600,67600,66500,75400,84000,112300,110000,390662,408473,258000,171000,150500,145200,130000,143200,150050
4928,5,32000,3,2,32000,9000,70,67,68415,-3,15520,-2,31820,32352,41150,38000,42950,-2,72600,75000,77300,160097,99150,75000,-5,-5,-5,-5,-5,-5,-5,-5,-5,-5,-5
4929,5,20000,3,2,20000,6000,46,45,49657,7000,10070,11610,10308,13967,15354,15420,10936,10300,10500,12220,41414,52560,44000,47000,48000,40000,33056,15500,17900,49188,440692,-5,53146,-5,-5
4930,5,23659,3,2,23659,22005,41,36,41842,23000,20111,14270,18800,14000,11368,12171,13800,22500,28475,26100,21500,24963,29000,36035,31000,50000,39000,47000,18839,21743,22082,32000,41889,45000,45000
4931,5,16000,3,2,16000,26000,64,68,81658,27000,29000,28500,-2,10884,18650,20195,23050,26045,26050,25500,-1,34000,36000,-2,44000,44000,55000,57000,61800,71000,55000,49000,50000,43200,86000
4932,2,-4,3,1,-3,10300,63,55,49438,14438,16200,13604,6860,10000,15300,12000,15000,16000,15000,17000,23000,20000,23000,28530,26000,18000,30000,37500,45000,40000,39600,5720,18000,18600,38360
4933,5,17000,3,2,17000,18500,59,64,62784,21500,25852,-2,-2,-2,32345,32000,26000,33500,-3,24300,31000,30000,38000,79000,61000,56000,76000,88000,106000,94400,83000,-5,-5,37000,37500
4934,5,11155,3,2,11155,-3,17,19,23927,10194,13444,11285,13576,-2,9620,15258,13600,16000,23000,23000,23500,9000,10800,22000,-2,-2,22000,21000,50000,-2,20000,50000,34000,23000,26000
4935,2,8984,3,1,8984,11825,1,3,5819,11758,13264,9864,9800,15906,20267,0,1708,7215,11820,13956,13610,11669,13704,204,7139,-2,12357,13244,7236,11916,16404,-2,216,-5,240
4936,2,8984,3,1,8984,11825,24,26,23679,11758,13264,9864,9800,15906,20267,15560,7100,13035,17725,19373,21986,24300,19894,-2,34900,16850,20636,22412,17250,137500,30062,23008,-2,41268,46800
4937,2,8984,3,1,8984,11825,2,3,7135,11758,6012,6669,9000,12582,15200,16000,7554,8000,8000,9400,-5,22000,20000,0,23000,23000,32556,39500,24000,49000,0,12138,-2,37000,-3
4938,5,9000,3,2,9000,19000,28,37,49623,11000,4632,4870,7579,13994,18783,20100,26104,12576,13700,27408,24724,24300,14780,20000,4000,16430,17333,14000,18185,19859,19800,19940,17868,18717,32016
4939,1,2300,3,1,2300,3900,65,68,60522,19105,22800,21000,19720,22900,22045,7500,22000,24560,29000,31000,28500,31000,34200,42200,43070,49200,52000,58500,66000,70000,32000,30500,34500,45000,42000
4940,2,10000,3,1,10000,-3,8,10,10132,4000,8680,6200,9500,12000,-2,-5,7000,4000,30000,-2,25000,25600,26000,26500,-5,31000,-5,-1,-5,-5,60000,22000,23000,23000,-5
4941,2,10000,3,1,10000,-3,11,11,12179,3500,8762,6200,9500,12000,-2,2911,5000,3600,27600,4208,13500,-2,4800,15412,-2,-2,4500,10350,0,9396,11052,11448,11352,25410,-3
4942,2,6500,3,1,6500,6800,14,12,13494,8758,9850,9000,1828,3000,5216,8262,6344,16000,-2,17240,17300,19000,21198,20500,-2,38000,31000,33500,54000,54000,74000,75000,128920,141000,140000
4943,5,21000,3,2,21000,5750,29,32,31353,17600,22000,27500,6000,10500,35000,29000,-2,43500,50000,53500,60000,45000,46000,88000,77000,59200,57417,57000,94940,109276,52000,56000,65000,58000,56000
4944,1,-4,3,1,870,6114,83,81,82469,50000,12900,17050,75001,15300,20150,11590,9650,29550,36000,48000,53000,51000,55070,50120,100075,87200,117000,165200,215250,-5,-5,-5,-5,-5,-5
4945,1,70000,3,1,70000,-3,54,37,25492,32450,22225,26023,2977,-1,27600,49650,51000,50700,51000,55000,70500,61300,66050,-1,90500,70000,80000,75000,60000,-5,90500,99000,120200,100300,-5
4946,4,13000,1,1,13000,20000,4,6,2893,8500,19000,5900,6346,5612,12960,10000,0,13000,23000,30000,21000,21000,28000,26000,30000,35000,39000,76000,43000,40000,42000,40000,50000,3400,21600
4947,8,10000,1,2,10000,20000,3,5,5405,11500,19610,-2,9000,240,10000,14560,-2,-2,21175,18000,20630,21630,-2,16485,0,0,6708,6948,9372,6000,2000,6600,23200,-2,-3
4948,5,-4,3,2,22800,75001,25,27,26901,-3,29900,34800,-2,44950,33500,-2,-5,-5,-5,-5,52050,0,23600,-2,105800,57520,54180,58000,55000,-5,-5,-5,-5,-5,-5
4949,4,-4,1,1,-3,10366,10,11,12035,23400,20760,-2,-2,-2,37000,-2,-2,-2,24726,23000,-3,18000,-2,21704,-2,23000,9600,-5,-5,-5,-5,-5,-5,-5,-5
4950,8,-4,1,2,7910,10526,18,13,11232,12000,9886,-2,5812,6308,5316,2064,5139,30252,4970,3352,-3,-2,10970,-3,7000,9868,5559,9852,9999,10860,12988,-2,10200,27272,18692
4951,5,-4,3,2,5333,17885,46,44,40822,29500,13655,15000,14260,28200,22200,33200,32300,32220,45275,41000,49110,28027,48000,-5,65000,77000,-5,-5,-5,-5,-5,-5,-5,-5,-5
4952,5,50000,3,2,50000,33000,26,21,23721,30000,17000,20172,22852,26197,46086,28083,33600,33120,39300,43000,45000,45030,48030,45030,106000,79000,53000,48100,130000,0,74875,-5,-5,-5,-5
4953,5,21000,3,2,21000,24000,66,67,74689,29000,28000,38000,9000,15418,43000,3410,12658,8500,3360,17895,-2,27680,15920,8800,43000,51000,53000,22600,57000,45800,33600,40800,19200,250800,200000
4954,5,23452,3,2,23452,24000,57,61,73712,25000,40000,2000,9735,16150,23000,39000,25000,25050,24000,37780,41131,46000,52000,52000,20700,75000,75000,100000,98000,110000,80000,64767,85000,105500,127000
4955,5,23452,3,2,23452,15000,52,49,64713,22000,24800,19500,21686,27014,28010,27015,26700,29000,32220,34600,42100,50000,51900,54435,-2,47000,60005,91200,85030,85010,87010,161000,130000,132050,146000
4956,5,23452,3,2,23452,24000,49,43,69387,25000,29000,24000,16620,2615,5700,8127,7077,15522,99500,66020,64030,62020,66000,48000,44883,50000,390662,66050,90000,113000,130012,125000,113000,128000,140000
4957,5,30000,3,2,30000,29000,13,21,30060,-3,-2,37960,0,8002,18500,290,6068,12040,9000,-2,5200,3282,9748,11568,15540,5700,3748,28500,32741,21600,20000,14720,18669,-2,-3
4958,5,30000,3,2,30000,31000,23,22,38918,1600,24117,17800,48000,-2,7000,6000,1200,0,30000,1097,9679,9000,-2,0,0,10425,10000,0,0,5000,19128,0,16909,3000,38000
4959,5,-1,3,2,-1,-5,99,98,97692,35000,-5,-5,-5,-5,-5,-5,-5,53300,45300,54200,58200,57100,64100,73100,72100,82000,85000,88200,96100,109200,103150,121200,128000,-5,-5
4960,1,-4,3,1,14000,16000,25,28,21164,23700,45000,9000,12376,8000,16000,18000,29800,32400,-5,43400,45400,40000,32000,31808,118000,45000,38000,61000,72000,82000,84000,95852,-5,-5,-5
4961,1,18000,3,1,18000,20000,54,63,69186,19000,26000,44500,23024,25400,23860,36300,33000,38350,37000,42506,45002,43800,-2,56400,61000,70200,83950,75000,88000,92000,89642,120000,100000,200000,-3
4962,5,18000,3,2,18000,20247,57,51,74484,25000,31000,30000,24000,24000,30500,29700,32000,12006,23000,9600,9490,10012,9400,-2,-2,49600,64600,67600,77600,78300,78500,96000,104000,104000,104000
4963,1,-2,3,1,-2,45000,64,58,67386,-5,-2,-2,52150,31950,25900,53000,57000,60040,55000,59700,60000,-2,-2,67992,78650,-2,77000,88000,105550,-2,-2,-2,150000,212000,-3
4964,1,-2,3,1,-2,-3,78,82,77417,60000,11082,21210,30020,42015,40000,30450,32000,51020,50505,53015,55040,48210,61050,71025,75100,-5,-5,-5,65000,76000,83870,70500,-5,-5,-5
4965,1,-2,3,1,-2,-3,51,61,74029,75001,75001,60000,75001,100001,100001,76931,-5,14500,17700,38000,24000,24000,25500,42000,17000,-5,-5,-5,-5,-5,-5,-5,-5,-5,-5
4966,5,-4,3,2,6017,17886,63,55,47582,7052,37000,22169,28374,36202,27120,13225,51640,-2,42325,47000,49020,53125,23005,60000,58010,30310,50900,49019,44000,191685,32828,40633,34619,35600,30192
4967,5,-4,3,2,4881,17886,66,59,64114,10000,37000,26169,28217,36644,26600,20000,51510,-2,42015,28000,48010,-2,30010,60020,58040,31030,54000,58015,63500,66610,52400,80400,76000,52000,69000
4968,5,38000,3,2,38000,29000,75,87,90360,40000,37000,37444,42276,36359,23747,28070,35880,-2,38584,32012,32000,32703,37506,41610,43008,50036,56025,61006,66948,70339,-2,114936,82598,188089,101000
4969,4,-2,1,1,-2,8690,8,3,638,35000,9000,-2,-2,65000,15400,46500,-2,13000,14000,17900,54000,-2,14000,21600,30000,25000,28000,-2,25000,34000,33000,43000,42000,40000,38500
4970,8,-2,1,2,-2,8690,15,14,20551,35000,30000,40000,19795,-5,-5,-5,-5,-5,-5,-2,38000,23000,-2,23000,244343,102000,-2,1000,150000,150000,-2,250000,180000,200000,250000
4971,8,-2,1,2,-2,8690,10,12,11838,35000,30000,40000,19795,65000,-2,1500,-2,2400,-2,0,52160,-2,-2,86580,-2,32700,-2,-2,81327,36000,-2,-2,0,0,5000
4972,5,18000,3,2,18000,24000,30,26,33643,20000,40000,20000,54050,30500,26000,22000,15000,11000,30000,27000,28002,31300,32000,39000,44107,11000,5654,11000,30500,9000,17000,16000,18800,16000,76000
4973,5,18000,3,2,18000,-3,78,70,76037,18725,34075,42050,38715,39815,58000,57000,68000,61000,59000,46000,55000,-2,62000,75000,87000,90000,-2,-2,87000,164800,60000,254000,77525,0,-3
4974,5,-2,3,2,-2,5600,83,75,72010,6900,10200,48366,28413,77440,40500,23400,26400,26400,22400,38400,8590,8900,-2,-2,-2,-2,-1,-2,50000,-1,-1,-1,-1,-1,-3
4975,5,-4,3,2,4200,17200,94,89,92247,15800,23000,14050,18000,21050,23600,24100,0,28000,29000,30000,31000,31080,36000,40000,48900,54400,55700,60300,60200,75600,72000,73100,70200,80500,84000
4976,5,25000,3,2,25000,24000,68,67,85066,33000,-3,39100,52100,50000,52000,56100,38000,44600,-2,42600,51600,46000,58750,66000,105000,70000,76500,89400,102900,102000,104000,234000,236500,285500,310000
4977,1,20000,3,1,20000,-3,12,7,8517,-5,9736,5600,5468,15000,5176,-2,7200,-2,-5,6500,13000,13000,10000,11000,13000,15900,16500,19500,6634,10116,10992,12337,12452,13089,24432
4978,5,20000,3,2,20000,4080,14,14,17518,6339,7379,13000,10100,-2,14000,12180,-5,-3,20,1272,2832,333,1344,0,0,0,0,0,0,12000,4500,17640,2134,11664,11904
4979,4,4080,1,1,4080,-3,53,52,70510,6000,50000,50000,75001,8005,12600,10010,9000,10000,17000,15000,37000,27000,30000,39000,53020,53000,60000,87000,96200,71500,-5,91000,-5,-5,-5
4980,8,8500,1,2,8500,24000,1,1,930,18000,20000,15600,21000,-2,-2,0,0,-2,960,0,9428,19692,-2,11400,0,-2,6180,4800,4188,4080,-2,-2,8160,9240,-3
4981,8,8500,1,2,8500,24000,20,17,27358,-3,20000,8000,15796,14000,24500,13000,15344,15500,23000,21500,33000,36500,35725,36600,67700,52600,80400,67600,67100,67000,70200,85000,85000,108000,-3
4982,1,13200,3,1,13200,6050,41,39,36772,-3,13500,4800,4800,26000,30000,12000,15000,12000,16676,7920,-2,4820,-1,1000,0,0,0,-5,-5,0,-2,-5,-5,-5,-5
4983,1,7200,3,1,7200,6050,17,19,21009,8000,25000,4800,4800,26000,30000,22000,-3,-2,-2,11000,27000,25943,32290,38158,51090,38000,42000,43500,20000,-5,56000,52000,57400,57000,-3
4984,5,19000,3,2,19000,24000,67,75,83385,1500,42000,58000,5501,40000,23100,21936,23600,28800,28400,36200,36250,38100,-2,34012,47900,-5,-5,-5,-5,-5,87389,88000,-5,-5,-5
4985,1,19000,3,1,19000,24000,7,5,3267,25000,35000,56000,40000,55000,65000,-2,-2,-2,-3,12000,12000,15000,18000,21000,21000,14400,-5,-5,-5,-2,-2,-5,-2,0,84000
4986,1,-4,3,1,19400,24449,20,19,16841,-3,38460,29900,40000,38300,69000,40000,41000,41900,70000,64000,839078,61350,99000,107200,244343,-5,-5,165000,260000,-5,440692,-5,-5,-5,766958
4987,5,15500,3,2,15500,25000,89,87,86508,25000,6000,24050,24020,17791,50000,20105,20525,24020,67000,62100,64500,70400,72560,74300,244343,91000,98300,142372,90750,108747,130939,150556,158450,135645,178806
4988,5,-2,3,2,-2,28844,68,78,77733,34000,50000,5900,4400,12000,13660,14000,15000,20000,20300,22020,25014,35000,35000,50000,0,65000,160000,135320,175000,125000,170100,150000,191000,207099,206000
4989,5,-2,3,2,-2,28844,87,76,76676,1000,3500,2158,1400,13540,16900,19500,24025,34030,52500,53152,73020,98000,-2,974100,60000,-2,71000,80000,44000,58000,-2,62000,36000,34000,66000
4990,5,28000,3,2,28000,50000,83,81,82881,38000,6900,5550,16200,32778,46500,46500,45950,43500,53200,85178,90000,89100,189918,974100,-2,-1,390662,-2,193305,454737,0,-5,-5,-1,-3
4991,8,23500,1,2,23500,30000,57,63,70102,37000,38000,41300,48000,48000,-2,72000,90000,30200,25000,36000,55000,61300,58000,120000,244343,332808,390662,408473,-5,-5,-5,-5,-5,-5,-5
4992,5,30000,3,2,30000,40000,41,31,32249,60000,33000,45000,46000,47050,64050,56100,52000,28000,-5,-2,-5,-5,-5,-5,-5,-5,-5,26400,-2,-1,-2,0,-5,-2,-5
4993,5,30000,3,2,30000,40000,41,52,62507,32000,75001,35500,28200,29200,-5,-5,-5,34090,52200,54100,-2,50250,-2,50000,-2,-2,-5,-5,-5,-5,-5,-5,-5,-5,-5
4994,5,21000,3,2,21000,35000,85,84,84467,30000,60000,44000,65000,30500,-1,28400,31500,35000,36500,48000,48000,50400,49000,974100,110000,-1,-5,-5,-5,-5,-5,-5,-5,-5,-5
4995,5,21000,3,2,21000,35000,73,73,71054,24000,40000,35000,68000,-2,55000,42900,49200,35800,73800,84500,98200,160097,189918,974100,118000,127500,53200,-1,-1,65000,-5,-5,-5,-5,-5
4996,2,-4,3,1,2970,2344,51,61,63825,6139,5248,2400,600,-2,11000,17586,19120,19100,25200,24200,27120,26000,27050,58000,76000,53000,-5,-5,-5,-5,-5,-5,-5,-5,-5
4997,5,75001,3,2,75001,5500,71,67,75073,50000,60000,25000,31010,18000,30000,26088,46210,-2,36160,42200,87140,46190,55394,44500,42800,53100,55405,52625,62000,69000,-2,170000,185000,82000,94650
4998,1,75001,3,1,75001,55000,74,71,80394,50000,75001,-2,75001,65,200,200,77040,-2,15000,19000,18050,19080,5000,0,30000,45000,62011,69000,69700,71000,64000,71150,65000,86500,60000
4999,5,-4,3,2,-3,-3,85,76,67037,31800,46200,39050,47200,51050,99000,44050,-2,-2,35300,35300,63000,-2,95500,123000,78250,92000,98000,90500,233500,110000,440692,118000,132250,240000,120000
5000,1,-4,3,1,11000,5050,96,99,96167,11000,26000,29800,32600,39300,43500,58000,83000,1057448,146942,159805,839078,160097,-2,974100,-2,332808,390662,408473,-5,-2,440692,-5,595986,-5,-5
5001,5,75001,3,2,75001,75001,69,58,67504,75001,5425,11250,3700,7000,10000,16500,22550,26070,28370,84450,54500,64000,75000,-2,130000,-1,-2,240000,143000,128000,180000,174000,124000,230000,250000
5002,5,75001,3,2,75001,75001,83,76,81976,75001,75001,16560,16500,2800,14000,14000,18025,25000,27000,26000,839078,-2,-2,80000,-2,332808,40000,408473,479983,454737,440692,497763,260000,922631,-3
5003,5,-4,3,2,4930,6000,75,79,70669,6000,-2,10000,13015,0,40000,40000,17400,42000,45000,57000,72000,70500,90000,974100,244343,332808,390662,408473,479983,-1,440692,497763,595986,922631,-3
5004,1,75001,3,1,75001,50000,65,72,57761,75001,7600,75001,40500,60500,72500,66000,74600,69125,146942,55000,48000,42000,-2,42500,18000,52000,55000,100000,0,-5,-5,-5,-5,-5,-5
5005,1,75001,3,1,75001,-3,51,50,62365,75001,-2,32537,-2,6500,-2,27000,-2,-2,32000,0,1900,30600,33700,34500,57700,50000,20000,35000,-5,-5,-5,-5,31300,-2,-3
5006,1,-2,3,1,-2,14000,99,99,99328,50000,5210,3390,5525,5625,4400,3350,850,11000,30000,53000,839078,99000,189918,974100,244343,332808,390662,408473,479983,-2,440692,497763,595986,922631,766958
5007,1,9922,3,1,9922,17830,27,25,18040,-3,34500,60200,47000,38000,41000,44000,0,32000,42000,-2,-2,33032,28000,28000,-2,43000,53500,53000,63000,82000,22058,198000,1000,24000,-3
5008,5,-4,3,2,33523,-3,86,85,88957,-3,-2,75001,-5,-5,-5,-5,-5,-5,-5,-5,-5,-5,-5,-5,-5,-5,-5,-5,-5,-5,-5,-5,-5,-5,-5
5009,5,-1,3,2,-1,-3,96,89,93230,40000,26000,22000,32000,37100,10200,8000,-2,-5,43375,-2,35600,32150,37600,43600,54600,-5,-5,-5,-5,-5,-5,-5,-5,-5,-5
5010,1,-1,3,1,-1,-3,95,99,97334,45000,55000,48000,60000,50000,20030,26400,28400,46400,48000,36500,71000,71000,81490,-5,-5,-5,-5,-5,-5,220000,218500,-5,-5,-5,-5
5011,1,-1,3,1,-1,-3,93,93,94484,40000,-5,-5,-5,-5,-5,-5,-5,-5,-5,-5,-5,-5,-5,-5,-5,-5,-5,-5,-5,-5,-5,-5,-5,-5,-5
5012,1,45000,3,1,45000,55000,80,81,87153,65000,75000,75001,2120,1530,1100,500,8000,6000,4100,46200,48700,92000,85300,37100,87000,332808,390662,408473,479983,454737,440692,497763,595986,922631,766958
5013,4,20000,1,1,20000,30000,42,57,70564,-3,40000,48000,48500,28000,21200,25000,29000,36000,36000,25400,28000,34000,37000,43367,32000,39000,36000,4000,59000,60000,75209,80000,210000,130000,-3
5014,5,-2,3,2,-2,6000,10,9,10250,15000,14160,-2,-2,3500,-2,-2,2460,5712,-2,31650,30000,12300,18280,110,13000,75000,24400,150000,40000,104000,72000,-1,160000,-2,23500
5015,5,14000,3,2,14000,5000,14,11,9841,-3,23500,-2,-2,47000,21000,22500,32000,24420,54600,33100,50000,34630,5780,33200,59300,64500,63000,-5,-5,-5,-5,-5,-5,-5,-5
5016,5,14000,3,2,14000,5000,35,33,35321,50000,14000,11500,2000,32260,47550,20020,35000,35050,17500,15000,15000,13900,1955,6516,5235,-2,-2,55535,4571,8100,9156,8448,8640,-5,-5
5017,1,35000,3,1,35000,6001,94,94,84380,15800,21815,43020,41350,37800,40000,65000,68710,63500,51200,52200,68600,63200,74200,60600,66250,82000,97500,100500,120000,107900,124100,139200,144125,172000,164000
5018,1,40000,3,1,40000,2630,89,95,93517,8200,21000,30100,-5,-5,-5,-5,45000,20000,-5,-5,-5,-5,-5,-5,-5,-5,-5,-5,-5,-5,-5,-5,-5,300000,245000
5019,5,45000,3,2,45000,35000,98,96,97372,3600,9610,11905,23015,25010,31840,33020,70000,1057448,97000,159805,-5,160097,189918,-5,-2,200,-5,-1,95280,-1,-1,-5,-5,-5,-5
5020,1,24000,3,1,24000,10800,98,97,91144,2650,5000,24422,27950,31025,29500,13240,37250,37400,37400,40900,12930,7340,800,53200,57100,17500,70000,0,39000,73000,75000,85000,80000,84000,101000
5021,1,17000,3,1,17000,19000,99,96,94331,3900,26000,18000,-2,6000,5030,0,51000,41000,20000,20000,42000,30150,32200,38300,38150,42000,5000,34050,44100,50000,48000,45000,10000,20000,-5
5022,1,35000,3,1,35000,35000,74,73,79135,35000,75001,22100,-5,9000,16000,43240,-2,-2,75561,-2,32549,20000,100000,-5,158500,62000,115000,51000,80000,454737,100000,100000,-5,-5,-5
5023,5,75001,3,2,75001,45000,73,76,78873,20000,1250,12080,15015,15020,-2,58000,69000,57000,46000,49000,50000,60598,48000,60000,60000,-2,-5,104500,115500,128000,136000,140000,-2,60000,-3
5024,1,40000,3,1,40000,40000,45,38,30607,24000,31400,28075,28920,30200,40400,28500,4000,42300,47600,32000,35090,38200,34000,35600,-2,52300,53000,101500,163500,202500,217000,265500,595986,922631,766958
5025,5,40000,3,2,40000,29600,67,66,64441,6723,40000,47000,-2,33220,20822,19220,20800,-2,19200,26000,25006,36008,80000,47000,35000,50000,40000,50000,40000,60000,64000,80000,80000,80000,110000
5026,8,-4,1,2,3312,37500,59,52,58229,21000,30000,-2,29800,33360,51800,57700,8068,8444,26344,36000,42013,36000,63000,61000,-2,66040,54000,-2,106000,70000,67300,70400,-2,69000,78000
5027,1,-2,3,1,-2,-3,58,58,61673,13000,-2,12032,10500,0,-5,0,-5,-5,-5,-5,-2,27000,18168,25000,14000,6500,-5,-5,-5,-5,-5,-5,-5,-5,-5
5028,5,75001,3,2,75001,45000,96,96,96183,10175,8333,56000,42100,60100,73000,31000,100001,1057448,146942,93050,839078,160097,189918,974100,244343,332808,390662,408473,479983,454737,440692,497763,595986,922631,766958
5029,1,75001,3,1,75001,45000,99,99,100000,8800,10200,10000,13000,25200,29000,35000,64500,63700,84000,74000,54700,59000,96500,123900,134000,173000,176062,40200,120200,128000,138100,166050,181549,183010,197000
5030,1,30000,3,1,30000,45000,73,75,79474,40000,12000,27005,-2,24700,11030,53500,26900,-2,38000,38000,43000,43500,42000,54000,71000,-5,-5,-5,-5,-5,-5,25000,37000,-5,40000
5031,1,-1,3,1,-1,-3,44,48,56438,40000,30000,30000,35000,40000,35000,-5,21501,27000,-5,-5,20140,16640,14402,-5,50100,48000,50000,52014,55295,75200,75400,97000,96000,95000,82400
5032,5,-2,3,2,-2,26000,77,76,84165,23075,29140,27610,25615,30030,32350,31200,30350,1000,5500,9905,13800,63500,-1,23275,49000,40000,2000,22500,28030,30110,41000,497763,302480,295410,319400
5033,1,-1,3,1,-1,-3,83,77,67488,53000,65000,29800,36750,36350,46150,42000,44750,40200,57500,46000,48400,48500,63400,87550,-2,68000,122000,72500,116650,98000,113000,159000,124000,141000,257800
5034,1,-1,3,1,-1,-3,55,62,58807,53000,65000,15000,17000,-2,9000,38020,31800,31850,31005,46030,48020,54000,45100,-2,-2,-2,102000,124000,130000,207000,155000,276000,-2,-2,-5
5035,5,56200,3,2,56200,20425,63,64,74400,23095,31540,32900,13010,14900,15900,19300,18000,17900,19900,18500,18600,17420,35040,109700,105000,132000,176000,193900,95000,130000,145000,-1,195000,200000,-5
5036,1,-1,3,1,-1,-3,98,98,96696,45000,-3,5450,7177,27700,50780,48980,46095,45476,53200,84598,88100,93100,97500,974100,244343,-1,214000,408473,479983,454737,-2,497763,595986,300000,766958
5037,5,19000,3,2,19000,-3,44,35,25844,29000,38100,39900,29290,30000,31000,32109,41008,39000,39000,13800,17332,15000,18504,63704,-2,46200,48600,64444,74447,42900,21000,-2,16000,17000,-3
5038,5,-1,3,2,-1,63000,52,51,58584,75000,75001,75001,-2,-2,90000,95850,100001,-2,10441,4310,839078,160097,189918,13770,-5,28000,32450,-5,44000,-5,-5,58600,70000,-5,-5
5039,1,-1,3,1,-1,35000,48,57,66719,40000,-3,-2,7210,2820,3000,10000,27100,62000,69500,77000,56200,90000,98400,130500,153000,66678,77000,88000,120550,169500,187500,205000,196000,-5,230000
5040,1,-4,3,1,1600,1000,85,82,82500,-3,6520,-2,10000,0,0,0,0,-1,-1,-1,-1,-1,-1,-5,-5,-5,-5,-5,-5,-5,-5,-5,-5,-5,-5
5041,8,3588,1,2,3588,440,19,13,13195,2098,6000,6329,13632,12264,10200,5495,16000,15000,29000,24000,34000,37980,16985,16620,-2,-2,16700,14295,33000,64900,18800,39000,40776,24000,32000
5042,7,16200,2,2,16200,24396,13,10,11369,20500,14544,-2,22656,16700,55000,11000,20000,42500,35000,13200,40000,-2,23000,94000,96000,37000,-2,33029,40000,44708,23871,-5,-5,-5,-5
5043,7,16200,2,2,16200,16000,29,27,36172,17000,56000,8500,16125,1400,-2,13000,-2,-2,8000,23400,22000,-2,12000,14000,14400,22351,25000,28746,29993,34000,32000,33936,44000,42685,44407
5044,5,-4,3,2,-3,26088,99,97,97784,25000,25000,61600,26040,26099,25400,65000,80000,80500,28000,40000,32000,-2,-2,-2,-2,-2,-1,-2,250000,-2,-1,-2,-2,-2,178000
5045,8,4000,1,2,4000,9400,11,6,6944,16409,15000,22000,16674,20000,22500,8000,-2,-5,24641,-5,-5,11000,10296,-5,13380,-5,-5,22900,-5,3480,-5,7584,12000,-2,0
5046,4,-2,1,1,-2,7090,13,13,10062,-3,22000,13022,-5,8015,26000,-5,-3,15000,28000,-1,23000,25000,-5,-5,-5,40000,48000,55000,-5,57000,89000,-5,-5,-5,-5
5047,5,3649,3,2,3649,-3,8,11,13700,0,22000,-5,213,4150,0,-5,-5,-5,-5,-2,4944,2580,-5,-5,-5,-5,-5,-5,-5,-5,-5,-5,-5,-5,-5
5048,1,-4,3,1,7000,6464,73,69,71788,6100,16000,15880,17300,-2,25500,38100,57200,68500,49500,43500,-2,-2,21500,34680,33200,34500,35000,35000,-5,42000,41000,45000,45500,47000,50000
5049,5,-4,3,2,-3,5375,71,59,66827,7345,10135,10564,8504,31649,-2,5100,20550,21145,28710,-2,25500,-2,50000,16564,26400,43000,18686,40300,48278,20021,53133,47321,11244,72528,-3
5050,5,20000,3,2,20000,23000,30,30,35277,2500,-2,9000,10300,22000,27000,29004,32000,36700,25000,30000,35005,34000,30000,38000,40000,-5,55000,75000,75000,85200,87000,61000,0,-2,9406
5051,1,20000,3,1,20000,23000,65,58,69976,23000,3000,37819,34000,30000,40000,46005,30000,34150,35200,36150,54500,54300,53300,43300,49000,53500,48350,-2,68200,72150,65350,55200,63000,60000,33000
5052,5,16000,3,2,16000,26000,75,76,73877,-3,14000,32000,6520,29910,38000,36000,49900,56000,58000,29700,29700,30700,68500,74050,86762,-2,101000,120000,-5,-5,-5,-5,-5,-5,-5
5053,5,16000,3,2,16000,20000,21,15,18631,25000,15000,32500,19000,16905,17000,23500,10000,16000,-5,17000,38200,-5,-5,-5,-5,-2,40000,42050,60000,46000,11570,-5,-5,-5,-5
5054,2,7500,3,1,7500,16700,53,55,44084,15000,13392,17600,18300,14300,13500,17800,25000,19000,16210,-2,14360,18570,13880,28900,25215,31425,37950,37780,46000,36000,38000,38520,38000,50000,12000
5055,6,7500,3,2,7500,-3,41,43,52035,6000,-2,11000,5720,-2,10000,14500,17000,17000,18250,26250,30140,30100,30000,-2,35000,30644,30000,45000,43015,59000,45330,58000,88000,75000,75000
5056,1,-2,3,1,-2,-3,42,42,48464,-5,7400,-5,26200,37556,41400,45000,70800,82000,82000,55000,54500,55900,64000,64000,56000,-2,-5,-5,-5,-5,-5,-5,-5,-5,-5
5057,5,-1,3,2,-1,-3,81,74,85603,15000,22000,22000,-2,20620,-5,25000,-5,-5,9000,-5,-5,-5,-5,-5,-5,-5,-5,-5,-5,-5,-5,-5,-5,-5,-5
5058,1,14000,3,1,14000,26000,25,29,33797,18000,18500,31350,-2,10000,-5,12000,-5,-5,-5,-5,12000,-2,16000,19000,25000,15000,29000,-5,-5,-5,-5,-5,-5,-5,-5
5059,7,5000,2,2,5000,3600,24,23,34205,7152,9019,7670,8340,8592,-2,9196,12000,-2,10000,15116,14000,22000,20960,9000,4051,11400,5832,7080,6972,9048,112000,8088,16712,8568,11376
5060,5,-4,3,2,12220,18800,30,22,17529,21684,1867,5000,8685,9107,9700,10905,9750,10500,11000,11000,11600,13017,30770,34000,34000,40000,44000,31000,40905,24000,28000,38000,11245,12034,9723
5061,5,-4,3,2,10000,16000,40,37,37027,24050,30030,40035,40136,39198,21176,22050,23600,26000,-2,25100,21250,24470,30200,38700,37000,-5,50776,53756,58744,64890,-2,104268,64428,74636,64488
5062,5,6000,3,2,6000,6000,47,53,77171,10000,-2,-2,-2,23550,15800,29815,15583,41100,45650,54000,49150,52675,20981,-2,58500,73500,42676,-2,52000,67800,56300,-5,-5,-5,-5
5063,5,-2,3,2,-2,10000,30,30,38648,-3,-2,-2,-2,9112,-2,29200,-2,33000,-3,29000,33500,-2,33000,35000,46600,41000,49010,60000,62000,-2,-2,108000,123000,120000,178000
5064,5,-4,3,2,-3,19000,58,52,54657,11900,24300,29300,20830,13000,6624,7164,33000,4200,17000,14400,839078,-2,-2,32600,33800,36420,29900,29635,35251,44200,11000,15552,20440,21940,16640
5065,5,-2,3,2,-2,-3,68,68,65361,8500,11160,19480,21250,36080,20575,53050,-2,39250,-2,-2,55500,-2,-2,-2,-2,-2,150000,-2,479983,-2,-1,-2,-2,-2,-3
5066,5,-2,3,2,-2,-3,44,54,68792,-3,-2,-2,-2,28000,-5,-2,-5,-2,38000,38750,31100,-2,33000,-2,40400,68800,56800,58000,72600,70000,72500,82000,-5,-5,-5
5067,1,-2,3,1,-2,-3,63,55,68316,-3,5000,-2,-2,-2,-1,18550,60200,62000,-5,72000,40000,-1,-2,-2,101000,112000,93000,98350,116000,113000,130500,140000,140200,140015,141600
5068,1,7500,3,1,7500,400,2,1,851,-3,8000,-2,12290,-3,19889,12000,16000,-2,24000,24000,24000,26000,28000,-2,44000,32000,41000,42000,35700,52000,88000,-5,-5,-5,-5
5069,5,-4,3,2,-3,6845,16,19,20709,62234,-2,988,2500,5267,5343,42224,-2,1860,14120,8800,-3,15017,17536,19000,22400,16000,23500,-5,84000,44880,56120,21826,33955,27184,-5
5070,3,-2,2,1,-2,12000,23,22,28625,400,7000,8000,8000,7500,6100,25000,15000,10000,35000,17300,16000,-2,-5,-5,-5,4000,202000,408473,208000,150000,18500,109000,49032,40770,33820
5071,7,-4,2,2,-3,7000,27,28,21379,11040,5929,2607,-3,1336,7276,2807,3250,14204,995,-2,-2,21000,-5,15000,-2,-2,-2,-2,41600,16720,100800,7320,1283,10060,13600
5072,3,3600,2,1,3600,-3,27,31,25926,-3,-2,4000,-2,-2,4728,2300,-2,28680,43500,-2,-2,-2,-2,-2,-2,-2,11000,14000,0,0,-2,5600,-2,15600,10000
5073,3,-3,2,1,-3,-3,16,17,23158,-3,-2,17000,-2,7352,5505,4150,16500,7500,9000,12700,13000,13800,15000,18000,43000,57800,61400,90200,37000,172000,106200,100380,25680,92309,68400
5074,7,-2,2,2,-2,-3,25,27,24969,-3,7500,14520,-2,-2,12600,15000,-2,6400,-2,-2,10000,12400,9000,14000,19081,23500,25760,23400,31000,36220,42200,37000,42000,38000,69000
5075,3,-2,2,1,-2,-3,21,16,14171,-3,11700,12500,-2,-2,-5,0,35000,24000,7000,-2,-2,-2,-2,-2,-2,28500,-2,-2,121000,-2,16700,7000,6000,12000,-3
5076,7,-2,2,2,-2,18000,20,13,13289,-3,-2,30000,-2,55000,60000,13250,73500,-2,68236,16000,16188,19650,19000,26000,23000,0,33000,33000,36000,52000,30000,42000,25000,23000,21000
5077,7,-2,2,2,-2,-3,9,2,1931,-3,-2,30000,-2,55000,60000,3820,22000,19000,25000,9200,21300,26700,24000,-2,12932,14500,650,12500,39000,35000,41000,37000,47000,56000,-3
5078,3,-2,2,1,-2,18000,26,23,33386,-3,-2,30000,-2,55000,60000,-2,73125,14000,54030,50200,-2,58000,-3,79000,20000,62000,23000,-2,25000,-2,68356,-2,21600,-2,44532
5079,3,11000,2,1,11000,-3,16,15,9790,-3,12610,-2,5000,-2,12036,-2,10400,1057448,11000,9000,10000,-2,18000,-2,-2,26000,16000,-2,12000,20000,36000,-2,-2,-2,20000
5080,3,-4,2,1,-3,-3,4,4,4379,9444,-2,-2,-2,13672,-2,27324,19780,28300,27600,-2,42312,31500,29000,40000,10000,40000,-2,29452,21200,-2,34800,40800,36548,-2,51920
5081,7,-4,2,2,10000,-3,1,2,2212,-3,-2,-2,-5,-5,-5,-5,-5,-5,-5,-5,-5,-5,-5,-5,-5,-5,-5,-5,-5,-5,-5,-5,-5,-5,-5
5082,1,6800,3,1,6800,6491,3,4,3249,-3,1480,6965,6000,3000,22000,12000,15000,18000,3000,2000,16800,5000,3000,7000,9000,1086,69237,-2,13560,15600,15600,18000,17638,17378,0
5083,3,-2,2,1,-2,20000,-4,-4,-5,-5,-1,25000,-1,-1,-5,-2,45100,21000,23000,25000,27000,-2,28000,-5,29000,-5,-5,-5,-5,-5,-5,-5,-5,-5,-5
5084,7,-2,2,2,-2,20000,-4,-4,-5,-5,26000,31000,-1,14600,24200,9200,9500,11500,13000,25000,33000,32000,39000,-2,42000,58000,33000,38400,19200,25200,13496,800,500,3000,2112
5085,7,9000,2,2,9000,7000,9,11,9128,-3,11700,21860,15000,26400,10000,-2,-2,-3,-2,-2,10800,12000,-2,13800,15577,14250,10000,14000,11650,-2,0,-5,-5,-5,-5
5086,3,-2,2,1,-2,13000,4,4,4336,11000,13100,13916,13700,16000,21000,18000,25000,27000,38000,28000,-2,15600,-2,0,18000,-5,-5,-5,-5,-5,-5,-5,-5,-5,-5
5087,3,-2,2,1,-2,13000,7,6,8374,-3,15000,13000,14500,16000,-2,-2,10000,29000,44000,8000,-2,-2,-2,-2,-5,-2,15000,12000,10000,7620,-5,10394,9072,9072,-3
5088,7,-4,2,2,17000,17000,13,8,6402,34090,-2,-2,-2,-2,36000,-2,-2,38030,47900,13700,43500,-2,-2,-2,-2,-2,79000,53000,70000,91200,-2,114200,61948,-2,-3
5089,7,2000,2,2,2000,2000,2,3,2610,800,10000,-2,-2,14360,-2,17130,8000,-2,21000,-2,11508,30000,24000,30900,-2,38000,14980,-2,21500,19680,4000,14688,3108,12012,-3
5090,7,2000,2,2,2000,2000,3,3,9254,800,10000,2372,-2,6000,-2,45000,-5,-5,-5,-5,-5,-5,-5,-5,-2,26000,-5,-5,-5,-5,-2,8485,6396,2745,2304
5091,5,28000,3,2,28000,25000,46,52,72251,20000,30000,-2,-2,2507,2522,24875,7520,15030,47700,50550,51500,-2,37620,62025,77250,113000,122000,125000,62950,68420,86800,-2,10875,-2,64000
5092,1,25000,3,1,25000,-3,48,49,54687,-3,30000,35000,-2,-2,18000,-2,-2,-1,-2,-2,-2,-2,-2,-2,-1,-1,-1,-1,-1,-1,-1,-1,-1,-1,-3
5093,1,-2,3,1,-2,-3,65,66,76759,-3,10000,32000,-2,-2,28000,1500,-1,25000,18150,56680,61698,47600,52600,54400,86600,-5,-5,157000,-5,0,30000,-5,300000,220000,247000
5094,1,7000,3,1,7000,12400,23,30,22029,-3,-2,5000,-2,11080,1320,3972,1460,-2,3500,17049,-2,-2,-2,-2,4000,5000,9000,10400,10000,5000,8000,12000,10000,13000,10000
5095,1,23000,3,1,23000,17610,67,78,73751,-3,21000,35762,25000,20000,2300,8900,15200,24000,42000,24500,839078,160097,49000,34400,105600,68000,55000,82000,110000,175000,160000,255000,274000,922631,260000
5096,5,23000,3,2,23000,17610,59,66,73407,17000,16500,-2,29750,26629,32406,-2,35000,23000,34000,39000,44000,44000,63607,-2,75350,14000,49700,136000,184000,-2,38900,-2,-2,46000,27000
5097,1,23000,3,1,23000,25000,35,40,47006,3000,25000,32000,-2,70000,42000,45000,41600,43050,26000,29000,28000,40000,54000,102100,140000,150000,127000,120000,179000,165000,195400,113982,144000,75800,-3
5098,5,5700,3,2,5700,16000,52,36,31965,11620,10000,-2,20000,24150,27195,13100,36000,48500,13000,48500,42780,28000,36200,-2,5490,5088,15552,8508,102000,13200,10032,-5,-5,12000,16000
5099,5,25000,3,2,25000,12265,82,92,97610,10823,3850,5018,4210,18325,22750,24100,35980,40319,45640,56200,55700,58108,-1,73800,78000,104200,45500,51400,68700,89000,107500,110000,117500,120000,140400
5100,5,-1,3,2,-1,15520,69,69,69693,10840,11338,15010,18005,19346,20000,21828,31135,33020,39035,42038,28250,31750,35000,45000,38000,52000,61500,73604,81000,88900,89511,68149,67000,63000,65000
5101,5,20000,3,2,20000,5010,63,54,57477,3550,1499,8576,11980,11000,41400,-2,-2,-2,98260,159805,839078,-2,-2,-5,-5,-5,75000,85600,72550,89000,99720,106000,-2,128800,-3
5102,1,20000,3,1,20000,2800,49,42,48968,-3,4147,15313,22000,20569,21100,18600,-2,-2,58000,68000,43000,53400,46000,107500,62000,64000,112000,57224,33000,37000,68300,47850,8263,81980,18725
5103,5,25000,3,2,25000,-3,54,47,48184,-3,1420,-2,-2,26400,10900,-2,27500,22100,21000,18000,18600,-2,-2,22000,26616,36700,41000,32000,-5,2000,-5,30970,-5,-5,-5
5104,5,25000,3,2,25000,-3,62,64,73979,-3,7368,8760,7400,24000,18700,23500,10000,38400,44000,36000,42950,-2,-2,55000,47000,68000,64000,35600,-5,34000,43000,-5,42000,44000,-5
5105,5,-4,3,2,10420,20000,21,19,18761,20100,18803,26780,28000,-2,-2,27000,33000,33000,53350,50000,-2,-2,60020,-2,-2,85000,-5,149200,-5,-5,-5,-5,-5,-5,111000
5106,1,13155,3,1,13155,15000,22,18,23450,-3,26178,28074,-2,14092,24000,33000,41000,54200,24000,43000,-2,-2,50000,43683,80000,120000,134000,125000,150000,151100,137000,140000,147000,180000,0
5107,5,25000,3,2,25000,28000,81,77,89381,-3,8382,8745,18365,21360,25255,41045,35050,42100,47150,55065,58200,-2,-2,117000,106100,136000,165000,203100,177000,242000,440692,198000,95000,60000,60000
5108,5,29000,3,2,29000,4600,78,95,98645,15060,14075,22030,22100,20650,20050,23000,-2,35010,36050,40020,42560,45100,49050,57080,75800,87050,85500,95200,88050,108000,126300,116000,124300,-2,138300
5109,1,21000,3,1,21000,25000,24,22,24065,32000,30000,-1,-2,-2,-2,-2,-5,-5,-5,-5,19930,18800,-2,35485,29982,36760,32000,-5,-5,-2,22000,0,-2,13680,-3
5110,5,21000,3,2,21000,25000,37,25,33163,32000,50000,7000,11066,11342,-2,13800,14000,25120,26100,29000,8000,-2,47179,53600,3000,0,-5,-5,-5,-5,-5,-5,-5,-5,-5
5111,5,29000,3,2,29000,27756,76,84,88000,15291,15300,19500,20800,22000,23500,24337,-2,41440,-5,-2,-5,-5,-5,-5,-5,-5,-5,-5,-5,-5,-5,-5,-5,-5,-5
5112,1,12000,3,1,12000,-5,89,65,76673,-3,-1,10000,-2,-5,-5,-5,-2,-5,-5,-5,-5,-5,-5,-5,-5,-5,-5,-5,-5,-5,-5,-5,-5,-5,-5
5113,5,31000,3,2,31000,17000,65,58,65262,19200,23250,23000,-2,28000,28400,39000,41000,46400,44000,29000,38000,57000,-1,-2,73900,87575,-5,-5,-5,65200,67800,69000,76800,71000,-5
5114,5,31000,3,2,31000,33000,80,73,85473,31000,30000,28000,-2,15900,40000,46000,57800,-3,-2,-2,-2,71100,-2,-1,128000,114000,-5,-5,-5,-5,-5,-5,-5,-5,-5
5115,5,-4,3,2,6500,8292,41,43,46560,7300,19430,24770,11300,-2,30900,34475,-2,-2,40200,31100,26650,32050,-2,50371,66200,-2,55000,59000,58550,57019,57200,72668,-5,48665,35400
5116,1,-4,3,1,-3,8000,11,12,6537,17000,-2,-5,-5,-2,25000,-5,-5,-5,28600,31000,40000,33000,28600,25000,-5,-5,-5,-5,-5,-5,-5,-5,-5,-5,-5
5117,5,-2,3,2,-2,8000,14,19,28392,10400,-2,-2,-2,27000,25000,22000,-2,-2,20000,15700,-2,-2,-2,-2,32800,-2,32000,28000,10400,54200,57300,62100,70500,-5,-5
5118,3,11400,2,1,11400,5000,12,14,17210,8000,22000,18000,16000,10844,-2,30000,36768,42150,37950,42250,-5,-5,-5,-5,-5,-5,-5,-5,-5,-5,-5,-5,-5,-5,347600
5119,7,-4,2,2,-3,15000,16,15,10923,-3,26000,-2,-3,-2,-2,-3,-2,-2,-2,-2,-2,-2,-2,-2,-2,110000,-2,-2,40000,-2,-2,400,33800,11000,17000
5120,6,-4,3,2,-3,8176,84,91,80560,4400,4800,2367,2800,3971,4650,23000,35280,43896,47779,47000,46500,58100,66500,-5,-5,-5,-5,-5,-5,-5,-5,-5,-5,-5,-5
5121,5,-4,3,2,-3,9400,83,69,63137,14200,16000,20000,30542,27674,25000,34200,35248,46520,39520,31000,37000,42503,55000,71000,59000,38000,38000,40000,40000,43680,45916,2400,20280,32269,-3
5122,1,-4,3,1,-3,24000,13,13,15690,17000,23007,32025,30440,34900,28050,29900,25050,31028,33960,-2,35000,35000,-2,52030,-2,84000,50600,241100,-2,35000,42179,-5,-5,-5,-5
5123,5,-2,3,2,-2,-3,42,37,38717,-3,-2,-2,-2,22505,20000,24000,23000,25000,30500,28000,34000,-2,32000,-2,-2,53050,-2,93100,92000,20800,36000,37000,30392,92000,277200
5124,5,-2,3,2,-2,8021,91,87,89720,9400,10600,11665,13614,11452,4690,7700,5800,11096,18033,20020,22010,24861,26020,21015,23010,27012,31000,40224,40040,53820,56800,68200,88100,94100,94800
5125,5,-4,3,2,15800,26430,79,77,77314,-3,13400,16260,9350,20450,18450,20500,45600,-2,19000,7600,20400,12200,12001,-2,12080,20028,21500,19000,28200,50417,84242,46800,-2,69100,80300
5126,1,8100,3,1,8100,75001,57,47,32828,-3,45000,25000,50000,40000,35000,-5,40072,35000,54500,44088,27000,24000,14400,-2,-5,-5,-5,-5,-5,-5,-5,-5,-5,-5,-5
5127,5,-1,3,2,-1,35000,47,43,49647,-3,40000,74000,-2,-5,-5,-5,2262,-2,16300,-2,13000,18000,-2,-2,10160,13520,19000,53000,55150,79000,56000,58000,-5,86800,45000
5128,5,40000,3,2,40000,40000,56,50,56945,5093,21000,30510,35200,49100,38800,42020,48800,56500,63100,62100,10230,11707,10520,6000,10000,15000,20000,29505,35364,24000,16666,15480,16185,12195,38980
5129,1,10000,3,1,10000,10130,71,77,86307,11832,14161,13400,13000,14000,13000,16900,9800,-3,14300,16500,15000,16500,17250,16000,19760,38800,39450,57466,64500,73700,74680,77500,94000,85500,100830
5130,1,20000,3,1,20000,23000,9,16,20080,75001,18270,-2,-2,5234,-2,84000,25200,24880,8400,8400,4801,9600,8400,10500,10200,10000,12894,12000,39000,51000,-2,-2,-2,28128,0
5131,5,20000,3,2,20000,23000,51,65,78060,-3,-2,24665,22000,30000,25000,12639,6920,5680,7705,26000,22120,31460,39000,6800,38500,24000,21400,31800,57413,7649,-2,32000,21500,23966,28800
5132,1,18843,3,1,18843,6800,36,46,41062,-3,-2,-2,7708,7620,2300,5480,-2,-2,-2,8000,10785,8000,2500,-5,-5,26000,15000,11000,26000,27280,-2,-5,-5,-5,-5
5133,1,18843,3,1,18843,-3,16,14,15468,-3,12000,-2,8675,8000,20000,5200,-5,-5,-5,-5,18000,12500,7404,-2,-2,-2,-2,-5,-2,-2,-2,9768,9036,-2,-5
5134,5,18843,3,2,18843,-3,35,40,47968,-3,2610,-2,5783,6869,8694,-2,-2,26272,26100,12000,13000,6500,16876,6189,47000,18106,21800,37793,72000,50000,-2,52308,30884,38000,55000
5135,5,18843,3,2,18843,936,36,36,48109,7200,17030,16759,10474,0,-5,8000,-3,-2,8000,-2,21000,-2,5731,-2,21000,4720,-5,-5,-5,-5,-5,-5,-5,-5,-5
5136,1,-4,3,1,7430,-5,-4,-4,-5,-5,7762,24150,28700,25200,-2,39500,25300,36900,-2,-5,-5,-5,-5,-5,-5,-5,-5,-5,-5,-5,-5,-5,-5,-5,-5
5137,1,6700,3,1,6700,13000,-4,-4,-4,-3,23000,-2,16175,-2,17222,20000,-2,0,-2,-5,-5,-5,-5,-5,-5,-5,-5,-5,-5,-5,-5,-5,-5,-5,-5
5138,5,20000,3,2,20000,50000,37,38,44671,7000,-2,54600,47100,18100,-5,-5,30000,29000,32000,50000,58600,72000,-5,-5,-2,-5,-5,-5,-5,-5,-5,-5,-5,-5,-5
5139,1,10000,3,1,10000,14120,26,24,17763,70000,8000,20371,6000,34600,80000,7000,-2,44025,47020,48100,49000,70100,48700,39100,45200,42000,34000,44000,22200,1000,28508,18400,0,0,10000
5140,5,10000,3,2,10000,14120,56,56,60402,70000,8000,20371,10030,34600,30102,22040,30045,25065,30119,30000,21000,25200,35000,974100,38000,75500,149200,106680,48360,47300,210000,497763,168600,212500,-3
5141,4,49000,1,1,49000,7000,80,70,74891,23800,20010,24000,24000,15000,35000,33000,39000,32000,64000,34100,50000,47800,54000,974100,65000,80000,-2,90000,60000,109000,50782,60000,50000,67400,70000
5142,8,49000,1,2,49000,5000,62,53,60518,9000,16000,13520,16030,14010,11000,10000,70100,80100,-2,85200,-3,80000,94000,95100,25000,35700,24600,35000,155000,123600,263000,210000,227000,294000,318000
5143,8,49000,1,2,49000,54000,81,70,80740,35000,11005,37050,40050,40940,50150,20100,26230,28400,-2,45700,33000,47860,57500,94117,110030,93000,108078,110000,143500,158000,149290,187000,144000,168000,260600
5144,1,7500,3,1,7500,12000,54,50,50547,-3,-5,-5,-5,22000,18800,-5,26000,-2,39000,24992,20000,35000,37000,32000,39000,38000,-5,50000,-5,71840,53600,50000,75000,-2,55000
5145,1,23000,3,1,23000,11010,59,79,81861,18700,11860,40500,38575,4240,2500,6000,12705,21424,14400,-2,15500,70000,27000,2580,-2,0,2400,28000,36000,53010,48315,59000,50109,52100,50613
5146,1,23000,3,1,23000,20000,6,6,2644,6228,20000,8050,16000,12100,12000,29100,19370,38112,45050,30475,73070,38000,40000,55900,69000,81200,71000,63000,72000,94000,117500,65000,65000,111500,84000
5147,4,-4,1,1,13420,14870,51,45,51374,22000,25000,30500,29000,25700,43000,45000,44500,35600,47000,86000,82000,60100,74560,87294,95500,63000,74000,-5,-5,180000,48000,24000,42000,48000,115000
5148,5,-4,3,2,3000,10470,31,32,22814,4000,24000,30374,26600,25700,36100,3500,12000,10000,9700,17000,19800,9000,9000,-5,-5,0,11400,-5,-5,-5,19675,-5,79200,-1,-5
5149,1,-4,3,1,2500,10000,59,63,72306,16513,-3,21705,23383,21406,30304,30000,35020,43500,-2,35100,44200,47565,75720,60320,47310,53900,76000,38000,67000,-2,-2,22200,16200,-1,27240
5150,5,40000,3,2,40000,-5,-4,-4,-5,-5,-2,-2,2100,6162,11012,13000,9600,11000,-5,36351,17100,19100,24000,32100,34025,-5,-5,-5,-5,-5,-5,-5,-5,-5,-5
5151,5,75001,3,2,75001,60000,75,67,53960,20000,18596,24400,34300,36000,47000,49700,30700,38000,81000,84800,91500,94000,94000,51100,36000,43000,100000,110600,157000,-2,-2,-2,107600,133100,200000
5152,5,-3,3,2,-3,-3,31,25,35830,32000,7412,-2,3500,38000,48700,42000,45284,17740,19500,23200,21000,25000,4000,8748,9861,10907,10000,15904,6936,2200,-5,-5,-5,-5,-5
5153,6,23000,3,2,23000,14000,69,73,74319,30000,-2,30000,33000,35000,4225,29000,38000,21050,28000,-2,72000,80000,74000,-5,-5,-5,-5,-5,170000,-2,71600,-5,-5,-5,-5
5154,5,11100,3,2,11100,10000,32,38,35763,12000,13000,25600,21010,22000,-5,-5,-5,-5,-5,-5,-5,-5,-5,-5,-5,-5,-5,-5,-5,-5,-5,-5,-5,-5,-5
5155,5,11100,3,2,11100,10000,37,36,45836,12000,13000,17000,18000,-2,30500,28000,26500,13000,30000,-5,-5,15500,19000,-5,-2,-5,-5,-5,21500,-2,-2,-5,-5,-5,-5
5156,1,23000,3,1,23000,15000,44,47,58127,23000,37000,28000,43440,20000,42170,18000,30000,19530,24900,25500,27400,40000,32616,44300,59000,35000,51000,55000,140000,190600,211800,232000,186001,186000,255600
5157,5,23000,3,2,23000,24000,24,21,31964,30000,30000,5000,-2,8000,16000,24000,8500,11000,0,4500,12000,-2,18500,24400,244343,332808,210500,171800,479983,-5,-5,-5,-5,-5,-5
5158,1,-4,3,1,15500,12000,45,47,41879,19232,22000,20600,69000,21566,12808,19000,29800,29200,40000,49000,47232,40000,45000,44000,-5,65000,-5,-5,73800,-2,-2,-5,-5,-5,-5
5159,5,-4,3,2,2000,17600,22,22,36433,4000,2000,-2,-2,8000,-2,75000,65000,50200,-2,0,-3,0,-2,2700,0,955,23000,-2,3024,7152,21378,15700,0,13440,-5
5160,1,19500,3,1,19500,27000,-4,-4,-4,-3,30000,48000,75001,40500,23000,26000,26810,29800,35100,48075,47100,57200,40000,90500,75700,65400,105700,82300,77100,35100,53400,67200,69000,57200,56400
5161,1,34200,3,1,34200,32426,47,43,55622,32000,5000,63634,63000,65000,22300,23200,23425,24700,25400,25300,28100,34300,39200,42300,58845,54400,100100,58300,65004,72000,84100,38200,40000,38100,147000
5162,5,26000,3,2,26000,6760,73,68,80536,4100,15300,22500,20025,21000,29000,38200,43000,86100,146942,73000,71000,77000,94500,98200,99000,118200,127000,145000,143000,143000,147000,159000,174000,180000,246000
5163,5,36000,3,2,36000,-5,77,69,82579,29000,-2,21800,10000,13000,13000,20000,59000,-2,75000,48000,75500,78600,47422,50500,51080,-2,65000,88000,-5,85000,80000,39272,38400,149260,25200
5164,5,37000,3,2,37000,37000,10,15,14498,10800,-2,-2,-2,14204,18190,-5,35075,64200,65200,159805,91000,48500,78000,45500,-2,-5,-5,-5,-5,-5,-5,-5,-5,-5,-5
5165,1,37000,3,1,37000,37000,15,17,19065,8000,75001,1000,5720,-2,38169,30000,31004,29060,86000,17900,-2,19000,21000,63400,55000,-2,90000,70000,-5,-5,-2,-5,-2,110000,153400
5166,1,17500,3,1,17500,18000,88,93,98687,25000,25500,22500,23000,4418,5785,7192,51500,55123,63997,51700,839078,160097,189918,56530,95400,98000,49084,147100,155100,133265,116000,136100,149000,198000,185300
5167,1,-4,3,1,-3,-3,32,42,30097,24900,29502,28500,-5,34003,28000,34000,37905,39500,48000,54400,44020,57250,61000,61000,-2,-2,67040,92500,88000,-2,111150,83600,89500,94020,93000
5168,1,18000,3,1,18000,34000,72,84,73682,35000,48000,45000,36400,10000,33000,29700,30600,-2,13109,15302,19016,18630,54200,45650,35000,-2,48800,38000,52500,60000,63000,39600,42000,50063,54000
5169,5,18000,3,2,18000,34000,49,43,52354,35000,46000,45000,36400,27000,4500,10100,13300,30000,-2,20100,19282,15061,20888,15681,35600,14300,24660,18160,17800,6000,22000,17500,4400,6065,38608
5170,1,25000,3,1,25000,-3,92,88,83498,15290,11020,10100,5978,10807,21120,17500,15000,20720,26990,54030,33500,31800,31800,52779,64000,64500,69000,59100,58700,81000,134000,148000,130500,116000,146000
5171,8,32000,1,2,32000,19000,17,21,24417,0,24940,580,780,3584,10000,8080,30000,23000,19000,25000,20000,28000,8300,-5,-5,-5,-5,-5,-5,-5,-5,-5,-5,-5,-5
5172,1,-4,3,1,6420,75001,53,63,50185,32000,13315,17500,14200,12864,20000,62600,19499,25700,25649,51218,46000,12632,13000,61748,24793,3928,41600,-5,-5,-5,-5,-5,-5,-5,-5
5173,5,25000,3,2,25000,-3,57,57,54523,8500,41000,-5,-5,-5,-5,-5,15000,21000,22000,55000,67000,76000,81000,79800,-5,-5,-5,-5,-5,-5,-5,-5,-5,-5,-5
5174,1,25000,3,1,25000,30000,62,69,84442,-3,45000,9000,-5,-5,-5,24000,27015,33000,32620,44030,35000,32950,43500,53030,53620,55000,56050,-5,65050,-5,64000,95000,-2,89001,84000
5175,1,25000,3,1,25000,30000,37,42,59743,-3,45000,34800,-5,-5,-1,-5,-5,-5,-5,-5,-5,-5,-5,-5,-5,-5,-5,-5,-5,-5,-5,-5,-5,-5,-5
5176,6,3715,3,2,3715,10000,43,39,31449,7202,-2,15003,-5,-5,29300,32450,29823,38300,15600,15090,18930,19246,21313,2856,15000,16131,18222,32000,41600,44200,50439,-5,-5,-5,-5
5177,2,-3,3,1,-3,0,32,35,38737,0,-2,-2,150,84,1900,-2,6700,1057448,0,0,0,120,0,4000,-2,-2,-5,-5,-5,7680,8232,-5,-5,-5,-5
5178,1,19000,3,1,19000,4805,64,67,70507,6220,6564,13050,-2,35000,7470,13200,8450,18400,13810,13900,18600,22006,21312,28000,24000,51100,88880,46000,40000,47000,58000,37160,35000,60000,57000
5179,5,19000,3,2,19000,30000,40,51,53747,35000,25000,-2,30000,-2,6178,9000,4905,10317,5715,8629,8591,9536,-2,55456,57225,55000,10000,10000,23000,22000,39652,30226,19000,65780,-3
5180,5,19000,3,2,19000,30000,38,46,61711,35000,25000,-2,30000,12000,12000,12000,18000,18000,14400,-2,-2,16000,16000,26200,-2,25820,51727,44200,39827,454737,43200,46800,67224,71487,73260
5181,1,-4,3,1,-2,-5,72,66,67194,6057,8647,10000,20970,10000,26336,17800,21000,33000,26000,32400,36005,40000,40000,56000,62000,60024,120000,120600,134300,137000,123472,113000,104500,113000,112000
5182,1,12000,3,1,12000,-5,9,10,5665,-3,44000,50000,24000,35000,29000,-2,-2,37000,-1,25000,-2,-1,52200,-1,48000,62000,-5,-5,-5,52000,-1,-1,-1,21796,-3
5183,5,19000,3,2,19000,-3,38,51,64205,24000,20000,23000,2015,6050,15000,4100,15025,20100,25200,24000,24000,26000,28800,-5,-5,-5,0,-5,-5,-5,-5,-5,-5,-5,-5
5184,1,12000,3,1,12000,17000,20,21,37165,19000,25000,-2,-2,-2,10955,18000,16550,-2,11893,16900,24025,30015,27805,24809,30020,-2,42135,54300,52200,52000,67050,73055,65010,80020,103013
5185,1,9820,3,1,9820,10780,76,80,91441,19000,25000,-2,-2,8100,3395,7250,3920,5151,3400,2600,4350,13090,32100,40990,34500,61740,75700,93050,104306,104600,121050,130000,163030,162010,83001
5186,1,-4,3,1,9667,8693,38,53,42843,6500,15693,12637,12962,7488,12384,6873,25188,26476,31194,25004,15176,-2,37453,32712,30032,42606,80000,39000,32700,61000,49200,43000,63000,60000,66000
5187,1,18000,3,1,18000,5000,67,61,60646,12510,18010,-2,35000,-2,12500,11700,-2,-2,18000,17609,18000,18735,24000,40305,47516,28500,32800,37050,34500,36000,42000,40000,36000,42000,43000
5188,5,-4,3,2,2500,-5,62,59,53090,7444,6438,17500,8672,9000,18000,23750,21412,21000,23500,23000,24003,24020,26140,30000,-2,40100,42000,-1,46000,47100,52000,-2,-5,-5,34000
5189,5,16000,3,2,16000,4700,45,42,48596,4432,11140,13581,20000,20250,16000,19200,25000,31000,27010,28000,28500,28632,28000,32000,44320,16020,64000,74310,42000,-5,44000,43000,-5,-5,-5
5190,5,10000,3,2,10000,10000,-3,-3,2379,24000,18000,21000,25000,31000,-5,-5,22505,24841,4888,2036,3360,-2,-5,-5,-5,-5,-5,-5,-5,-5,-5,-5,-5,-5,-5
5191,5,19392,3,2,19392,24000,81,69,75345,40000,7215,9330,10112,9920,9760,12385,11107,15200,15500,15605,16910,18205,20200,53200,41000,47500,54850,47000,55000,58000,48000,79000,54000,65000,92000
5192,1,19392,3,1,19392,24000,18,21,24074,40000,-2,50000,53000,35000,62000,34500,24000,-2,-2,-2,-2,20880,12000,21000,5000,21000,29924,25000,30000,33129,37202,20000,51000,52000,48000
5193,5,19392,3,2,19392,24000,42,42,52580,40000,-2,50000,53000,35000,62000,18150,23150,24200,30000,36125,36050,36086,40300,38160,46800,-2,45050,64400,64456,75400,85400,64400,-5,88300,95400
5194,1,19392,3,1,19392,24000,60,57,70467,40000,44000,50000,53000,35000,62000,-2,-2,25200,79025,23400,25100,25150,28050,32200,36000,32000,38931,50020,97000,-5,-5,-5,-5,-5,-5
5195,5,17350,3,2,17350,28000,49,52,56535,-3,22006,13950,19792,22500,20009,22900,2000,9900,18000,21000,27000,18000,41000,55000,25220,26000,37000,32164,28398,1,35100,32035,36000,38105,16884
5196,5,17350,3,2,17350,28000,68,73,82752,17000,18000,25000,24000,8306,9884,-5,-5,-5,-5,-5,-5,-5,-5,-5,-5,-5,-5,-5,-5,-5,-5,-5,-5,-5,-5
5197,2,2520,3,1,2520,12000,63,59,72335,12930,8586,10000,10720,8100,8200,9009,-3,12600,29000,62578,62000,63500,61500,72452,75000,82800,117920,142000,203000,67500,145000,206697,244000,205000,244000
5198,8,-4,1,2,4500,15140,51,48,32510,29596,44504,42800,36510,40025,33152,36900,35000,35713,31680,84200,57250,61560,71500,58300,70450,82900,100500,150000,84000,150000,150200,497763,250000,150000,130000
5199,5,-4,3,2,5500,13000,58,66,62924,6863,9820,8541,18100,23205,12810,25000,35000,32000,35000,40050,40070,37000,48200,61575,66700,53504,95100,77000,75200,121300,119000,110000,35880,64800,-3
5200,5,-4,3,2,12670,10000,13,18,13781,17005,28600,22005,25027,30007,35005,1770,3900,12000,-2,5000,10598,9020,8000,-5,-5,3405,-5,-5,-5,-5,-5,-5,-5,-5,-5
5201,5,-4,3,2,4100,6400,58,57,61235,9000,-5,10000,20615,1000,-2,1000,6000,8010,8900,8900,5470,11004,10126,2000,5700,-2,5616,7356,0,8545,-5,-5,-5,-5,-5
5202,8,-1,1,2,-1,12000,34,40,39682,-3,-2,18000,5000,-2,16669,17500,17002,22225,-2,15600,20060,19106,19800,27850,37400,-5,-5,-5,-5,-5,-5,-5,-5,-5,-5
5203,4,-1,1,1,-1,12000,4,7,8159,10000,-2,18000,20000,11000,26344,2304,5000,12000,12720,16072,9108,36400,36216,42500,244343,43992,-2,83000,65380,75045,93476,79060,104000,-1,-5
5204,1,-4,3,1,-3,6000,-4,-4,-4,10000,13024,19050,21250,17350,20700,25000,17000,19780,22000,33215,26240,46970,37964,35000,42000,34000,62580,40000,46500,-5,8952,2400,7000,8760,-5
5205,1,-2,3,1,-2,20000,49,63,81793,21000,30000,20000,5000,7000,17400,20900,21550,21000,-2,-1,-1,-1,32000,75280,89500,-5,-5,-5,-5,-5,-5,-5,-5,-5,-3
5206,1,8000,3,1,8000,9000,44,42,39420,16000,12000,12000,16060,28120,-5,27000,-1,-5,40050,-5,32400,34380,-2,21600,24800,63000,-5,-5,-5,-5,-5,-5,-5,40000,38000
5207,1,28000,3,1,28000,75001,62,65,61539,75001,-3,40000,3650,20000,-2,39720,-2,-2,-2,23260,3872,6832,5844,12480,-2,6720,28120,-5,6960,7320,8964,8556,9144,9480,-5
5208,5,-4,3,2,7025,15478,71,64,75701,20260,16000,6000,14274,13000,13000,50000,30400,32000,28000,27500,53000,44100,32000,9100,-2,-5,-5,24000,30000,33000,26600,18696,35000,-5,-5
5209,5,18000,3,2,18000,5940,23,21,26294,-3,6000,16600,2505,2502,18000,50000,22400,25000,23500,25100,-2,34012,-2,39075,-2,62000,-2,-2,7500,13819,18200,15000,20300,24250,26440
5210,1,23000,3,1,23000,30000,-4,-4,-5,-5,-5,-5,-5,-5,-5,-5,-5,-5,-5,-5,-5,-5,-5,-5,-5,-5,-5,-5,-5,-5,-5,-5,-5,-5,-5
5211,1,8800,3,1,8800,10000,10,12,10875,14000,16000,16000,-2,-2,-2,6000,-2,-3,19010,19005,6920,30978,54600,63000,33141,40000,42000,45000,60000,64813,-5,-5,-5,-5,-5
5212,5,27000,3,2,27000,4003,80,84,72412,-3,25000,20900,30000,31500,3100,8900,17000,15772,10176,12120,13205,14405,16430,15350,28030,13503,19500,36572,20500,27600,17870,20000,2392,11020,20000
5213,1,25200,3,1,25200,-5,-4,-4,-4,-3,-2,33000,14750,20300,25000,41300,54000,55000,55000,51000,47700,60500,65500,-2,160000,-5,-5,-5,-5,-5,-5,-5,-5,-5,-5
5214,5,25200,3,2,25200,26000,67,61,63690,26700,33000,33000,5250,2760,30000,25032,30050,29000,40250,40000,38150,38730,40713,39300,44225,60320,78500,62145,75196,106750,107000,107500,113000,114500,178220
5215,1,-1,3,1,-1,-3,10,12,10577,-3,1000,2200,8200,11772,26000,35100,34000,27000,32000,33000,35000,-2,10624,25000,26400,-2,43294,66000,79000,76000,68280,65630,63000,82000,90000
5216,5,-4,3,2,-2,-3,6,8,14977,-3,12030,4102,6660,6432,7764,7860,8520,4578,-3,17120,7800,9660,9455,7260,8520,6840,18848,26712,0,5200,5239,27608,0,-2,-3
5217,4,-2,1,1,-2,-3,38,53,62905,13000,-2,3243,8624,9940,11200,1200,12000,12900,13042,17031,11255,11954,24140,-2,21300,23000,56200,38000,42174,34200,36000,44978,51000,-2,60530
5218,4,-4,1,1,9800,13695,58,49,51051,13644,11757,20000,22000,27900,-2,33000,32720,38000,50000,52977,70002,77000,80000,90000,52000,56800,58800,70000,65000,120000,90000,99000,114000,53900,118000
5219,5,-4,3,2,9846,13695,24,25,33664,13301,11757,20000,22000,27790,27020,33143,32720,38000,50000,68000,79000,86000,80000,99200,73000,89000,-5,83000,83625,88100,72200,70000,46000,54000,126000
5220,1,-2,3,1,-2,6500,23,25,33695,10000,6000,18580,-2,9520,13050,21900,-5,33000,-3,50000,48200,52550,55000,63000,48200,49800,55600,59000,99000,113000,116000,110000,157000,143000,174992
5221,4,13610,1,1,13610,12000,13,17,8837,45204,20249,18000,21050,24152,25370,19000,24000,20021,22000,48010,51700,49150,54600,49671,55000,60000,-2,109000,83000,83000,95000,100000,-5,-5,-5
5222,4,13016,1,1,13016,12000,46,40,46218,35000,15000,4680,6132,18600,15000,53800,52000,46000,38100,32000,38600,33000,44000,43000,70000,82000,55000,100000,120000,168000,220000,140000,243600,270000,400000
5223,1,28000,3,1,28000,40000,85,84,81232,12644,16000,19950,24500,23589,15005,58060,23500,29000,36000,35520,40000,46100,41700,51000,63020,56512,-5,-5,-5,-5,-5,-5,-5,-5,-5
5224,5,-2,3,2,-2,-3,-4,-4,-4,-3,-2,-5,18244,20320,22250,21500,24000,26000,24000,28240,18630,18500,-2,42350,74000,40500,72000,87000,47000,57739,79000,88000,135000,-2,-3
5225,5,-2,3,2,-2,-3,33,30,31975,-3,33150,26025,10000,11600,14000,17000,37000,50000,68000,46000,58150,60075,67300,71500,97500,72200,67000,-5,-5,220500,175300,210000,240000,261000,53000
5226,1,25487,3,1,25487,20000,90,81,83809,10500,19900,19600,18500,28400,34200,39000,39400,37000,39760,51150,55750,58100,56780,75000,67450,81640,88400,88500,86500,118100,140800,145000,120300,122200,-3
5227,1,23000,3,1,23000,40000,49,50,45579,40000,75001,-1,-2,14540,29000,44000,37050,33100,45150,36265,39150,51220,48150,50000,72000,-2,-2,69000,76200,-2,83000,101400,93064,106000,76900
5228,5,-4,3,2,-2,2000,42,40,50133,3000,3950,3000,3050,4000,10700,21800,23800,24800,26600,32300,-2,31000,-2,39500,79500,87000,105000,-2,479983,-2,137500,208000,-2,111000,36000
5229,1,23000,3,1,23000,35000,27,29,31929,-3,75001,-2,-2,32007,26100,-2,36200,-2,-2,53399,53900,56200,56154,70000,72000,73840,80100,-2,121941,105000,37850,101000,113600,81000,125000
5230,1,25000,3,1,25000,40000,12,15,10280,-3,1070,10240,-2,-2,3000,-2,16800,18000,62800,-2,23600,23006,7100,30000,16000,20,-5,-5,30000,-5,-5,17000,-5,-5,-5
5231,6,4500,3,2,4500,7500,12,13,13348,5000,-2,5127,25836,18288,17000,-2,16904,46000,33610,32000,36000,35000,45500,45000,63000,45000,52000,50000,74000,60414,43200,-2,51952,0,0
5232,6,4500,3,2,4500,7500,7,8,8659,5000,-2,-2,5000,-2,-2,6106,6182,3368,6870,5488,3220,9317,10801,-2,-2,-2,43750,65000,43150,-2,-2,-2,-2,-3,-3
5233,5,-2,3,2,-2,-3,46,39,50171,-3,70000,8500,13300,-2,4320,11500,12000,78000,40200,70250,-2,-2,1301,29960,-2,-2,66300,95000,63500,61800,-2,52000,-5,-2,3800
5234,5,20000,3,2,20000,30000,80,69,81675,-3,75001,-2,55000,-2,-2,-5,-5,-5,-5,-5,-5,-5,-5,-5,-5,-5,-5,-5,-5,-5,-5,-5,-5,-5,-5
5235,1,15000,3,1,15000,30000,14,9,13793,-3,15000,30000,3788,17888,26000,29000,38000,34000,30000,24000,41000,27000,-2,41000,33000,50000,52000,55000,70000,66000,128000,45000,0,0,50000
5236,5,-4,3,2,12430,14428,91,84,85912,18000,20900,36300,28700,32750,31711,41850,-3,39400,29000,33900,44522,44100,41649,61000,53565,64500,53600,79600,148400,-2,-5,-5,-5,-5,-5
5237,1,20000,3,1,20000,26000,63,59,69916,22000,2750,2300,-2,10000,10640,-5,16000,20000,45000,-2,44000,24000,12000,17600,-2,-5,-5,-5,-5,-5,10000,-5,-5,-5,-5
5238,1,15500,3,1,15500,3250,13,15,21710,16800,3000,8200,6000,9000,8400,3500,-2,-2,4100,14000,21000,-2,30000,-2,18000,28000,29160,18000,22000,24000,27000,40000,37550,41000,44000
5239,5,-4,3,2,4000,2200,25,20,11864,3500,8376,5712,2612,14500,16604,11186,10000,0,0,100,6095,9300,7128,9754,11472,9216,8580,18072,20652,16656,10200,12084,10284,10214,14016
5240,5,-1,3,2,-1,-5,-4,-4,-5,-5,-5,-2,800,-2,-2,-2,-2,-2,-5,55000,53000,58100,33000,-5,-5,-5,-5,112000,-5,-5,-5,-5,-5,-1,-3
5241,5,-1,3,2,-1,-5,-4,-4,-5,-5,-5,-2,3030,30000,3000,17400,39000,-2,-5,28005,28000,30000,-2,-2,60000,-5,-5,-5,56000,27000,10500,18765,41692,-2,158000
5242,4,21000,1,1,21000,7530,79,80,83443,17660,10146,7000,24100,-2,31500,72000,12600,7000,-5,-5,-5,-5,-5,-5,-5,-5,-5,-5,-5,-5,-5,-5,-5,-5,-5
5243,4,-4,1,1,5930,-3,59,55,47722,9980,9400,6364,4864,7075,13200,50000,-2,-2,-2,-2,35000,-1,41000,42000,37120,-5,-5,50000,49060,50850,55000,53870,35,200,0
5244,4,24000,1,1,24000,5200,41,43,46534,34000,6075,17000,4185,3800,-2,-2,17000,27058,34000,72000,66000,52800,78000,79000,45037,57535,59600,60000,60000,69000,80000,79000,76000,95000,99800
5245,4,12000,1,1,12000,22000,53,67,70640,34000,18000,27500,-2,7410,7700,12000,35500,24000,0,17500,39000,38000,46000,100000,96000,-1,128000,135000,160000,200009,250000,265000,265000,270000,268000
5246,8,12000,1,2,12000,17000,41,36,46743,25500,13500,17000,2550,2300,2850,-2,17500,-2,-2,37000,46000,43020,44000,48050,45900,66619,-5,46000,53000,51000,60000,58020,84000,82000,98000
5247,5,6000,3,2,6000,13000,52,52,55115,27600,11000,25000,30000,30000,30336,36000,35000,32000,35280,26560,29760,-2,-2,36000,28802,-2,18400,43000,59930,-2,34336,13884,13800,15816,-3
5248,1,15000,3,1,15000,25000,44,43,38094,-3,35000,-2,-2,42640,15000,36000,44000,48000,32120,58100,60360,68220,79380,-2,148920,135000,138000,164000,170000,179000,159935,146000,182000,177000,144000
5249,1,15000,3,1,15000,25000,65,50,56267,-3,6536,-2,10575,14516,-2,46430,-2,86500,75000,-2,-2,-2,-2,-2,-2,-2,18000,35000,36000,25000,-2,-2,-2,-2,-5
5250,1,15000,3,1,15000,25000,80,75,88662,-3,35000,-2,-2,3511,35800,52950,-2,89500,73202,53000,33000,28000,45535,66000,92395,157000,60260,105200,173000,129500,128500,181500,167500,203000,200100
5251,1,30000,3,1,30000,40000,20,22,15176,12439,15791,23324,23000,17240,19400,21300,18980,23000,21600,31050,42078,46197,46623,46000,47000,69000,72000,92000,103000,109000,126000,134000,120000,122000,159000
5252,1,30000,3,1,30000,40000,33,38,38320,4600,14100,13600,21500,28500,22000,25000,29000,24000,12000,28660,15000,20840,12000,19122,36126,15526,24496,22800,19800,35000,11291,27870,30000,45480,25000
5253,5,14000,3,2,14000,15000,30,29,35570,-3,13000,5606,-2,1180,10000,33500,-2,35680,-2,33000,39000,32500,50080,22000,27000,24000,32000,35000,43256,56000,55000,80000,80000,80000,84000
5254,1,24000,3,1,24000,-3,36,37,48244,22200,10200,10407,9245,22400,32200,26675,26040,51900,55500,74900,71450,71500,45000,94700,37500,105000,166000,177000,177000,205000,198000,203000,183000,221000,220000
5255,5,-4,3,2,7000,8558,28,21,12777,12404,19020,18224,20106,18235,17174,21287,33020,27100,27006,29603,41508,32333,29827,29352,41000,50752,59000,68008,66520,62582,68954,71263,78209,67418,-3
5256,5,14000,3,2,14000,31000,26,29,30913,16525,39000,45000,25800,15003,14502,15600,14140,37302,10100,7956,-5,-3,-3,18900,-2,31260,44880,68200,122200,83600,88000,98000,97148,97000,78000
5257,1,12000,3,1,12000,20000,30,28,21706,13714,21000,-2,19990,22500,19500,-2,13850,14177,15300,39000,-2,-2,26920,18804,-2,-2,-2,-2,95200,55200,-2,-2,22000,36000,102000
5258,5,11000,3,2,11000,20000,38,34,34971,14630,25000,-2,21382,24450,23500,29270,30020,33710,35325,37813,39683,-2,-2,49050,51727,59282,55800,65700,71050,78071,87150,80000,98100,87050,83000
5259,5,19000,3,2,19000,20000,19,29,27434,29000,44000,23234,9825,10934,11425,10940,-2,11150,22880,31595,33052,38030,40850,50000,42920,51000,52400,30000,25556,38750,17000,18180,37000,36100,69600
5260,1,24000,3,1,24000,25000,18,20,23608,-3,-2,34000,-2,-2,22500,0,7212,7212,-2,0,0,-2,-2,14400,7800,9960,9240,3492,6396,10680,-2,12000,0,4200,-3
5261,8,6000,1,2,6000,-3,42,36,38424,-3,23000,14755,25000,19300,25500,26300,25000,26572,36000,47000,40978,45000,45000,37000,67000,79000,103000,73000,126000,208000,70250,75094,75080,71328,-3
5262,5,-4,3,2,7200,7530,53,44,45691,7000,6900,10199,11889,11942,10493,13632,11008,16000,14000,9026,14230,14997,16000,17356,24200,27100,29000,36000,11500,21600,15600,22800,28800,40640,-3
5263,2,8000,3,1,8000,17000,66,62,67670,12000,19100,21000,25060,26200,29040,32500,37100,39060,37150,35100,64000,47060,-1,34100,70000,100100,50100,55000,91000,74000,94500,72820,28418,20224,40920
5264,6,24000,3,2,24000,9000,12,4,4008,35000,33000,32456,36711,60200,55050,65000,54000,-2,76350,73012,-2,89800,-2,-2,-2,-2,110200,120000,125000,181000,146000,120000,66000,100000,62000
5265,6,24000,3,2,24000,9000,4,1,921,35000,32500,15200,49800,58000,-2,-2,58000,59000,66000,64000,67000,64000,70000,76000,37000,-2,-2,-5,-5,-5,-1,56000,55000,56000,60000
5266,1,16000,3,1,16000,18000,40,45,55998,-3,-2,-2,40000,-2,25366,22822,-5,21500,28000,30000,34000,30000,21000,50000,97000,145000,180000,212000,479983,454737,440692,230000,280050,350000,350000
5267,1,13000,3,1,13000,-3,6,8,12390,-3,-2,14000,16144,17027,17045,17050,18050,18030,20290,21000,31880,33330,36200,51000,60200,53178,56200,63600,59000,76000,-2,62243,62120,62680,-5
5268,6,-4,3,2,4210,3967,82,69,75256,3472,16820,5250,4200,1600,31200,-2,20800,-2,48000,21100,-2,14000,-2,19000,27000,11000,17280,19000,11548,-2,-2,71800,-5,45000,20000
5269,1,8000,3,1,8000,5000,11,13,19642,7913,12880,11400,10325,17000,12000,18000,20000,8000,23010,26332,32452,21598,32000,48000,29330,67000,46204,58000,86000,90339,76936,0,2000,12200,-3
5270,1,9600,3,1,9600,800,25,25,19174,2540,-2,4050,6360,9260,3050,6500,3000,5000,13560,14500,4542,-2,19580,-2,7372,14400,-5,-5,-5,-5,-5,-5,-5,-5,-5
5271,5,-4,3,2,0,4696,37,39,36698,7010,9000,-2,15000,25000,16100,12972,20500,16068,11004,11152,9000,20800,-2,4000,23800,23600,48200,-1,55000,0,-1,-1,-1,-5,-3
5272,5,22000,3,2,22000,19100,39,32,28603,15000,5500,9100,330,7526,4544,7940,7840,11900,9540,10098,14900,9700,17260,14980,21040,23224,69334,23565,26036,27869,27262,30880,31740,31000,34000
5273,5,-4,3,2,600,-3,29,32,23306,15299,16500,-2,43900,36500,30129,23000,30320,26000,-5,0,852,10200,-2,0,0,-5,14480,4200,-5,-5,-5,-5,-5,-5,-5
5274,2,15000,3,1,15000,35000,32,42,42704,13498,11764,10400,38000,44300,72828,91200,100001,-2,30000,11100,-2,160097,26000,26700,31600,35224,33224,47500,47724,44880,25000,28000,22500,28000,20000
5275,6,-2,3,2,-2,49000,39,34,35112,6000,1400,4500,22000,6575,10500,-5,17400,39000,15000,15200,8916,4836,25290,21000,-1,6500,45000,-1,-1,-1,-1,-1,0,0,0
5276,6,-2,3,2,-2,49000,42,32,27089,4300,9000,15000,6700,-5,2400,0,7000,22600,63500,52000,36000,42000,32600,53600,104000,51900,-5,-5,-5,39100,48500,95000,55000,51000,96000
5277,6,6200,3,2,6200,4380,14,15,17534,-3,4000,3960,8464,7763,0,17000,10000,2520,7100,8264,11352,12300,7043,-2,8800,12600,10000,12120,10392,19000,19000,12000,-2,-2,-3
5278,2,6200,3,1,6200,4380,19,22,27724,4000,4100,3960,5224,7625,10600,7000,16339,34040,25040,24050,27000,44500,43001,72100,78100,82000,82500,89342,97500,33000,38900,70800,49900,-5,-5
5279,2,-4,3,1,3200,60000,7,8,9857,-3,-1,15000,4000,-5,-5,-5,-5,-5,-5,-5,-5,22000,27000,-2,-2,-2,390662,-5,97600,47500,-2,35000,65000,45000,48000
5280,6,-2,3,2,-2,60000,14,13,20101,22000,12280,20800,22000,22000,23000,29000,30260,53010,53263,35592,35000,44840,47500,46000,47408,37400,43000,56299,75000,30000,35533,93200,-2,30000,31000
5281,2,-2,3,1,-2,60000,8,10,14764,22000,20000,-5,-2,9072,12277,-5,9000,17240,17000,20800,21300,22000,-2,-2,51000,34000,70000,71000,63800,58918,83000,54041,90993,84000,-3
5282,5,8000,3,2,8000,12258,32,35,33086,-3,-2,8900,4500,8000,3800,12000,15050,13000,16000,21124,22300,22800,64000,59200,-2,-2,-1,-5,-5,-5,-5,-5,-5,-5,-5
5283,5,8000,3,2,8000,12258,12,16,12705,10000,13964,12166,14294,4300,-2,-2,23700,8320,-5,20000,10000,20400,0,-2,14760,9232,14172,7660,-5,-5,-5,-5,-5,-5,-5
5284,1,8000,3,1,8000,12258,37,41,46376,-3,2400,38000,14500,-2,12000,14400,3580,22240,14298,18937,23500,22000,43560,47000,58000,69000,82000,38984,72000,52000,45000,38000,43000,50000,54000
5285,5,-3,3,2,-3,18300,1,1,1033,-3,-2,2025,1541,2940,3480,4416,7176,9112,7452,9170,16732,8352,7711,6168,12000,50000,-2,70000,-2,70000,30960,25000,30000,35000,36000
5286,5,-3,3,2,-3,5236,22,28,32231,3584,6408,8400,8652,10612,1466,-2,17000,15000,18300,19000,24060,18000,22500,35172,35000,43000,37000,40000,45000,40000,35000,45000,45000,40000,50000
5287,5,40000,3,2,40000,47000,93,81,79838,6204,10129,17620,39130,-2,43025,13030,19492,36100,36530,41000,40737,43050,46064,47000,60000,65000,70860,15500,21205,40700,49158,40500,41900,35500,36000
5288,5,7350,3,2,7350,75001,35,25,22097,31100,31025,33300,32650,41550,42045,45600,49100,44500,43200,42400,48200,43500,62030,75050,80100,80000,86000,88000,82850,94800,84602,-2,146362,94663,140010
5289,5,7350,3,2,7350,75001,96,92,88294,3400,3070,10500,16300,26900,31700,19500,19990,26030,-3,47000,56500,-2,60000,50000,58000,72000,95000,90036,111564,115500,104057,115500,-2,136048,-3
5290,5,7350,3,2,7350,75001,58,53,44807,-3,19603,22200,24065,29300,40750,54894,78000,59700,68800,-3,82200,69500,81000,24000,75150,95000,-1,-1,151550,140200,-2,-1,-1,210000,241400
5291,1,7350,3,1,7350,75001,13,13,15276,0,3000,-2,22138,21765,25289,27382,38444,38480,46000,41690,45790,53115,61000,95664,86224,70000,67704,83000,90500,258000,136290,141900,97000,96800,79570
5292,5,6000,3,2,6000,2884,44,52,56368,18500,23824,-2,29500,22500,32609,35460,40100,16640,14600,16500,22984,19000,17000,22000,-3,67900,65136,93708,30480,0,30000,35900,41550,50300,53000
5293,5,-2,3,2,-2,8266,14,14,19493,602,5187,6125,11257,8600,15000,49500,33020,33000,36020,34050,32000,-2,32000,-2,42072,33000,34200,34000,43000,100320,90339,42696,65568,69168,56449
5294,5,-4,3,2,20474,21694,36,35,27953,18059,5500,12472,9392,33136,25760,32200,41568,40980,43000,45020,59760,40000,26574,80113,60000,-1,54000,55000,16000,20886,18880,16260,18312,17028,-3
5295,5,-4,3,2,11220,12110,62,71,57940,13950,75001,75001,21500,100001,100001,23500,100001,28500,146942,27200,31200,32200,42700,-2,88900,93600,120200,69000,70800,69500,72000,75000,75000,75000,75000
5296,1,-2,3,1,-2,27000,62,74,74661,16000,32000,30000,6879,9755,9630,11800,-2,32942,25805,31029,23000,34077,18871,11770,28800,18000,-2,-2,27000,-2,29460,24000,36000,28500,23000
5297,1,-1,3,1,-1,27000,6,14,15080,16000,32000,30000,27000,8700,16000,3600,-2,3870,-2,-2,10645,-2,-2,-2,17948,22000,-2,17404,1950,14724,23310,5040,14256,37976,32964
5298,5,-1,3,2,-1,27000,30,35,45904,16000,32000,30000,27000,2175,4118,-2,24661,15107,-2,10303,6502,20271,22997,24000,37200,56000,59000,68005,64383,58782,72228,0,15600,14400,15600
5299,5,20000,3,2,20000,-3,81,74,78135,3840,12520,21550,31100,29100,31025,47200,66200,86100,75300,55500,839078,-2,189918,-2,-2,332808,200000,234000,245000,248000,260000,258800,265800,270000,-3
5300,1,0,3,1,0,-3,36,40,50321,9000,11000,13900,5500,2100,3000,3600,7000,24000,-1,68000,-2,-1,-1,-2,-5,-5,-5,60000,63000,48000,-5,-5,-1,-1,-3
5301,5,8386,3,2,8386,26000,75,76,86332,31410,46900,9800,8900,11000,14500,31150,35000,39030,21050,44211,41200,38000,48015,-2,-2,97300,53200,60500,55017,58001,54600,49100,65100,48500,49000
5302,5,-4,3,2,-3,8012,81,72,74357,27084,7097,26680,35000,32175,-2,10000,-2,-5,-3,-5,-5,-5,-5,-5,-5,-5,-5,-5,-5,-5,-5,-5,-5,-5,-5
5303,1,-3,3,1,-3,18000,41,44,43785,6000,13850,13050,33200,13000,12188,18000,20000,-1,-1,-5,-5,-5,-5,-5,-5,-5,-5,-5,-5,-5,-5,-5,-5,-5,-5
5304,1,-4,3,1,-3,-3,91,90,92804,26000,11000,36000,35000,27885,30000,32000,-5,-2,19406,-1,33000,37160,35900,49600,47000,90000,150200,120800,108800,129200,137000,-5,-5,-5,-5
5305,5,2054,3,2,2054,26000,27,22,33128,25000,17000,9270,12506,24710,26015,23025,26050,35000,40200,37500,53500,54500,-1,-1,84000,100000,-2,75600,100000,105290,-2,100000,-1,-1,-3
5306,1,-3,3,1,-3,19000,25,23,31939,16500,22000,21000,24050,16020,20504,18000,23010,28000,28874,19000,32010,37000,29800,37000,47900,56000,59000,68000,69800,73010,77000,92010,96000,101010,112000
5307,2,2882,3,1,2882,16790,22,26,22362,5599,22000,19000,12760,18337,20300,19000,28000,25100,30542,28796,43000,33763,35000,38100,43200,50000,48000,55000,47000,53000,75000,57000,70000,60000,-3
5308,6,6608,3,2,6608,-3,15,9,4171,3156,8915,5868,10142,9893,-2,8696,9000,2400,10926,9336,12116,22854,21069,22563,19582,38456,33370,37516,46480,53480,48773,47093,71004,72000,70000
5309,5,-4,3,2,13000,-5,-4,-4,-4,16141,17728,19500,21764,21400,23500,30300,24700,28300,33600,31000,31000,-5,40400,43000,36749,-5,-5,-5,-5,-5,26619,35867,28000,27000,31000
5310,5,20765,3,2,20765,18000,91,80,84207,-3,20000,6000,-2,20000,23700,43600,56900,61487,66000,52050,40700,14700,39614,48671,-2,115100,106000,176646,200950,175200,175172,85000,-2,178600,-3
5311,5,-4,3,2,8420,13325,43,39,34370,-3,4289,7222,14000,0,14000,14000,-5,14400,32000,32000,60928,9400,-2,9476,0,9132,-5,10000,10000,-5,-5,-5,-5,-5,-5
5312,1,20000,3,1,20000,5920,16,16,21280,-3,250,900,6340,44000,3500,2200,4500,-2,7248,35560,11040,905,3700,22840,6200,26000,-2,80000,-5,35000,-2,-5,-5,-5,6000
5313,1,-1,3,1,-1,-3,41,40,48498,-3,15000,-1,13010,18000,23108,69440,30910,30960,31206,34264,43600,52540,46380,58790,36200,140000,27000,35000,27000,-2,42215,58000,71825,79390,85000
5314,5,22000,3,2,22000,21000,48,44,53171,27500,24000,28000,13200,22067,24893,25100,46100,60684,50400,56200,41600,38500,45936,50700,49900,58531,60000,60000,68000,78000,82000,88000,85000,-5,-5
5315,5,19000,3,2,19000,19600,55,52,52155,19120,23350,22400,22500,26000,38200,26500,-2,39000,36000,40000,33500,76000,-2,24996,19500,23900,23000,-2,57000,3000,37800,9400,9820,4200,-3
5316,1,19000,3,1,19000,19000,81,80,85107,30000,11700,4800,21730,19800,16669,54232,20601,25050,33004,41000,47005,97000,44050,57000,55600,55000,50000,64006,73900,73800,86000,64525,74800,76500,14000
5317,5,19000,3,2,19000,19000,68,61,76530,30000,-2,20000,2866,6150,8652,25000,6450,22100,17200,11960,7248,12192,14898,9556,28646,10920,21757,19248,15480,16204,22722,69400,110000,100000,108000
5318,1,11000,3,1,11000,15600,83,81,75732,-3,7880,25000,21900,39329,14222,13384,21390,19392,31800,10750,12851,28334,9600,26339,14160,18000,20000,18000,41360,35600,11824,24005,26960,33708,34340
5319,1,14500,3,1,14500,19750,98,98,98955,-3,24000,4708,3291,22000,17040,27000,-5,-5,-5,-5,-5,-5,-5,-5,-5,-5,-5,-5,-5,-5,-5,-5,-5,-5,-5
5320,1,9500,3,1,9500,6000,10,7,7224,-3,14000,11973,20000,-2,-2,14040,-5,-5,-5,-2,-2,-2,-2,-5,-2,25000,-5,-5,-5,-5,-5,-5,-5,-5,-5
5321,1,-4,3,1,-2,10946,80,79,72920,-3,3949,9075,8000,8020,6012,7200,5008,12010,5512,17896,19874,32618,16375,29500,18000,22000,26000,38000,21086,39025,42050,-5,-5,-5,-5
5322,1,-4,3,1,-2,19271,40,42,34225,10858,15037,15981,11708,18810,18279,18200,34500,33200,24900,33317,24256,31200,51500,60050,66200,-2,21010,-5,-5,94000,10000,48400,25095,140000,45000
5323,1,12000,3,1,12000,3657,7,10,11326,14060,-2,8000,1200,-2,12000,-2,-2,-2,-2,-2,-2,-2,-2,-2,-2,-2,48500,-5,-5,23000,-5,-5,24600,12432,12432
5324,1,12000,3,1,12000,-5,-4,-4,-4,1800,-2,-2,8500,1700,5700,2000,2464,768,19000,36928,8476,-3,11112,7788,23416,6552,12540,18000,3600,22600,19200,0,12108,11700,10800
5325,5,-4,3,2,11019,10780,90,86,88694,15850,21050,-2,27600,31060,44700,100001,81500,100000,90000,159805,100000,100000,100000,-2,-2,145000,118000,408473,50600,85000,47000,85000,80000,76500,85000
5326,5,6000,3,2,6000,6000,90,93,88590,-3,1060,4530,10030,20680,23850,25400,29400,26700,27700,69400,67500,-2,-2,-2,87000,94000,78000,32200,45000,47000,47000,56000,57000,65000,63600
5327,5,20000,3,2,20000,10926,62,62,60895,25725,20410,26610,20300,13050,17030,27500,27200,30110,30550,30050,28125,29025,42000,-2,59720,30000,-2,42640,63000,48650,46000,43744,30000,-2,-3
5328,5,15200,3,2,15200,-3,33,35,39649,9250,40000,50492,-2,70000,45000,57288,-2,37000,49700,48005,50000,48000,-2,44000,244343,67948,38000,34120,64256,22080,27108,28272,-5,-5,-5
5329,1,15200,3,1,15200,15000,20,22,20657,24000,44000,50492,-2,74000,18619,57610,20360,27000,37000,28000,33880,45000,45000,28000,36000,43000,55000,47000,51000,61800,-2,49000,57000,49000,62150
5330,5,15200,3,2,15200,15000,67,53,64846,24000,40000,50000,13678,15349,12000,19000,16481,20020,27700,31535,-2,-2,-2,25151,31940,34240,36900,58320,38688,71482,53600,47300,48000,77350,78200
5331,5,25000,3,2,25000,42000,-4,-4,-4,11840,11450,12200,15140,16079,17450,23000,700,2350,1300,3250,5650,5932,10050,15110,16792,18601,13800,20500,21600,20160,22200,22200,22300,2400,20900
5332,5,25000,3,2,25000,14417,85,80,83449,14034,20047,25050,27124,28780,30200,35400,35600,35500,38500,38500,38700,40600,40500,52500,44450,55000,70000,75000,75200,75400,85250,105200,85400,90400,70400
5333,5,-4,3,2,10058,10040,42,53,54144,-3,14300,18000,-2,13640,14277,16000,21120,15135,17615,12600,23976,15800,10846,-2,30000,32800,33000,61200,30600,18085,11703,34068,24863,37295,18136
5334,1,30000,3,1,30000,34000,60,64,59959,2072,700,2200,8050,38300,43100,45500,56000,59000,59000,51000,49500,53000,55400,51000,51000,65000,73000,97000,75000,80000,32904,53000,115000,120000,96000
5335,1,-1,3,1,-1,-3,65,56,55057,-3,20006,18000,22070,-2,15099,22100,21080,20300,25100,28200,32200,40500,47000,-2,-1,-1,-1,-1,-1,-1,-1,-1,-1,-1,-3
5336,1,-1,3,1,-1,-3,28,28,36242,-3,-1,-1,-2,-1,21000,31000,31050,35530,-5,-5,-5,45000,46000,48800,51787,60660,67000,31000,-5,58000,59024,48800,56462,35000,35500
5337,1,40000,3,1,40000,5700,50,49,42661,4008,443,1272,18000,12000,10000,6700,5500,10000,-3,16148,10338,-3,12400,14767,10500,18000,43000,40000,42000,50500,20012,16056,19012,15000,12100
5338,5,17000,3,2,17000,-3,29,35,52599,5167,10746,392,6090,7399,13537,4875,10844,5589,7512,8060,12934,6410,12694,-2,-5,21784,38929,13870,36193,69000,73891,-5,75000,118000,114000
5339,6,-4,3,2,4642,12788,73,69,65819,-3,9502,9919,19081,18813,21782,23863,25018,25684,29505,29000,32775,37358,10901,19391,-2,25000,95870,80000,88550,74000,65001,78000,113000,221097,30500
5340,5,30000,3,2,30000,-3,16,19,20057,-3,-1,70000,-1,9550,9000,-2,7000,10000,12000,8500,11500,12000,-2,-2,32000,15000,14000,21776,19600,21148,-1,17600,20800,9600,10845
5341,5,30000,3,2,30000,-3,82,85,91407,32000,-1,70000,75000,11780,20930,29050,32080,46400,44070,60200,68200,76080,65050,68100,114500,100000,115000,70500,72050,116800,130050,150500,149000,144800,145200
5342,1,30000,3,1,30000,-3,58,67,71119,-3,-1,-2,7000,4150,7100,31350,49500,52000,58150,55500,59200,72200,61500,51500,56500,50000,72000,92500,110700,92000,116500,173000,201000,147500,233000
5343,1,-1,3,1,-1,-3,52,57,54256,32000,35000,-2,43000,55000,37700,44000,44000,51560,59100,59035,-2,12100,-2,59200,-2,-2,75165,-2,89000,91000,104525,102250,113342,89057,90000
5344,1,-1,3,1,-1,-3,44,44,47881,20000,35000,-2,50000,55000,44000,52825,11504,11100,14377,12512,26930,160097,40620,-2,48030,30220,70620,87400,-2,92180,63297,80000,76700,81000,76000
5345,1,-1,3,1,-1,-3,79,65,73369,-3,-3,-2,48000,55000,15250,42800,72300,49400,44400,83200,40600,160097,189918,153000,74500,-5,-5,-5,-5,-5,-5,-5,-5,-5,-5
5346,1,-3,3,1,-3,-3,63,53,69509,-3,-2,-2,48000,50000,29200,30650,33050,37600,36500,42500,55900,47500,50300,90500,83000,-5,-5,-5,-5,-5,-5,-5,-5,-5,-5
5347,1,-1,3,1,-1,-3,39,40,47259,3500,9500,18310,13020,16524,28428,-3,37100,34030,26345,35012,34050,29092,36075,42000,58600,50000,100000,55000,80000,90000,103000,118000,139000,118000,200000
5348,1,-1,3,1,-1,-3,53,66,71464,-3,50000,30000,25000,40000,6030,36400,50400,62110,69725,78750,80000,97000,189918,116500,128400,129000,126000,142000,170040,179150,182030,125200,130015,138000,145050
5349,5,35000,3,2,35000,43800,58,50,55017,42000,6250,11000,18696,18300,17002,26000,26794,26020,29040,26380,35973,34066,30616,39116,40759,36538,48286,47000,55895,71589,82300,63902,31740,-2,20938
5350,1,25000,3,1,25000,35000,11,12,12563,30000,20000,2250,10000,9000,24000,22000,22280,22500,24000,30050,35000,35000,16000,17000,22000,21700,24600,28000,36500,38000,14000,35000,-5,-2,-5
5351,5,25000,3,2,25000,35000,65,78,84304,30000,20000,-2,12500,13700,7010,18000,27100,29550,32000,32150,36400,13650,24200,27700,24680,-2,69000,71000,101100,83650,60734,63700,68000,80100,60000
5352,1,38000,3,1,38000,35000,57,64,63248,40000,12400,12225,18517,20144,21125,31200,35200,37300,37300,40500,45200,37300,37500,76900,151700,100800,104300,102400,113600,103106,66000,104000,100000,94000,96000
5353,5,21732,3,2,21732,30000,51,51,62412,21600,7200,35000,46200,2000,7720,-2,-5,8000,14400,14000,12000,10000,10000,19400,-1,38000,-1,-1,-1,-2,-1,14000,21200,14400,-5
5354,1,-3,3,1,-3,30000,37,34,31190,3000,-2,35000,-2,6475,780,5000,-2,10000,13200,23000,7500,-2,8500,12500,21500,13500,-2,-1,18500,25000,26000,-5,-5,-5,-5
5355,5,25500,3,2,25500,26000,86,82,73102,30000,3000,4300,8050,20000,2300,25010,25000,33100,33200,59000,57000,58200,66250,62300,-2,-5,-5,-5,-5,-5,-5,-5,-5,-5,-5
5356,1,12000,3,1,12000,12200,49,58,69093,13850,16750,5060,3622,5530,5103,66800,23000,37020,34484,40025,37780,43700,-2,46700,48644,44000,58900,93000,92000,113300,101840,128600,132972,172800,172800
5357,1,12000,3,1,12000,12200,17,19,26187,13850,16750,9500,9900,18000,8000,7500,15000,16080,25000,17000,17000,18000,20010,20000,22000,24002,31000,38500,34000,34500,36000,36000,60000,32500,5000
5358,2,10200,3,1,10200,13800,59,69,81396,14000,13000,14000,9872,14050,21600,34100,-3,42200,46600,44000,60100,75000,100000,120000,244343,-1,75000,65000,55000,68015,72172,93000,6010,60250,-3
5359,1,12000,3,1,12000,20000,88,84,70599,28000,25000,29000,-2,18000,8210,10615,9700,11700,11050,13000,12000,13000,20000,9500,-5,-5,22000,-5,-5,-5,-5,-5,-5,-5,-5
5360,5,-4,3,2,433,5000,44,47,55327,15750,12176,8351,9072,12179,100001,9136,17617,26562,18185,17822,21000,19900,26000,7700,18800,-2,-5,-2,65575,42201,34625,35200,41000,-2,43800
5361,1,7331,3,1,7331,5700,35,38,44732,2135,4100,6544,6320,8196,15520,-2,11188,19804,14060,19774,21160,21921,-2,33811,20300,13000,11546,8205,7000,14228,19224,8000,-5,25000,24000
5362,1,20000,3,1,20000,26200,69,59,61583,6700,6010,7300,10200,24100,40342,17500,33300,28000,35000,33000,37050,-2,44420,-1,55000,50500,55000,60000,56000,77000,70000,72000,79600,98010,74145
5363,1,20000,3,1,20000,2000,22,30,30514,2372,10620,7850,10600,22873,28000,27000,20000,29000,34500,30000,35005,32000,39000,42000,43000,64600,64500,61500,135000,101978,-2,72000,139000,132000,160000
5364,1,20000,3,1,20000,26200,19,20,25834,32000,1500,3600,8066,10669,20793,31300,23160,29890,30150,23995,14100,-2,-2,42200,81200,80000,42000,90000,49000,34200,40000,38000,32000,37000,39000
5365,1,20000,3,1,20000,26200,14,14,18621,32000,25000,27000,25000,7190,-2,29330,18800,-3,-2,15850,8880,-2,7440,12500,34000,35000,50000,95000,105200,110200,120100,120000,130009,135000,145000
5366,1,20000,3,1,20000,20000,80,87,89755,24000,25000,34400,44000,20000,-2,40500,53600,29300,30800,38000,32000,35500,35400,34000,34500,38600,38200,51000,53500,37900,52000,92000,96200,90100,105200
5367,1,20000,3,1,20000,20000,51,74,76093,24000,25000,34000,44000,20000,6272,-5,-5,-5,-5,-5,-5,-5,-5,-5,-5,-5,-5,-5,-5,-5,-5,-5,-5,-5,-5
5368,1,-1,3,1,-1,-3,74,86,84609,-3,12140,13800,26200,28150,-2,35000,37150,43075,54100,50100,51050,55100,57100,97000,63000,77000,78000,90000,123000,185000,182000,151000,595986,329000,-3
5369,5,-1,3,2,-1,-3,63,62,57969,-3,11780,12060,16000,18000,26041,-2,44300,58100,51200,56300,37720,47000,63700,40000,43120,55000,62000,166000,137000,210100,120100,77000,25160,132072,92600
5370,5,-1,3,2,-1,-3,17,17,26595,-3,-1,405,-1,-1,27500,-2,-2,-2,22440,21700,25457,-2,-2,-2,35020,45500,62000,50932,64000,58900,17510,61001,70000,87002,-5
5371,1,40000,3,1,40000,40000,67,46,49997,10030,3784,10300,14065,8100,8837,20050,27575,44100,47000,35090,67096,81125,44530,46175,52120,46000,46000,125000,-5,38200,-2,-5,-5,-5,-5
5372,5,20000,3,2,20000,25000,88,87,87078,25000,30000,36000,40000,-2,26530,30060,32986,39773,41754,47100,55035,47670,-2,70600,-2,80200,110000,120000,137300,140200,-2,124000,81000,81000,98000
5373,5,20000,3,2,20000,25000,84,92,90958,25000,30000,36000,3020,6750,18700,32005,19415,21050,33025,29925,20359,24750,24500,12,31103,38000,42000,46000,77000,75000,100000,104000,112000,110000,135000
5374,5,20000,3,2,20000,25000,60,66,76589,25000,30000,36000,40000,1813,8157,4735,38320,44520,44720,46800,46020,51300,55400,62514,70860,68012,74400,71710,77700,87000,91150,94000,113700,102620,114850
5375,2,5428,3,1,5428,12700,5,8,5863,3246,4545,-2,5000,-2,-2,-2,11020,12500,17000,16500,17000,17186,26000,18000,17000,15802,23000,36280,25056,-2,13464,14808,15636,15900,-5
5376,5,30000,3,2,30000,34000,68,68,83858,38122,48000,2700,5631,7655,15400,5928,6060,9692,6000,9440,10240,12018,10035,-2,-2,20000,280,3060,12656,12016,6404,14512,2318,7428,2508
5377,1,22700,3,1,22700,30000,92,80,85856,29000,32000,36400,30000,15132,14150,15150,15150,38574,7200,11100,24050,24050,32030,29100,28100,42050,36050,25023,56100,55026,55387,53000,85100,85188,125100
5378,5,22700,3,2,22700,30000,31,32,50793,29000,32000,36400,30000,13220,16143,21515,18517,23600,25920,31020,38250,35100,38050,32060,39040,12550,-5,-5,-5,-5,-5,-5,-5,-5,-5
5379,1,-1,3,1,-1,18000,32,25,29795,-3,40000,27000,8000,10000,13400,12000,14000,14300,21000,18025,20864,15000,19300,22000,57000,80881,80000,67000,84000,84000,95000,113000,106500,120000,110000
5380,5,-1,3,2,-1,18000,12,16,24032,-3,40000,27000,-2,-2,-1,-5,-5,-5,-5,-5,-5,15600,-2,-2,-2,-2,-1,5460,7368,7788,8190,-5,-5,-5,-5
5381,5,1200,3,2,1200,18700,95,89,97117,23000,27000,2428,7174,7100,7024,7120,6533,8104,9668,7680,9856,9864,11184,30214,37520,40430,40400,42700,47200,52420,77000,109820,157020,145010,253000
5382,1,18000,3,1,18000,9984,51,56,64799,4940,10100,31000,-2,-2,-2,-2,15250,32500,37050,36600,46200,-2,53200,53000,-2,-2,-2,82000,147000,91200,105000,-2,137000,-2,-3
5383,1,28000,3,1,28000,10000,54,42,46233,-3,10000,18000,15035,0,15000,20000,65200,60000,20000,51000,43900,8000,38756,974100,42500,43000,64000,77500,153500,202500,64000,100000,-5,0,50000
5384,1,28000,3,1,28000,10000,63,55,58886,-5,-5,-5,-5,-5,-5,-5,-5,-5,-5,-5,-5,-5,-5,-5,-5,-5,-5,-5,-5,-5,-5,-5,-5,-5,-5
5385,5,28000,3,2,28000,10000,46,42,49694,-3,-2,18000,30000,-2,-2,11000,-2,36000,35500,70460,12280,20000,50000,72100,-5,79000,207500,60000,183280,151000,116000,-5,-1,-5,-3
5386,5,25300,3,2,25300,30000,83,82,75474,40000,6540,3150,6600,17908,20200,24120,29300,34400,35500,42400,52000,58500,66000,-2,125000,332808,390662,408473,-5,-5,-5,-5,-5,922631,-3
5387,5,21544,3,2,21544,7500,73,64,68918,-3,10000,41000,3006,4205,14000,26400,-2,19200,70000,0,7127,18000,34000,49752,38600,45000,33100,69888,103464,-1,44493,50200,57800,38000,42000
5388,5,21544,3,2,21544,7500,99,94,93238,-3,14000,4909,5800,28300,31500,39450,36500,27000,53000,83000,839078,72000,189918,87500,94000,-1,-1,-1,-1,-1,-5,90000,125000,-1,-3
5389,5,21544,3,2,21544,1400,99,93,93533,3700,34400,32125,35950,42800,46000,49000,49700,56500,44000,45000,61000,-2,67000,68500,82000,78300,42500,109000,116000,132000,120500,119000,70000,55000,76000
5390,2,-4,3,1,9680,14520,84,79,71096,17065,16014,-2,17200,19050,20258,25475,23000,29775,-2,-2,-2,-2,37100,60500,-5,75500,73000,80500,91000,96000,100000,114000,-5,-5,124000
5391,6,-4,3,2,6000,14020,60,52,43898,17065,16050,16540,17350,19050,20598,23535,-1,31175,25326,34250,33535,44935,37100,61800,-5,80200,-2,85000,-2,92000,110000,-5,-5,-5,120000
5392,1,22940,3,1,22940,23000,77,68,72595,26000,3900,7700,8900,10374,13492,12593,79580,89000,-5,11000,14000,58000,37127,-2,25645,48000,49400,75583,82500,91000,90000,84000,117526,97132,101228
5393,5,12000,3,2,12000,-3,83,79,82352,-3,10000,10000,8900,7760,6600,9000,25667,14703,23500,26000,38252,32900,36005,44260,51493,49056,53911,78000,68050,41700,440692,83896,87900,102200,-3
5394,1,15000,3,1,15000,26000,58,61,71790,24000,25000,25000,25000,34500,20000,5000,33000,33600,38030,39200,53830,40000,31500,40000,50000,40030,38000,40000,44500,77500,80000,100000,105000,110000,121000
5395,1,15000,3,1,15000,26000,50,49,63289,24000,25000,29000,30000,34500,-2,28900,25400,21000,34045,37100,38400,61150,41000,43025,45250,46420,51357,59210,67036,68000,86035,80050,79500,80000,83000
5396,1,-2,3,1,-2,-3,71,58,55256,9420,10000,10000,16900,16400,-1,18150,-1,-2,-1,-1,-2,-1,54200,-2,-1,-2,77500,-1,-2,-2,-1,-1,-1,-1,-3
5397,5,8000,3,2,8000,2700,93,86,71140,23797,-2,29910,41400,31600,32800,51100,50100,42050,74200,42050,57020,-2,36967,44000,40400,56450,390662,52020,63103,49126,89000,110012,188000,109800,99700
5398,1,8000,3,1,8000,-3,70,70,82620,-3,-2,5600,15000,-2,15000,30000,25000,24000,37000,59500,66000,79000,87000,54000,68000,120000,90000,92000,205000,-2,170000,197000,255000,922631,275000
5399,1,-1,3,1,-1,-3,54,55,59726,-3,-2,10000,60000,40000,15015,74300,16200,22500,26190,24400,20000,17030,53150,41540,40300,56250,-2,78200,50500,61000,70000,70100,151000,55000,70100
5400,1,-4,3,1,14000,-3,46,50,37958,-3,-1,-2,-5,-1,33080,-2,50435,-2,44000,-1,-1,-1,51000,-1,-5,-2,-1,-1,-2,-1,-1,-5,-5,-5,-3
5401,1,35000,3,1,35000,-3,94,81,87434,-3,10000,30000,60000,50000,-2,100001,-3,71200,56000,55000,57400,-3,40000,48500,62200,48600,41000,102000,127400,105000,93300,115050,140000,110000,190200
5402,1,20000,3,1,20000,7000,27,21,11551,10010,6800,9000,36000,16000,15000,20000,18000,25000,37000,38000,40000,40000,34000,47000,70000,70100,70000,77000,90000,85000,90000,90000,95000,95000,98000
5403,5,20000,3,2,20000,30000,54,43,45003,20000,28000,5800,3600,-5,-5,-5,-5,-5,-5,-5,-5,-5,-5,-5,-5,-5,-5,-5,-5,-5,-5,-5,-5,-5,-5
5404,5,20000,3,2,20000,30000,48,44,56704,20000,2430,18000,11500,12500,19500,19900,21000,68000,23600,26000,25060,28004,29010,25000,34300,33200,35000,33400,29525,31250,35850,36000,36000,146400,148000
5405,1,3790,3,1,3790,-3,67,51,65766,-3,30000,-2,17510,5000,80000,0,-2,-2,22800,55450,45460,37550,48880,974100,53000,57000,59500,37500,117000,154000,242040,180000,99500,130000,76500
5406,6,-4,3,2,7850,10576,83,63,48500,6940,9025,-2,36200,8500,11500,14000,29150,29228,31000,36730,38000,41000,46500,46100,54200,-2,80000,87000,77000,97500,90000,90200,109150,95100,105000
5407,1,10000,3,1,10000,1400,16,14,18973,1800,14000,6883,6724,23000,35000,24000,29629,38580,25000,-3,38000,21000,11000,18000,23000,-5,10000,35000,20000,21000,27150,28000,-1,35000,15000
5408,5,5000,3,2,5000,-3,35,37,44815,40000,30000,1200,14430,9100,13000,30700,34500,41000,45000,45250,61000,67000,69200,1500,1350,49400,32500,-2,80600,97700,102000,40000,58000,110000,108000
5409,5,-4,3,2,-3,12240,30,28,37970,20000,20000,16900,23480,20200,30180,37000,29840,37650,35000,35200,39500,55000,54000,52000,66000,102000,122000,120000,160000,126000,127000,122000,-2,-2,120000
5410,1,15000,3,1,15000,10000,73,76,81450,14025,20000,20000,2800,900,1150,6000,32200,14500,17550,19050,50150,50300,55700,99500,54496,70300,76700,85500,60000,39500,1000,-2,80800,80600,140000
5411,1,-1,3,1,-1,-3,13,10,15728,-3,4500,8500,-2,-1,-2,10100,5000,-5,-5,-5,-5,-5,-5,90000,10200,-2,67000,-1,140000,454737,-1,-1,-2,-2,200000
5412,2,-1,3,1,-1,2400,98,92,94550,6300,8540,-2,18735,14400,18035,18012,18200,17150,24050,19519,30100,28845,-2,57015,40125,84500,99062,113050,115500,127856,159700,116096,94150,126800,117620
5413,2,-2,3,1,-2,-3,40,45,41725,13000,14000,0,8000,-2,-2,8800,-5,7800,9830,10054,28800,-5,-5,34000,-5,36000,44400,45500,-2,83000,-5,-5,-5,-5,-5
5414,2,-2,3,1,-2,-3,40,41,42595,13000,26200,-2,11200,15200,20100,34000,-5,29460,42200,15827,11705,-5,-5,110000,-5,332808,-5,210000,-5,30000,64000,-5,-5,-5,-5
5415,2,-2,3,1,-2,20000,53,63,45924,3325,13265,11762,11950,11560,13520,17700,19129,22750,22230,28474,25850,30050,30000,38018,49152,59100,47000,85025,68900,72350,80000,90000,105800,84000,-5
5416,2,8000,3,1,8000,16000,98,97,97935,2700,7980,14500,22500,31000,55000,43700,100001,75000,87500,-2,94000,83450,73500,119000,52000,58000,41000,56000,57000,-2,48000,60000,71500,104000,101000
5417,2,8000,3,1,8000,14000,85,74,79360,2950,5800,11040,16050,8600,11780,23000,15000,17050,28500,37000,37100,35000,189918,80300,133500,108000,100000,408473,479983,100000,150000,497763,200000,30000,100000
5418,2,8000,3,1,8000,14000,48,52,50639,22000,3050,8635,11600,23000,48800,28400,57000,50000,50500,63500,73500,58500,-2,66000,-2,75500,65650,71200,60300,85000,27900,71105,75000,80200,95000
5419,1,14000,3,1,14000,12000,87,91,87220,-3,-2,-2,29725,18607,23680,27900,41900,49700,54800,64100,65900,57400,59300,73378,74000,-2,112000,114000,116000,151150,184000,221500,237000,245000,275250
5420,1,14000,3,1,14000,12000,89,87,91807,16000,-2,-2,-2,21125,10000,32025,35200,42500,28500,62500,48400,47700,55000,74100,78150,85500,97300,118000,144000,133000,128000,170500,210500,220000,230200
5421,5,13000,3,2,13000,3500,82,76,80022,-3,-2,-2,-2,11750,20000,26700,33200,37400,42400,44900,38450,34600,32200,84500,38500,53500,51000,-2,33000,60000,78000,96500,84800,81500,-5
5422,5,-4,3,2,-3,13400,75,71,67479,18857,17500,-2,6934,9754,21890,-2,29248,34500,-2,29648,-2,-2,-2,41200,48096,49000,57000,-2,81600,86794,90280,-1,88000,84000,56775
5423,2,5660,3,1,5660,-3,1,2,371,-3,5452,2585,-2,7824,3372,4200,9864,5160,24016,-3,5664,6576,-2,11364,-5,-2,5532,0,5484,13044,14556,14955,13200,-2,-3
5424,5,19183,3,2,19183,-3,98,84,88162,8025,10250,10575,10925,18450,19220,18000,19635,22900,23630,25015,33600,28040,28835,64150,38300,45400,47500,46450,48300,50050,48774,51000,54000,56000,52200
5425,5,-4,3,2,8200,-5,-4,-4,-5,-5,-5,-5,-5,-5,-5,-5,20556,-1,-1,-2,-1,-1,-1,-5,-5,-5,-5,-5,-5,-5,-5,-5,-5,-5,-5
5426,5,17000,3,2,17000,20000,50,45,55683,20000,2196,3780,7000,-2,8000,15400,22000,15000,15000,15000,10000,22102,6000,19000,-1,-5,-5,-5,-5,-5,-5,-5,-5,-5,-5
5427,5,36017,3,2,36017,15500,51,55,49099,11800,19400,18100,-2,17500,-2,69800,31000,34000,25000,63000,-2,-2,52000,68000,40500,56200,67000,80000,78000,-5,-5,-5,-5,-5,-5
5428,5,36017,3,2,36017,40000,62,61,69959,20000,7850,13608,14940,17600,18874,16150,21150,21200,26500,28000,48000,52500,51100,58300,64200,71000,93500,87300,94000,113500,99000,112548,128000,122250,132300
5429,5,36017,3,2,36017,40000,68,80,88839,20000,25500,2790,1860,32000,11100,11050,11060,15700,16060,16100,18200,20300,20500,22000,23600,30500,34500,37000,500,47000,50300,58000,60000,63095,65000
5430,1,6395,3,1,6395,20000,72,84,75195,15000,6515,2110,5425,6835,7350,8030,11100,18095,10600,13530,38100,47200,-2,50900,49500,55000,67050,59000,62000,63000,66850,75000,83600,90500,89800
5431,1,6395,3,1,6395,20000,68,79,78776,-3,18000,12020,32000,6000,43500,30000,10125,12000,18000,15700,26000,24000,14000,44400,54020,101000,70100,95000,70000,128500,79000,85000,100000,80000,105000
5432,1,6395,3,1,6395,20000,71,84,88127,15000,18000,-2,15000,-5,-5,-5,-5,-5,-5,-5,-5,-5,-5,-5,-5,-5,-5,-5,-5,-5,-5,-5,-5,-5,-5
5433,5,14500,3,2,14500,11000,99,99,96407,3000,6000,25400,20130,16200,21100,23150,24200,27500,28800,-1,-5,-5,-5,-5,-5,-5,-5,-5,-5,-5,-5,-5,-5,-5,-5
5434,6,-4,3,2,-2,-3,10,9,9576,-3,-5,-1,-1,-1,-2,-1,-2,-5,-5,-5,-5,27000,-2,-1,-1,-1,-5,-5,-5,-5,-5,-5,-5,-5,-5
5435,1,12500,3,1,12500,20000,70,66,60361,24094,27404,18565,10009,12652,14883,20000,21076,17803,16713,17414,19358,24600,36000,41800,54030,60000,55000,45280,60000,60000,62000,76000,70000,95000,104000
5436,5,12500,3,2,12500,20000,24,29,38439,24094,27404,20000,20000,16724,22280,14100,21728,11000,22000,19000,11000,11000,23100,28000,30000,41000,27000,32600,34200,31758,31200,32000,35000,30000,24395
5437,1,17000,3,1,17000,5600,99,98,97243,10480,11398,10375,11780,18739,20100,22440,29530,39150,39580,40600,44500,50060,49670,70700,78800,105000,-5,-5,-5,-5,-5,-5,-5,-5,-5
5438,5,17000,3,2,17000,19000,94,95,94203,23000,4130,23000,7455,18435,22000,27000,29780,33700,32300,36400,79400,82450,189918,102800,147800,140500,157500,116000,118000,17000,8000,36400,16900,23900,-3
5439,1,17000,3,1,17000,19000,95,94,95516,25000,26000,-2,-2,150,17540,51650,55100,61150,66650,76600,78800,82000,93700,93800,97300,129000,147000,151000,170000,240000,223400,253500,-1,165000,316000
5440,1,17000,3,1,17000,19000,87,86,91857,23000,20000,23000,29000,4370,15300,2450,16000,4300,4501,2950,2150,21000,1541,18350,6500,25350,34500,45000,55500,77020,88100,135025,50500,173000,-5
5441,1,20000,3,1,20000,-3,30,28,31355,20000,42000,800,7850,12400,14060,14500,42400,9000,14920,5600,3380,7492,-2,27910,86800,17800,58000,45000,150800,26543,19900,70000,102000,101000,95000
5442,5,20000,3,2,20000,-3,30,25,29679,20000,42000,40000,0,33000,0,44500,70000,37000,35700,40000,28000,4754,18000,-2,52800,52800,84800,408473,84800,109000,144900,-2,14709,14000,-5
5443,2,4000,3,1,4000,1200,2,2,1049,2500,6000,7200,8252,9352,17400,9252,11320,10380,23400,11250,20500,18000,25500,26500,29100,22000,16600,29072,-1,25257,30896,31220,33580,18000,-5
5444,2,-2,3,1,-2,7800,13,16,21661,6000,9000,7500,2755,-2,-2,3460,6524,6456,6532,10048,11418,14826,16388,17593,17760,22200,16968,39640,38800,47200,66000,69600,61200,32000,41200
5445,5,15000,3,2,15000,8000,27,29,37721,8000,12000,14000,-2,15000,19000,13800,38580,36800,32000,40040,43020,44060,-1,72998,64200,-2,53200,12248,91750,14600,83700,130000,142300,922631,160900
5446,1,8000,3,1,8000,14400,14,11,10310,12000,10000,9800,19000,492,288,-2,-1,0,-5,4000,10080,-5,-5,13119,8800,2000,60912,5185,9600,15784,16000,20160,31136,14333,15456
5447,1,8000,3,1,8000,14400,8,5,4747,12000,10000,9800,19000,18200,10000,11000,10300,10000,14900,14000,16000,-2,-2,19100,26400,27000,40000,82000,-2,66000,66953,58000,0,7200,-3
5448,5,20000,3,2,20000,-5,1,2,3663,10000,10000,-2,276,145,-2,-2,3036,0,5000,10000,12000,1200,15000,2064,7440,1216,14400,-2,0,7644,8112,8376,9528,-5,-5
5449,1,20000,3,1,20000,-5,5,5,6463,16000,20000,12000,28710,4500,1800,5038,4200,4320,55200,10000,20000,6600,8767,10000,13260,2200,28000,20000,0,3360,-2,-2,19200,-5,-5
5450,6,19000,3,2,19000,28000,12,17,19937,8500,16000,-2,12067,21171,30055,17423,32050,30000,29411,32000,30000,31000,36282,35000,34000,-2,52000,56200,56500,57000,32784,71000,0,78916,62000
5451,2,19000,3,1,19000,28000,33,30,24754,24000,45000,38000,28000,54000,8550,16000,21500,29000,33000,40000,31000,33000,37000,45700,72000,48000,92000,53000,60000,-5,55000,65000,105000,-5,-5
5452,5,13000,3,2,13000,17000,30,36,34419,16000,-5,-5,-5,-5,-5,-5,-5,-5,-5,-5,-5,36000,40000,35000,34000,50000,36000,40000,54000,60000,60000,-5,-5,-5,-5
5453,5,25000,3,2,25000,38800,32,22,32426,35000,42000,22000,7000,2000,-2,9000,13400,13800,14400,20400,45400,50000,56500,65260,66280,69900,73600,64416,12000,31000,43000,45176,-2,17784,11137
5454,5,25000,3,2,25000,38800,34,25,38743,35000,42000,22000,46000,41000,-2,24800,31000,27550,26310,29680,10007,11374,14012,15220,30588,38000,29000,99704,33608,32307,37272,35284,48728,35528,-3
5455,5,-4,3,2,10000,12000,7,8,9155,20000,23000,32910,28440,35000,36000,37000,35000,45000,45000,60000,18400,-2,9218,11800,0,-1,218310,13116,22800,12000,26736,15972,16764,17160,-5
5456,1,10000,3,1,10000,-5,12,8,15308,10800,9000,9000,20000,14500,4000,-2,-2,-2,100000,42500,38000,35000,27000,-2,12000,15000,20000,66290,57000,67000,68000,32000,32000,87000,70000
5457,1,26600,3,1,26600,16000,10,11,14214,-5,-5,2334,-5,13050,800,1240,0,10050,540,-2,-2,-2,-2,1428,0,0,24000,-2,-1,1944,2400,0,10776,11124,10800
5458,5,27000,3,2,27000,-5,-4,-4,-5,-5,-5,-5,-5,-5,-5,-5,-5,12000,11000,11040,11000,11450,-2,13006,18000,20900,29830,20050,-1,12352,42612,-1,71888,-5,-5
5459,5,27000,3,2,27000,-5,-4,-4,-5,-5,-5,-5,-5,-5,-5,-5,-5,-5,-5,-5,35500,33300,33070,7000,41344,41000,156540,86000,-5,65000,75000,-5,75000,166000,260000
5460,7,8028,2,2,8028,-5,-4,-4,-5,-5,-5,13412,-2,4500,4212,4260,4416,12952,8000,11268,10696,5768,13320,16000,16000,-2,16000,23000,22000,45000,0,0,2400,-2,-3
5461,2,9240,3,1,9240,7500,1,2,587,10000,9000,8500,15800,15900,-5,6092,24000,9000,11000,36000,34500,23000,26000,37000,53700,61454,66000,68925,71776,83000,-2,77370,49330,40000,89000
5462,6,8000,3,2,8000,3600,13,11,5364,919,7083,7830,8353,9067,9000,10050,1752,17212,7341,7584,8184,8184,11848,8940,13116,-2,-2,14400,105650,0,0,8376,18816,-2,-3
5463,2,8000,3,1,8000,8000,22,18,21519,12000,9000,9000,21000,21000,10429,11000,20000,32000,26176,-5,29010,-5,35558,38000,32000,-5,-5,39000,55000,-2,-5,-5,-2,-5,-5
5464,7,6000,2,2,6000,2500,12,8,10449,-3,3948,6000,921,2010,1539,11000,7000,11000,-5,11000,15000,32024,14434,-2,19392,25000,19000,18000,19000,20000,22000,27000,23000,37000,30000
5465,7,5520,2,2,5520,7000,7,6,2223,9000,1240,0,3276,4968,2460,5484,5724,5820,72000,7488,8592,8964,9408,6588,9636,9140,500,2300,2980,11244,8000,25500,0,0,-3
5466,7,12000,2,2,12000,-3,10,14,10986,-3,17160,11300,7053,8586,24000,20400,15701,4484,20000,31000,26000,29500,40000,35100,-2,-5,-5,-5,-5,-5,-5,-5,-5,-5,-5
5467,7,12000,2,2,12000,17000,12,10,16486,9000,12000,13000,13200,-2,3000,11028,8160,3960,2730,16340,39000,24500,0,11628,9929,20000,47000,-2,48000,80000,120000,98000,99000,42000,57360
5468,2,3370,3,1,3370,-3,2,4,9081,4200,2780,4800,700,-2,9000,9000,7000,10400,11900,15384,13934,11508,-2,17600,-2,20900,42619,-2,39000,4160,7200,24180,24000,33100,-5
5469,6,3370,3,2,3370,-3,3,3,1294,4200,1000,9881,-2,3400,6098,-2,-3,-2,30400,17744,17480,18715,-2,15600,-2,-2,13000,2999,19700,0,2800,2400,4810,8560,14400
5470,2,5268,3,1,5268,4200,42,38,54755,6000,8500,6000,23000,18019,10018,10000,9300,17010,9000,12000,10000,16000,16384,22037,26000,24500,33500,41920,43000,32800,41000,45000,25000,26000,32000
5471,6,5268,3,2,5268,4200,8,6,6538,6000,8500,5000,8371,11568,10000,480,-3,5040,1423,2840,-2,-2,9000,2400,-1,-2,4300,2000,18600,-5,-2,-5,10416,8820,10679
5472,5,12600,3,2,12600,16872,76,76,81374,9000,11000,9000,618,500,26725,15300,-5,-5,-5,-5,-5,-5,-5,-5,6000,-2,8300,10872,7000,-2,31764,17280,19620,11374,11914
5473,5,-4,3,2,-3,21015,53,52,55194,17184,28110,13984,11896,18160,28300,20000,11700,25500,32500,56700,46400,48200,48200,45900,52500,45600,44300,61240,-5,76000,80000,70000,-5,-5,-5
5474,5,13000,3,2,13000,13600,34,52,60055,6000,9000,9800,-2,2000,18000,31000,36000,30000,32000,47800,55000,44200,44000,36500,82000,100000,108400,115000,102000,147000,150000,165000,200900,207000,210000
5475,3,3000,2,1,3000,16000,1,2,2686,20000,15000,10000,-2,29000,10000,-2,-2,-2,-2,-2,11600,-2,-2,-2,21600,10000,10824,6948,0,-1,16668,-5,8400,-5,-5
5476,7,3000,2,2,3000,16000,2,2,838,20000,15000,10000,-2,29000,31031,1900,18000,-2,-2,6680,14972,10000,12688,-2,-2,-2,500,33578,26000,-5,-5,-5,-2,-5,28000
5477,5,-4,3,2,-2,13000,72,57,67899,18000,20700,25000,30000,32000,33000,31554,31500,35000,48430,33864,29000,30000,28100,28500,48000,70000,61452,92000,92000,73000,76300,48000,-2,-1,-5
5478,5,18000,3,2,18000,22000,62,65,60153,20000,22000,22000,36540,45590,32996,27900,18000,24000,24000,-1,44000,-2,57500,60600,-3,-2,-2,11040,12636,10800,20400,21400,15144,21600,24006
5479,7,8000,2,2,8000,8892,1,2,2638,10000,6000,2000,-2,200,494,8600,270,12000,18000,14000,40400,29000,35500,13650,9800,22010,25000,33000,22500,3600,3769,2000,0,2328,400
5480,7,8000,2,2,8000,11000,5,7,8442,10000,12000,11000,30,0,-5,5334,-5,8796,5892,5543,-2,7214,12640,-2,6502,-2,7548,2013,7236,10800,-2,-2,300,-2,-3
5481,5,-1,3,2,-1,20000,84,93,94342,-3,3000,30000,30000,-2,6683,23000,24020,41100,45200,53250,55000,57400,59200,66352,70300,81400,82300,52400,55400,120300,127820,-2,-5,-5,-5
5482,7,12600,2,2,12600,12000,2,3,3123,11000,10000,1700,3058,12062,7000,10178,9000,10000,12270,15600,11000,11000,-2,11000,18000,28352,26000,25290,39000,6290,-2,38000,-2,33997,0
5483,7,3865,2,2,3865,3000,17,20,23321,4500,-2,14500,16800,14000,18000,23200,25428,24500,24500,20000,26000,30000,27600,40000,62400,47800,61000,76000,73000,187000,74000,94100,244000,69000,194000
5484,3,3865,2,1,3865,3000,20,24,25560,-3,5000,7000,2768,3468,-2,2412,0,-2,30000,13000,30000,19000,23000,19000,19000,24000,26000,40000,900,30000,32000,-2,112000,98000,37000
5485,7,3865,2,2,3865,3000,17,19,23139,5000,5000,7000,2768,3468,-2,24600,-2,400,16722,6230,6031,31900,20000,-2,-2,13600,22200,32250,47000,32000,15000,43000,38000,40000,45000
5486,5,40000,3,2,40000,30000,25,21,22735,6000,13776,11760,11224,3962,21412,657,1200,13000,9936,20616,20784,9850,17084,17000,11500,4000,64540,-1,68500,74500,83300,-5,0,-5,77016
5487,5,-4,3,2,13488,15869,36,32,31161,5205,10000,11821,11972,13000,13003,-2,15000,12000,16005,39000,-2,26095,-2,50200,49212,38000,30000,56655,62300,70000,49500,67200,75000,25154,38696
5488,5,-4,3,2,15554,16000,18,13,11841,5000,19000,8834,6782,10140,18011,21667,25780,26000,22441,14480,24864,23000,16607,30340,6400,23000,8000,9000,350,33000,52038,-2,57368,47524,29124
5489,1,13000,3,1,13000,11000,93,99,97069,5500,29090,15020,32110,51080,35100,28100,45100,34050,50878,19000,22000,30000,45000,85000,67000,67000,140020,100000,161003,160003,253000,497763,300000,331100,400600
5490,1,34500,3,1,34500,16500,23,18,17694,25000,40000,40000,-2,14000,12000,-5,-5,-5,-5,-5,-5,-5,-5,-5,-5,-5,-5,-5,-5,-5,-5,-5,-5,-5,-5
5491,1,34500,3,1,34500,16500,49,41,47421,25000,40000,40000,10598,14800,23900,20200,24700,26400,28573,29352,29786,26372,27424,39200,40800,45000,64608,59000,73500,-5,-5,-5,-5,-5,-5
5492,5,-4,3,2,-3,6000,41,40,35761,7528,2250,7647,11200,18000,16000,12000,15312,14160,16400,14000,19000,25100,28100,32000,31000,38000,33000,-5,-5,-5,-5,-5,-5,-5,-5
5493,1,23369,3,1,23369,18000,42,35,32743,-3,33000,40000,-2,32000,38400,-2,17500,-1,17900,20129,24000,27300,30030,-2,55000,40000,-2,-2,-2,75520,62960,76140,77387,-2,-5
5494,1,23369,3,1,23369,18000,46,45,50188,-3,33000,40000,-2,32000,28000,18900,-5,29000,29000,19000,24400,29600,-1,-2,-2,-2,30338,30000,29805,13653,72000,-2,80520,93000,100000
5495,1,-4,3,1,8000,15000,-4,-4,-4,17700,-2,19500,23650,25800,29000,33000,33250,34200,39700,36500,52000,53000,46200,-2,65200,72500,95000,111000,85000,98000,108600,118000,127300,145400,140000
5496,1,16000,3,1,16000,13444,13,10,7374,-3,16908,17796,18497,18079,18670,22300,28000,31000,40200,35000,36000,36000,34000,53800,59080,26000,15000,13000,20000,20690,26000,54000,39000,34000,35000
5497,1,16000,3,1,16000,18000,67,56,45243,15672,14340,15116,20300,28000,30500,31300,32450,30100,35000,37000,42000,30000,40000,35500,35800,34480,40000,35000,31000,23000,-2,44000,25000,36000,72000
5498,6,-4,3,2,0,-3,20,28,37743,10300,14874,16312,17600,18503,21000,20136,32100,30334,28398,31548,27084,30700,30008,37451,26000,42000,40000,33369,-5,-5,-5,-5,-1,-5,-5
5499,1,30000,3,1,30000,37000,18,25,29660,25000,25000,3936,-5,8600,16050,12520,20000,26000,40100,40200,66000,-2,53000,77000,74000,-2,-5,-5,85000,117000,-5,120000,-1,132000,-3
5500,1,18000,3,1,18000,20000,36,45,51599,19000,20000,23000,27000,35000,30000,-2,21100,29000,32000,28000,26825,30500,33000,41000,38500,48000,60000,61000,75000,73000,56000,53000,52000,80000,-5
5501,1,-1,3,1,-1,8000,23,21,35293,10600,12000,-2,26000,10000,8000,14000,12000,22000,23000,23700,35000,19700,21000,16500,17000,25600,18000,27000,32000,27000,33225,35679,30000,30000,1728
5502,5,19000,3,2,19000,18000,20,18,16864,23000,23500,25000,17000,23000,24266,21416,30856,21444,11000,13704,15256,11000,15387,26760,35169,40400,35500,14000,16000,15736,16922,25554,0,25000,23000
5503,1,2500,3,1,2500,13000,49,47,46315,10000,-5,-5,-5,-5,-5,-5,-5,-5,-5,-5,-5,-5,-5,-5,-5,-5,-5,-5,-5,-5,-5,-5,-5,-5,-5
5504,2,6500,3,1,6500,6384,74,73,74158,9300,15000,19438,10000,21250,29740,29600,34575,44300,48300,41750,43250,58000,83000,72000,107000,117000,127500,139000,135500,140000,74064,45000,85000,105000,139000
5505,5,12000,3,2,12000,11600,16,15,14718,1300,15000,19790,26138,26907,29452,29235,28000,33820,28200,38349,30908,31150,29100,30054,39738,35050,30030,43823,57065,48439,39650,33000,25000,34100,-3
5506,5,18000,3,2,18000,21300,11,13,14626,20000,22000,6238,7000,6000,-2,30000,48000,34000,31000,41000,40000,37000,40000,48000,56000,78000,104000,38000,90000,41600,78000,14000,62400,38000,0
5507,1,-4,3,1,7900,11400,23,23,20340,12574,17774,13972,14728,12565,-5,-5,-5,-5,-5,-5,-5,-5,-5,-5,-5,-5,-5,-5,-5,-5,-5,-5,-5,-5,-5
5508,5,-4,3,2,7900,11400,27,18,21049,12460,17700,13998,-3,12565,14500,14000,13600,26000,30500,27000,27000,31000,32000,31000,33500,43000,49000,408473,45000,59000,80000,73000,-5,-5,-5
5509,5,-2,3,2,-2,8040,9,9,4530,13100,16838,15470,13000,22211,19024,4000,33730,19000,30608,34320,33449,27000,-2,15081,23800,18120,-2,16100,49000,-2,31840,42288,31200,31800,-3
5510,5,20000,3,2,20000,7000,18,13,11307,5700,16852,5800,6056,13052,11550,5954,-2,15900,9709,17976,-2,-2,-2,-2,-2,20000,18000,25000,20000,22000,13908,15036,12756,15312,23252
5511,5,15500,3,2,15500,15500,65,64,60755,16000,31000,17616,15972,17947,21900,27300,29500,30275,31000,23500,30000,26500,23000,27000,-2,23000,64000,66080,64500,64059,82484,58000,59000,62000,64000
5512,1,15000,3,1,15000,15500,47,53,63118,16000,31000,6800,11000,19300,45000,61175,20445,24653,24500,21170,-5,-2,37650,45920,25025,28400,146300,62020,64696,64432,59360,49360,55800,51496,-3
5513,2,3600,3,1,3600,5040,94,99,99484,7500,8000,25670,44520,51600,62000,60470,62100,76200,79200,84900,88200,99300,189918,124150,128200,139300,178300,109150,132080,253000,162620,161400,177280,274188,169036
5514,1,10500,3,1,10500,15000,33,37,46876,15775,17476,4300,8200,11020,14412,16040,13120,14000,14000,14000,-2,-2,-2,-2,46300,-2,-2,-2,-2,-2,28614,-2,-2,-2,26002
5515,7,5500,2,2,5500,8333,51,63,64050,8000,9000,8900,12080,10000,15000,22310,13860,9000,9440,-2,-2,-2,-2,11440,14440,14440,24600,34000,36500,27700,28000,30000,30000,30200,14000
5516,3,8600,2,1,8600,920,20,24,25347,2000,4690,1864,5000,5000,10850,17000,13800,18226,12800,17000,10000,10000,18000,13000,15000,18200,45000,32000,22500,-5,-5,-5,-5,-5,-5
5517,3,8840,2,1,8840,9200,1,2,3557,8000,8260,6240,10000,-5,11510,6000,7500,13500,1600,11000,11388,13552,11420,-2,16152,0,22800,-5,13692,0,0,1572,18000,-2,10500
5518,7,8840,2,2,8840,9200,8,6,6995,8000,10640,10098,10000,15000,-2,26700,10500,11420,17900,20720,8171,20000,17056,17080,7880,14880,-2,11000,40000,-2,60000,-1,-5,-5,80000
5519,1,12500,3,1,12500,23200,1,3,4096,24000,20496,32000,25000,-2,17344,-2,10400,8700,10000,12076,8248,5920,11960,13260,26000,24000,30000,10000,18000,1800,3922,10080,10560,9962,720
5520,2,-2,3,1,-2,11500,14,11,14126,7500,25000,15900,19000,9200,15500,16500,-5,22000,32500,44458,50050,35000,38000,39500,25000,24000,25000,28000,27000,-5,-5,14760,14892,-2,-3
5521,2,9100,3,1,9100,9300,70,74,85656,12820,12460,15600,14200,18798,16500,16150,17400,18000,18000,27764,30437,32000,33500,37000,21448,20000,35861,31174,31050,36500,32171,47980,36470,33958,35070
5522,6,9040,3,2,9040,11000,65,67,61117,24054,12600,15500,20050,25020,26050,28125,29100,8560,12000,24000,22000,23000,20417,21663,24750,28050,38080,43000,48000,55400,70000,67000,75000,78000,71000
5523,5,-4,3,2,4000,4150,10,9,6827,5000,5536,7192,8000,8000,11000,10163,10000,10000,11000,16113,25000,17280,16000,-5,-5,-5,-5,-5,-5,-5,-5,-5,-5,-5,-5
5524,5,12000,3,2,12000,9300,37,36,25036,10000,28000,23620,20000,18000,30000,26000,31000,25000,-3,33500,15320,16000,17412,16100,16128,17316,-2,4680,1300,0,11880,22404,14725,23812,-3
5525,1,-2,3,1,-2,5500,9,9,10313,7640,28000,23620,12500,25000,26000,22780,31500,39000,40500,31680,29200,-2,29800,-2,29000,35200,22000,18000,20000,32000,32000,23000,17148,-5,-5
5526,5,-4,3,2,4000,3062,12,11,8367,20000,15000,10900,11000,11000,15000,17000,17000,26096,27000,26300,32000,34000,30352,-2,-2,30000,31000,28200,27000,26000,32000,27000,-2,27000,26000
5527,1,-2,3,1,-2,5800,2,5,6023,13000,4000,8070,7000,7700,20000,11000,-2,24000,-2,19000,12480,11672,12850,13000,9000,11000,13000,17000,19000,18000,17000,16000,18000,21350,18000
5528,5,-4,3,2,9452,4894,26,31,27961,15500,-2,18950,20000,14504,19000,24200,7800,36500,51700,92000,50500,61000,68000,83000,-2,53632,44400,48904,38200,58000,65200,70050,120000,125000,115200
5529,1,-4,3,1,-2,17000,5,8,7536,12010,18030,15289,16030,18065,21030,26000,28020,27830,49000,38000,-5,45000,45000,-2,100000,41500,106240,29105,149800,36000,37500,40000,8398,10956,8888
5530,5,-4,3,2,-3,17000,10,9,13542,11000,18000,15281,-2,18265,24030,26000,28020,27830,47000,42000,-5,-1,45000,20210,-1,34000,38480,-1,-1,-2,-1,-2,9600,10800,-3
5531,1,-4,3,1,24200,10520,75,70,66286,12500,13000,15500,28025,32550,36400,47000,38000,36500,37300,45040,58000,51250,52000,51000,120000,100500,125000,111200,116250,117600,92700,87274,-5,-5,-5
5532,1,-2,3,1,-2,23900,45,52,39690,15000,-5,-5,-5,-5,-5,-5,-5,-5,-5,11780,13000,14000,-5,14000,13000,36000,28000,32540,52000,35900,36500,25400,-5,-5,-5
5533,6,-2,3,2,-2,-3,29,29,52163,-3,-2,-1,20000,18640,-5,-5,-5,-5,-5,-5,-2,-2,-1,-2,-1,-1,-1,-1,-1,-1,-1,-1,-1,-1,-3
5534,1,19000,3,1,19000,17000,16,15,13185,-3,17000,23000,-5,-5,8000,-5,-5,-5,-5,-5,14000,6500,-2,14000,24000,22000,10000,-5,-5,-2,5344,12468,13656,2400,0
5535,1,19000,3,1,19000,17000,3,3,2238,-3,17000,23000,75001,12000,6000,7000,7119,8000,8500,10000,10450,8648,19750,20150,27000,28500,21000,0,-5,-5,-5,-5,-5,-5,-5
5536,7,5000,2,2,5000,-3,31,25,29921,-3,7500,-2,59000,-2,20000,25346,40500,29000,34700,35000,0,7157,8066,6490,89917,120600,390662,40000,105000,78300,225000,0,0,19000,60000
5537,7,5000,2,2,5000,-3,5,4,6803,-3,7500,-2,25000,-2,-2,1708,11926,5704,15219,13632,13080,15710,14430,12252,27512,36000,26594,23892,33000,24000,-2,-5,-5,-5,-5
5538,3,5000,2,1,5000,-3,10,11,14114,-3,7500,-2,25000,-2,7000,-2,-2,15000,17500,20400,26000,-2,32544,-2,24000,11050,390662,17700,42500,39000,10000,-2,23000,-2,17000
5539,3,5000,2,1,5000,-3,52,63,82930,-3,7500,-2,8002,8000,10500,-2,38050,38000,12000,9400,26000,35000,34000,48000,52000,40100,60015,-5,25000,5000,17900,-5,-5,-5,-5
5540,1,25221,3,1,25221,30000,33,32,31907,28000,-2,18000,30000,40000,30000,-2,17000,31445,32120,40408,33400,32900,43080,56000,73000,122000,148000,125000,131000,140000,116000,160000,28228,86200,84600
5541,5,-1,3,2,-1,18000,86,91,94464,25000,20000,-2,35000,8000,75004,-1,-5,-2,-5,-5,-5,-5,-5,-5,-5,-5,-5,-5,-5,-5,-5,-5,-5,-5,-5
5542,1,1800,3,1,1800,-3,34,36,25916,24000,20000,35000,25000,20000,18000,19500,21824,23000,20000,21600,23560,13525,-2,13050,10000,32000,-2,-5,-5,-5,-5,-5,-5,-5,-5
5543,1,12000,3,1,12000,16000,79,82,85677,-3,-2,18000,1550,2000,22000,46800,51000,41000,46750,-2,66000,74000,76500,93100,97000,132800,134900,162000,226000,205000,219000,276000,595986,922631,766958
5544,5,27000,3,2,27000,28000,11,12,14701,31000,33000,38000,10800,7600,9674,60000,29050,26000,29358,42000,30000,35000,-2,-2,6000,5860,-2,1500,32028,13089,18456,-5,-5,-5,-5
5545,1,27000,3,1,27000,28000,38,42,42853,31000,33000,38000,10250,7160,12000,23000,14000,18000,20000,15580,43000,-2,41000,30000,36000,36000,36000,20980,32000,-2,100000,95000,56600,44400,-3
5546,5,12000,3,2,12000,-3,37,33,48990,21000,-2,-2,7900,29000,34000,37200,19500,-2,20100,159805,18400,17250,57100,67250,95200,85776,83013,109500,104800,120023,103200,111480,102237,87904,113783
5547,6,-4,3,2,-2,-3,21,19,12580,-3,-2,8400,19349,20259,27440,27000,14540,18000,29000,33000,27000,20800,34000,33000,18200,6320,12984,8388,0,9576,9600,-2,-5,-5,-5
5548,5,15000,3,2,15000,-3,28,32,41501,10000,-2,-2,24500,7402,20000,16200,11820,9000,12808,7680,5300,0,700,24820,20120,18880,182600,7434,16812,-5,-5,-5,-5,-5,-5
5549,5,-1,3,2,-1,-3,27,31,41222,25000,30000,22000,12000,15000,7000,5000,-5,-5,-5,-5,-5,-5,-5,-5,-5,-5,-5,-5,-5,-5,-5,-5,-5,-5,-5
5550,5,16000,3,2,16000,22000,11,8,6054,23000,-2,21322,22092,27054,18600,14710,27600,28000,28000,27500,14000,-2,28268,22000,10000,34000,33526,-5,43000,50718,39000,12000,2316,-5,49000
5551,5,16000,3,2,16000,22000,13,13,21620,23000,20000,-2,30000,-2,11000,8400,31000,13000,31000,31000,43000,13300,-2,21900,20500,28900,30000,32000,29650,23020,22550,23680,20800,25000,-5
5552,1,21064,3,1,21064,30000,42,38,47601,23000,27800,25000,26000,21659,19014,22200,20320,22640,12648,22856,25812,34800,44100,42778,39400,-2,20000,29200,30100,35600,31656,29000,34500,26000,25000
5553,5,21000,3,2,21000,30000,24,24,29636,-3,-2,16245,22900,24772,23100,31432,33470,38400,18700,42900,94500,84056,44300,60200,86100,32000,99200,129375,86100,99300,-2,63452,137010,127100,222080
5554,1,21000,3,1,21000,30000,30,42,45473,23000,27800,25000,26000,21000,28000,35800,36500,37640,37000,-5,-2,22408,-2,-2,-2,-2,-2,-1,-1,-2,53956,50000,-1,50000,60000
5555,5,-4,3,2,12700,16000,66,59,56039,16533,18000,19310,23000,24000,24264,32000,27500,27000,30174,28255,12000,12400,12500,20600,20400,70560,46000,60600,51300,63000,60000,54000,52000,52000,46000
5556,2,10400,3,1,10400,8500,4,8,26507,13000,12000,31000,15000,12420,30000,-2,-2,15000,39907,44000,-2,44000,-2,25000,17000,16000,12000,-2,50750,-2,19290,8428,14400,16500,24000
5557,5,-4,3,2,3500,10200,60,53,48074,-3,6690,6200,5400,13150,31000,28520,29080,28960,22920,14000,-5,43000,65500,974100,115000,112400,200800,150000,126000,56000,180000,39132,40720,113496,-5
5558,1,5268,3,1,5268,-3,1,1,162,-3,-2,3500,7797,2500,4980,11000,16500,18100,18000,22170,22200,24000,31032,-2,32000,32000,35000,24000,55000,42000,-2,39200,-2,50200,58000
5559,5,5268,3,2,5268,1309,-4,-4,-5,-5,-3,5788,-5,-5,-5,-5,-5,-5,-5,-2,1467,9500,-5,-5,-2,-5,-5,-5,-5,-5,-5,-5,-5,-5,-5
5560,6,-2,3,2,-2,3096,38,26,34345,4764,7500,5600,4500,4560,11916,28200,-2,32000,5768,21960,25300,24400,30000,30000,45000,24300,20000,14200,22000,24000,20000,26000,18000,32000,32000
5561,6,-2,3,2,-2,3096,5,6,29666,4764,2500,5600,2262,1500,5000,2766,2034,22000,8000,9644,8000,10400,6500,-2,7050,10864,5771,17500,28248,9000,7800,8460,-5,7728,-5
5562,1,3400,3,1,3400,-5,-4,-4,-5,-5,-5,-5,-5,25000,100000,-5,-5,-5,-5,-5,-5,20000,189918,-5,-5,-5,-5,-5,-5,-5,-5,-5,-5,-5,-5
5563,6,-4,3,2,4645,-5,-4,-4,-5,-5,-5,-5,-5,-5,-5,23300,14100,15996,23212,24556,31000,29300,41175,-5,-5,-5,-5,-5,-5,-5,-5,-5,-5,-5,-5
5564,5,6500,3,2,6500,5000,48,61,54055,11000,14000,12420,5000,45128,30200,26750,-2,-5,-5,-5,-5,-5,-5,-5,-5,-5,-5,-5,-5,-5,-5,-5,-5,-5,-5
5565,5,19000,3,2,19000,3300,45,37,37489,15415,5000,4750,10000,12000,15000,11796,20000,27000,27600,18000,23640,27888,20720,32000,36000,23320,13200,47200,60000,43200,30261,55000,70000,75000,75000
5566,5,10000,3,2,10000,17000,47,39,39633,600,15000,-2,18000,12000,9150,43000,32000,27000,27000,41000,46000,12000,21000,59160,87500,60000,46000,42000,55000,30000,125000,69000,45200,54400,61700
5567,1,7800,3,1,7800,10000,85,81,74389,13500,13000,7941,4800,11500,13300,17500,16950,21000,34550,36000,31000,40000,24760,27060,-5,-5,-5,-5,-5,-5,-5,-5,-5,-5,-5
5568,5,20000,3,2,20000,17000,43,47,64088,15000,36000,31050,10,22600,24000,27800,26000,37756,40200,41000,38000,48000,40000,50000,45000,55000,67200,86025,88000,73200,109000,109400,115000,121000,88000
5569,1,-3,3,1,-3,13750,27,35,42634,-3,15000,10516,600,7346,13020,12000,12000,14150,14300,24150,-2,-5,-5,-5,22140,22400,25000,-5,-5,-5,-5,-5,-5,-5,-5
5570,5,-1,3,2,-1,-3,42,45,44707,27000,-2,31201,34000,35000,50000,50000,51000,53000,55000,61800,37760,39720,40000,38000,50204,-5,-5,-5,-5,-5,-5,-5,-5,-5,-5
5571,5,-1,3,2,-1,-3,70,55,51488,27000,10935,19920,26600,16862,14820,22300,-2,31500,38300,40000,43100,0,-5,-5,-5,-5,-5,-5,-5,-5,-5,-5,-5,-5,-3
5572,5,15000,3,2,15000,24000,74,54,61264,26000,30000,28000,28000,27500,28000,54000,22030,18150,20060,20050,-2,30500,-2,49500,-5,49180,88200,65000,63000,68500,70931,78000,-2,-1,79000
5573,1,-4,3,1,15360,14276,69,61,46741,13000,11353,12984,15992,17858,18345,27004,26509,30420,32330,33680,37230,38000,47980,55666,54000,65000,64500,38923,48000,59825,51835,54638,31001,40000,-3
5574,5,15000,3,2,15000,27000,34,32,29716,34000,27500,10725,12055,13303,14010,13765,14100,13200,13300,13300,13300,13300,14001,17300,19000,27000,28000,35908,39000,95000,-2,81200,94652,97132,137800
5575,5,13000,3,2,13000,27000,67,58,64673,34000,27500,17000,-2,-2,20000,-2,-2,21000,13009,-2,-2,-2,-2,17200,-2,23000,-2,2560,16460,18110,15400,31700,17740,24000,33000
5576,5,13000,3,2,13000,27000,35,28,46125,0,10000,12020,14293,-1,-2,37636,-5,28000,34000,47000,39000,33000,35000,-2,-2,0,29200,26804,34000,40000,-1,105000,122000,-1,47000
5577,5,10500,3,2,10500,12031,18,16,16828,20000,14000,21202,19110,20224,15440,21400,19000,20000,33000,34875,33750,35500,35500,45000,54000,15000,23000,25000,-5,116000,92000,-5,-5,98000,115000
5578,5,13000,3,2,13000,14000,6,6,2806,8600,16700,15900,8680,7800,12000,13210,10400,20800,-5,23400,15000,22000,10560,28000,18000,17000,17298,-5,-5,44200,150400,-5,47800,-5,-5
5579,1,22000,3,1,22000,22000,54,45,57349,23000,22000,25000,13940,22000,24800,27000,28480,37360,31720,34320,44460,47300,50000,-5,-5,108000,95000,-5,-5,-5,-5,-5,-5,45000,47800
5580,1,22000,3,1,22000,22000,23,29,35796,2300,22000,25000,4500,12000,13500,-2,31000,28000,28000,21800,23000,-2,25000,32000,34000,35000,38000,41820,47000,47000,62000,57000,72000,38000,47000
5581,5,22000,3,2,22000,22000,28,21,31716,23000,22000,23970,31400,17000,14000,31720,18480,18270,12252,23884,22256,31106,36000,-5,43800,42000,201000,24000,34000,-2,81370,46000,50592,60000,207000
5582,5,12000,3,2,12000,-3,21,25,28802,29171,-2,21458,21500,24600,23000,23575,-2,22030,-5,39000,35040,35035,-5,-5,36000,39000,-5,-5,-5,-5,-5,-5,-5,-5,-5
5583,5,12000,3,2,12000,13303,16,21,16211,10800,5000,12616,9400,21000,19156,22000,24000,28200,30000,33000,39000,31900,39000,39800,27000,33000,44000,33000,34320,29000,-5,-5,19000,39540,39400
5584,1,-3,3,1,-3,-3,9,15,8376,8200,30000,-5,-5,-5,-5,-5,-5,-5,-5,18000,15267,-5,-5,-5,-5,-5,-5,-5,-5,-5,-5,-5,-5,-5,-5
5585,1,6000,3,1,6000,20000,16,18,26982,-3,12000,30000,35000,35000,-2,-2,21110,-2,28470,21000,21581,21020,38050,42000,58015,67270,75040,76556,54000,66424,66000,63000,95014,104000,125030
5586,1,36000,3,1,36000,6520,35,30,30346,19050,12800,7960,15000,17642,17900,30650,22075,37900,36150,48600,50500,53000,55100,60600,60000,90000,95000,56000,45000,96000,-5,-5,-5,-5,104000
5587,1,-3,3,1,-3,-3,86,87,87588,3500,6750,-3,11750,34000,15720,49000,31500,-2,38920,45580,47000,47800,22400,26000,28400,54000,52000,408473,49800,61000,56000,25000,69140,49920,94400
5588,1,-2,3,1,-2,11000,8,9,11506,21000,26000,32000,32000,52460,11300,14000,19000,23000,27000,10800,29500,97000,28900,25000,-5,44000,55100,50505,59000,58000,58000,70000,72130,80000,-3
5589,5,-2,3,2,-2,11000,13,7,4478,-3,-2,3627,13700,10800,4200,-2,20000,-2,19000,35725,51568,47575,14568,15984,10000,30000,18772,18342,18000,162384,165312,-5,-5,-5,-5
5590,1,16000,3,1,16000,22000,76,80,77376,20000,-2,12000,14500,13000,14500,16800,17750,17910,-2,22200,23058,25650,49200,15000,22000,22000,38000,-2,42000,45000,-2,50000,39800,-5,-5
5591,5,7000,3,2,7000,5800,62,56,67935,10082,11542,19720,24576,23267,27843,14620,15100,11300,49125,8300,6713,17388,31300,36115,51000,105000,109000,123000,140839,134357,151000,134769,182500,233000,141500
5592,1,11000,3,1,11000,20000,87,97,98198,14000,11000,15000,20500,27500,25000,21800,31000,33000,-5,-5,-5,-5,-5,-5,-5,1900,35500,33400,34000,44000,37400,39000,41200,44000,48080
5593,5,40000,3,2,40000,16000,-4,-4,-5,-5,-5,-5,-5,-5,-5,-5,-5,48200,39100,62100,63600,61000,-2,-2,77000,88000,95020,-5,-5,170000,-5,-5,-5,-5,-3
5594,1,40000,3,1,40000,30000,60,75,73884,30000,-2,8000,16013,17000,17500,20000,23000,23000,48600,57570,56100,63006,65050,65020,81180,98300,95000,110150,132000,155800,163000,158600,162000,164833,184850
5595,6,8000,3,2,8000,13956,31,28,31492,54369,2604,17512,17315,23446,14000,16052,23000,20558,19000,22500,26000,33000,21431,27400,30000,6000,22000,19360,33000,44000,27948,35000,-5,40000,30580
5596,6,-4,3,2,-2,22130,93,98,99527,18000,16300,16150,17701,35266,38005,39600,45000,49025,52005,56800,54100,56030,61020,39820,68000,77000,88000,87000,85200,90000,121000,110000,122000,101600,168000
5597,5,22100,3,2,22100,24000,93,91,88266,2015,20000,4860,24500,28000,30000,32500,34500,38800,38600,33100,42900,47300,56500,69300,127225,98350,84000,79200,88600,72684,101648,31788,87800,92820,139100
5598,1,19000,3,1,19000,17000,30,35,42188,18000,20000,6100,-5,19000,16000,22000,23000,-2,28000,30492,41870,-5,-5,-5,-5,-5,-5,-5,-5,-5,-5,-5,-5,-5,-5
5599,2,-4,3,1,3020,4500,65,62,60292,25000,20000,19500,31055,33600,35000,38000,45200,53500,59500,67200,72000,71500,75000,72100,90000,104000,117000,144000,147000,155000,172000,199000,110000,-5,-5
5600,5,22000,3,2,22000,22000,39,33,28872,25868,31800,31500,33700,29000,29000,29350,30600,51900,44200,48575,58000,85800,74538,80500,84000,-5,-5,-5,-5,81960,-5,-5,-5,922631,-5
5601,2,8650,3,1,8650,20000,-3,-3,9552,10000,15000,10000,11000,-5,-5,-3,-2,-1,-2,-1,-1,-1,-1,-1,-2,5,-1,-1,-2,30000,44000,-2,-2,-2,32000
5602,2,7000,3,1,7000,20000,13,15,15291,-3,15000,10000,11000,-5,-5,-1,12000,-5,-5,6500,14100,8000,8000,10000,12000,-5,-5,-5,-5,-5,-5,-5,-5,-5,-5
5603,2,3000,3,1,3000,-3,8,13,10810,-3,15080,15900,7000,3000,16000,17000,11600,14000,16000,11500,32193,27000,12116,12000,-2,27000,26100,-2,83000,-2,-5,-5,-5,-5,-5
5604,1,13000,3,1,13000,8000,1,1,1042,14000,5600,3970,10900,21210,16465,8268,30140,30068,28712,29620,28804,37500,29491,-5,-2,19000,49400,45500,68430,200,0,248,13224,43200,13572
5605,5,13000,3,2,13000,8000,4,5,7448,14000,20000,17000,-2,35000,4944,5496,8234,6576,6828,7284,1041,7644,10848,2000,-5,3000,3040,18145,2000,8376,8868,-2,15696,10944,9492
5606,5,18448,3,2,18448,25000,4,5,10322,-3,50000,-2,6000,72000,100001,10000,15415,-3,9000,8500,14760,12000,94000,34001,46000,21000,31500,31000,31360,31376,36000,35100,35000,37000,35000
5607,1,18448,3,1,18448,25000,22,23,28205,50400,12000,4932,-2,-2,30000,-2,50000,-2,40475,33740,25000,32000,30000,53000,30000,-2,60050,73807,57500,38000,39000,38000,-2,38300,25000
5608,2,9000,3,1,9000,12000,1,2,4242,10000,-2,5600,15000,25000,25000,-2,-2,-2,146942,-2,-2,-2,-2,-2,-2,-2,-2,0,38500,42000,-5,56000,-5,-2,81000
5609,6,-4,3,2,7035,12000,15,11,10186,-3,13784,6533,11500,18031,26090,23000,23000,30000,18000,30350,36000,34000,34000,147000,-3,62000,49000,70100,59045,144100,100500,75050,110030,115025,-3
5610,1,11700,3,1,11700,-5,-4,-4,-4,-3,18000,19000,5410,10562,6445,6030,4500,21030,21200,28050,34718,33000,33000,44300,41600,63000,68600,68030,84000,92000,113300,97600,116000,115300,123000
5611,3,11000,2,1,11000,9000,7,8,34301,10000,10200,9770,10000,11000,15000,18000,30600,19800,40000,15000,-2,-2,-2,16000,17000,20000,20608,500,18000,45000,13000,26000,44000,45000,50000
5612,7,12000,2,2,12000,-3,33,48,47973,15000,-2,12000,-2,13748,-2,20100,22000,21556,23656,30000,34500,29199,31000,21000,26000,36183,18600,23000,26500,27000,27000,26000,28000,28000,30000
5613,3,12000,2,1,12000,-3,1,1,0,600,-2,27000,16000,25000,12000,72000,-2,-2,146942,-2,-3,4000,-2,12000,-2,0,8000,12000,30000,27000,-2,26000,30000,2328,49000
5614,7,12000,2,2,12000,-3,10,14,18176,15000,-2,12000,11000,10000,7310,7400,9135,18769,17300,30600,31400,25500,25000,37000,30000,44840,67020,66816,69560,112112,119729,38420,40329,-2,167000
5615,7,8815,2,2,8815,4090,28,30,25577,-3,2346,1328,-2,-2,-2,-2,-2,6831,12662,7571,10805,12034,-2,-2,-2,-2,-2,49331,37000,35043,-2,-2,36400,-2,5776
5616,3,25000,2,1,25000,27000,3,4,3039,-3,-2,37000,-2,17840,-2,19000,21200,25780,33000,-2,37000,40000,34508,-2,-2,-2,-2,-2,60000,61000,60500,12051,-2,44870,-3
5617,3,25000,2,1,25000,27000,5,4,8282,-3,-2,37000,17000,23000,-2,-2,-2,17040,13180,26000,13000,-2,3010,-2,-2,-2,-2,1700,-2,-1,-2,16000,15975,12000,0
5618,3,25000,2,1,25000,20000,39,48,51958,16000,-2,-2,28000,6454,12379,15500,30200,31700,-2,39300,40500,42000,45000,55000,59000,70000,64000,55480,80000,85000,51150,88500,81000,85000,42890
5619,7,25500,2,2,25500,27000,24,13,17242,-3,-1,37000,24353,27000,12000,8538,42000,33000,23000,24000,24096,15750,-2,15504,16560,54492,42474,53000,97900,454737,57060,48396,52788,53696,60000
5620,5,-2,3,2,-2,-3,51,53,66205,-3,1498,4800,-2,1400,18000,57000,-5,-5,-1,-5,-1,-1,-1,-2,-1,-1,-5,-5,-5,-5,-5,-5,-5,-5,-5
5621,1,20000,3,1,20000,-3,36,37,51908,-3,25000,13000,28900,30000,-2,-2,-2,17500,25000,38060,24057,22600,25000,56000,63500,83400,152000,94000,109000,109000,112000,115000,110000,113000,120000
5622,1,20000,3,1,20000,-3,26,27,39892,-3,25000,13000,-2,30000,-2,14400,28000,12546,18093,24500,32600,36000,43500,-2,63500,70000,-5,-5,-5,-5,-5,-5,-5,-5,-5
5623,1,3100,3,1,3100,33000,98,96,95248,6899,15020,12761,16472,46668,61200,64400,71400,83400,93500,159805,839078,160097,189918,135000,142000,156000,174000,182000,196000,221000,228200,261000,241000,260000,310000
5624,5,3100,3,2,3100,33000,75,77,70691,40000,26000,23420,37109,-2,37210,34100,21300,42000,-3,47000,52000,52000,56500,-2,68000,84000,80000,100000,70000,100000,85000,110000,90000,100000,110000
5625,1,30000,3,1,30000,40000,49,57,66276,8700,7700,8247,13510,17010,16550,31536,33536,37125,40212,43770,42895,41312,40000,45000,65160,50050,80376,111038,104439,108200,108970,123050,113400,137400,139030
5626,5,30000,3,2,30000,40000,22,27,60781,45000,40000,-2,36000,30000,45000,10000,23018,27060,29430,159805,-2,15000,-2,23600,22800,68600,93442,144000,107000,109632,82000,170000,179000,201000,192000
5627,5,2900,3,2,2900,35000,35,53,45766,38000,25000,17500,24030,-2,31000,-2,44700,66600,48600,61300,90000,91100,-2,-2,-2,150000,-2,-2,76590,97000,113000,56000,-2,-5,-5
5628,1,17000,3,1,17000,10500,37,40,43114,-3,8325,16560,20000,-5,-5,-5,-5,-5,-5,-5,-5,-5,-5,-5,-5,-5,-5,-5,-5,9600,0,12721,12065,13092,0
5629,3,1668,2,1,1668,-3,3,5,14310,-3,-2,3900,4224,-2,6000,-2,-2,400,2500,4000,2400,3600,0,0,-2,13000,16405,-2,6374,12376,-2,18200,14420,15000,15000
5630,3,14290,2,1,14290,16477,1,4,11139,-3,15000,12207,11444,6919,-2,-2,22889,37849,36003,-2,-2,32878,-2,18000,-2,11000,-2,22000,40600,-2,-2,-2,26000,-2,65000
5631,7,6348,2,2,6348,-3,44,52,57359,-3,12240,6000,1000,1500,5000,5090,-2,-2,14264,-2,4668,12276,14262,-2,22000,69463,15000,0,3192,146000,34000,74030,43000,72000,49920
5632,7,12172,2,2,12172,15500,54,58,57191,20000,-2,5520,3200,14000,17000,20000,24000,27000,21000,20000,22000,24165,38000,43594,29500,16000,33350,89622,10000,19400,-2,125000,140000,-2,162500
5633,3,12172,2,1,12172,15500,14,11,15565,20000,-3,12066,12100,16000,-2,-2,12290,22000,24000,27000,-5,59200,6700,20000,-5,-5,-5,12000,-1,-1,14000,22000,15680,9000,13500
5634,7,8570,2,2,8570,8800,5,6,8057,7000,-2,5196,15760,16500,15680,14410,28000,27030,33000,12750,14799,9500,17000,14000,14688,11688,9300,750,-5,-5,-5,-5,-5,-5,-5
5635,3,2160,2,1,2160,8800,10,5,11829,7000,-2,-2,14270,15000,16000,25005,38000,-2,29000,-2,-2,-2,1218,16987,23000,27000,29000,-5,3000,0,0,0,0,7000,-5
5636,3,12677,2,1,12677,11700,6,4,2358,-3,-2,9500,30000,34000,-2,15000,25000,18000,21000,36000,20000,25000,26500,-5,-5,-5,13000,6000,20000,-2,33000,40000,99000,96000,39000
5637,3,12490,2,1,12490,11776,6,7,8540,-3,9000,14000,30000,11000,13000,80000,38500,32000,58000,52000,-2,-2,-2,-2,43000,43000,51000,44840,94000,135000,137268,110000,166800,149000,130000
5638,3,12673,2,1,12673,3000,-4,-4,-4,5600,9000,7005,-2,18870,22800,17000,15000,20000,25000,25910,27530,30000,29000,47000,55700,73000,390662,-2,54400,61200,107092,75000,74160,74400,102400
5639,3,5304,2,1,5304,-5,-4,-4,-5,-5,400,1000,6000,8000,9000,12000,16000,26714,25000,23000,25000,27790,30000,70000,50400,108200,-2,109000,110000,40000,3480,0,-5,-5,-5
5640,7,5000,2,2,5000,9600,1,1,560,-3,3000,6821,10320,1768,21520,21000,15600,21600,17000,20400,20000,30000,30000,10000,22000,-1,29000,29170,40572,37600,33000,41596,1290,30000,28000
5641,7,5000,2,2,5000,9600,7,11,5652,-3,-2,25005,22000,21500,20000,23500,26008,34000,26300,25350,30300,29300,34300,-2,-2,467,-2,16000,-2,-2,27000,16000,-2,1358,-3
5642,3,-4,2,1,2800,10000,-4,-4,-4,12000,6650,-3,-2,-5,-5,23600,18185,20000,12000,24049,21500,-2,36400,-2,120000,-2,80000,25000,270000,259600,102000,59000,89000,83000,150000
5643,3,-1,2,1,-1,3000,7,6,6396,-5,4574,1000,3220,3740,6082,8000,3135,-2,20060,5000,0,5992,11000,6500,-2,-2,25760,-5,0,0,0,-5,-2,360,5908
5644,3,-2,2,1,-2,1800,6,9,8664,-3,-2,-3,12766,4376,5400,3000,280,7130,1385,99996,550,0,2676,-2,-2,0,-2,4056,-5,1673,3000,-2,8748,-5,-5
5645,7,27000,2,2,27000,-5,38,39,52458,29000,31000,26000,46000,12063,11293,3400,6400,4200,5700,16000,16700,26000,29000,35600,41000,-5,137000,-5,-5,53000,65000,75000,80000,-5,-5
5646,7,9000,2,2,9000,12000,30,26,37531,15000,1200,11000,10354,6638,7000,6176,14100,15500,29012,23850,18550,18953,21635,23500,28880,27500,26000,24000,33000,22361,14800,15000,15000,6500,9804
5647,7,9000,2,2,9000,12000,21,27,41932,15000,-2,12571,5283,4391,-2,13600,33000,13000,21840,15550,2082,9290,-1,9400,22000,54800,62168,41376,31000,25500,-2,37000,70000,76000,56000
5648,5,-4,3,2,-2,14546,91,84,87143,13180,15000,17030,17610,16240,14000,50000,19210,22217,23000,34000,30000,29000,-2,34800,35040,69616,80000,97000,479983,110000,51900,57000,105000,37400,-3
5649,1,17425,3,1,17425,15116,81,72,71982,7111,23830,26240,-2,-2,-2,46000,57400,56000,-2,-2,23000,19000,25000,-5,54687,57000,390662,66703,67000,90000,34000,2400,2232,20736,21000
5650,1,28100,3,1,28100,3300,3,6,5572,39000,42000,-2,63400,27506,24000,28738,36015,52150,46400,42000,49740,46000,49070,56050,57000,52000,82000,95600,96420,45480,-2,-2,50000,40000,60000
5651,1,50000,3,1,50000,15600,94,88,82677,15000,18000,13254,30000,32800,-3,67000,82000,77000,146942,159805,839078,160097,189918,974100,115000,70000,89000,50000,-5,106000,107000,133000,36161,65000,90000
5652,5,-4,3,2,6200,10000,48,57,56276,17400,22000,8000,10977,-2,18135,29367,18500,20000,20530,12550,14840,12600,15500,17010,18320,18880,23000,11420,10000,6364,740,225,9684,9816,9780
5653,1,9000,3,1,9000,10000,49,58,66907,2000,6500,11020,1,13500,14000,24000,34500,-5,21000,-5,21000,35500,34000,35200,33350,-5,-5,62512,120308,63200,68136,61000,45000,68000,65000
5654,5,18000,3,2,18000,21600,68,57,60203,6000,7000,19000,-3,2000,5500,10150,40400,38600,34000,57400,80600,97000,99100,114500,244343,-2,155000,180000,193000,195000,170000,215000,200000,-2,766958
5655,1,25000,3,1,25000,35000,83,84,82061,50000,20000,38000,25550,25000,25000,19100,33000,35600,37100,44000,35600,37200,35000,66200,82400,100000,83000,90400,91000,100000,103500,82257,107500,121000,211000
5656,5,-4,3,2,6950,35000,58,53,52113,-3,32900,44500,46000,37135,36100,42000,40200,40000,59000,61000,66000,64020,-1,76300,70000,65000,-1,-2,107030,-1,78000,2000,3000,2400,-3
5657,5,-2,3,2,-2,-3,63,72,84949,-3,-1,-2,-2,-2,2500,39000,53800,56400,66300,75000,93800,160097,189918,974100,137000,52000,107300,99300,85800,117800,95000,180000,155000,115000,128400
5658,1,-4,3,1,14500,35000,74,69,62168,17000,14400,22700,13500,2400,26000,26000,27000,30500,34600,30500,40000,35010,37300,40000,41500,44500,53000,57000,-5,58000,63000,-5,63000,96000,106500
5659,5,-4,3,2,15000,5620,67,61,56690,7200,9000,42000,-5,-2,-5,-5,-5,-5,-5,-5,-5,-2,-5,-5,-5,-5,-5,-5,-5,-5,-5,-5,-5,-5,-5
5660,1,-2,3,1,-2,17000,76,69,65848,17557,20250,29020,27800,50000,55000,26500,28200,29900,33200,33500,34000,60600,64280,78780,-2,87200,128400,123500,63500,63000,-1,-5,-5,-5,-5
5661,5,30000,3,2,30000,-3,58,62,71156,-3,35000,35000,35000,28200,36000,48600,-2,-2,46800,41000,42300,52050,54800,-2,67000,80000,-5,-5,130600,201000,220000,245000,255300,276000,311000
5662,3,-2,2,1,-2,-3,1,2,375,-3,10000,12180,-2,-2,-2,0,0,10,0,400,7000,9000,-5,0,0,-2,16000,13000,-5,-5,20000,40000,-5,30000,20000
5663,3,-2,2,1,-2,-3,1,1,86,-3,10000,12180,-5,20000,-2,7000,-5,9000,-5,-5,-5,-5,-5,-5,-5,-5,-5,-5,10000,-5,-5,-5,-5,-5,-5
5664,3,-2,2,1,-2,-3,3,1,2826,-3,-2,12180,10000,20000,10000,7000,-2,15000,-2,-5,-2,-5,-5,-5,-5,-5,-5,-5,-5,-5,-5,70000,-5,-2,-3
5665,1,-4,3,1,8020,8572,70,71,74888,10400,9090,-2,13025,11024,12003,24000,-2,22000,19000,15600,-5,-5,-5,-5,-5,-5,-5,-5,-5,-5,-5,-5,-5,-5,-5
5666,1,-4,3,1,8000,9200,77,78,68443,18000,22100,35200,36500,43516,51200,54000,66200,77300,79000,80000,79000,81500,96000,153000,108000,130000,103200,-1,144000,157000,160000,153000,-5,260000,221200
5667,1,25000,3,1,25000,-3,99,99,97274,35000,20000,-2,30000,2560,30600,49100,41100,22200,68220,159805,839078,160097,189918,-2,244343,-2,-2,-2,220000,-2,-2,497763,595986,922631,362200
5668,1,-4,3,1,20500,20760,81,72,70576,30000,50050,52050,52010,72450,40512,53180,38444,46504,35000,48480,44250,45000,71300,87000,95000,127000,113700,96000,60000,130000,177000,-2,70000,70000,30000
5669,5,-4,3,2,19599,42200,77,62,54716,49000,42050,36007,42680,53500,60800,64000,91000,91000,79000,159805,92500,49500,46000,30000,25340,37640,1850,35498,38000,46000,50000,261182,33848,45000,63000
5670,5,45000,3,2,45000,47000,35,28,40562,-3,4217,62300,66000,65000,76000,73956,12000,25000,30000,32500,38500,160097,189918,974100,125000,-2,0,28500,88900,-2,44750,74000,49000,87000,-3
5671,1,45000,3,1,45000,47000,82,74,86782,44000,25000,55005,5156,6500,7420,8981,15114,45000,31600,29505,24025,20426,21915,27000,21043,16000,-2,34152,20000,-2,48000,49820,77400,-2,106000
5672,1,53000,3,1,53000,60000,67,64,55518,55000,75000,75001,75001,100000,80000,-2,90000,92300,-2,-2,-2,-5,-5,-5,-5,-5,-5,-5,-5,-5,-5,-5,-5,-5,-5
5673,5,53000,3,2,53000,60000,51,69,76128,55000,75000,0,75001,56393,26462,20543,23050,24000,29400,15000,-2,41500,42949,46000,23123,35500,40000,30000,38600,-5,-5,-5,-5,-5,-5
5674,5,53000,3,2,53000,60000,48,48,56285,75,75000,4393,7934,8220,-2,-2,-2,11000,32466,40600,36700,3800,3948,6790,5096,2377,38883,5500,8857,16638,14147,-5,-5,-5,-5
5675,5,40000,3,2,40000,-3,78,84,87596,19675,37200,52200,63300,83000,80000,75000,83500,98210,92400,159805,839078,160097,189918,150000,244343,144000,192000,147000,201500,454737,440692,186000,188000,15000,20400
5676,7,50000,2,2,50000,1000,70,76,77716,60000,57000,60000,65000,2470,9650,9650,7000,5000,3453,5300,7522,7500,-5,12100,21100,9200,-2,-2,-2,-2,-2,48100,-2,2250,295500
5677,1,11000,3,1,11000,30000,38,44,64580,49000,45000,35600,-2,5700,8904,12056,11500,38000,43000,35000,35000,40000,49010,48000,55000,55000,55000,60000,90000,104000,100000,-5,-5,-5,154000
5678,1,-1,3,1,-1,10192,90,84,88921,-3,58000,23300,20000,16000,11000,7000,15000,-5,16000,22000,31000,42500,24000,56990,28000,20000,35800,-5,0,41000,16966,30000,20000,15000,10000
5679,1,-1,3,1,-1,6200,27,34,31945,16000,18750,23000,17000,5885,12404,14000,14000,13800,21100,17950,20930,-5,17000,21980,20696,20000,21000,39248,34000,35000,30000,22000,17688,22818,15000
5680,1,41400,3,1,41400,-3,86,94,85570,43757,66700,51200,45500,47400,7300,6600,12850,12800,21500,-5,20500,5514,5264,-5,-5,-5,-5,-5,-5,-5,-5,-5,-5,-5,-5
5681,6,4800,3,2,4800,110,7,5,3828,636,-2,17636,13488,-5,-5,-5,-5,-5,-5,-5,0,600,-5,10764,11688,100,14007,22000,12500,19476,19476,9960,2175,8205,17800
5682,6,11000,3,2,11000,14000,14,13,16733,14000,-5,-2,-5,-5,-5,400,-5,-5,850,-5,0,1500,32250,2200,-2,6348,11244,6360,750,16904,21716,8064,-5,-5,-5
5683,3,-4,2,1,16620,12200,11,13,14887,-5,-5,-5,-5,-5,-5,-5,-5,-5,-5,-5,-5,-5,-5,-5,-5,-5,-5,-5,-5,-5,-5,-5,-5,-5,-5
5684,7,-4,2,2,11220,2964,6,5,5319,5864,-5,-2,-5,-5,-5,-5,4652,800,800,5000,20000,-5,-5,-5,-2,14000,15000,25000,27800,32000,57004,58200,-2,-2,-5
5685,6,4472,3,2,4472,5500,11,5,2877,5000,-2,16220,7000,9279,9232,11984,-5,-5,-5,-5,-5,27000,17672,-5,33700,-5,-5,-5,-5,-5,9450,-5,-5,-5,-5
5686,5,12580,3,2,12580,12144,74,80,87858,13249,12150,17170,13486,15331,12524,14870,23900,-2,29100,-2,57272,59400,60200,70000,71800,77000,84136,83050,67100,115348,165622,196100,142037,72155,74964
5687,5,12580,3,2,12580,12144,33,32,37318,13249,1032,20238,7596,8323,12673,6025,11879,14044,12050,-2,18340,13604,13958,15131,21121,14196,24310,22894,22840,14550,-2,-5,-1,-2,-3
5688,2,-4,3,1,2348,6189,31,27,24163,8464,-2,6620,-2,8600,6150,-5,-5,625,150,-5,2490,0,-2,1800,12000,-5,8000,-5,-5,-5,-5,-5,9560,-5,-5
5689,6,-4,3,2,773,-3,7,6,5567,100,-2,15000,-5,-2,-5,-2,-2,-5,-2,0,-2,0,6150,5000,10452,0,-5,0,0,-5,-5,-5,0,0,700
5690,8,-4,1,2,9500,-3,77,75,76766,11000,34300,14900,12140,10070,10406,-3,15070,16800,21000,21100,14931,27800,27350,31980,3800,31000,68700,73600,77600,-2,92000,70000,80000,82000,766958
5691,1,-4,3,1,17623,37720,36,42,35575,19270,-2,-2,57000,68000,75880,-3,12000,11000,11600,11000,16000,5000,15290,-2,-1,-2,11000,20000,0,0,-2,800,4320,8796,-5
5692,2,-4,3,1,4000,6000,-4,-4,-4,5000,65000,14256,8179,13368,47308,48150,-5,-5,-5,-5,-5,95080,24960,25000,28200,26770,28600,32214,30000,36000,102999,-5,-5,-5,-5
5693,1,9200,3,1,9200,6300,77,69,80201,-3,-2,23270,25000,26000,-5,-5,-5,-5,-5,-5,-5,-5,-5,-5,-5,-5,-5,-5,-5,-5,-5,-5,-5,-5,-5
5694,1,20000,3,1,20000,36000,45,43,58345,25500,20100,12000,21385,25000,63960,-5,1700,-5,15600,0,10800,64000,34556,28000,-2,30000,34000,24000,51236,41852,91088,-2,-5,-5,-5
5695,5,-4,3,2,32578,16040,66,53,48816,15540,62150,75001,74982,72806,58520,48300,100001,72300,-5,159805,839078,160097,99000,131000,145500,154400,166753,155500,216000,175000,223100,-1,-1,296500,766958
5696,1,-4,3,1,6076,25000,43,40,42254,25500,-5,-5,15868,-5,-2,-5,10624,16100,-5,-5,30406,-2,20000,103000,-2,50900,-5,52000,75400,100000,51404,0,18688,8856,-5
5697,1,-2,3,1,-2,50000,52,45,42212,-3,-2,-2,32000,-2,-2,32000,69900,-2,25300,40240,61150,-2,-2,64600,31300,33400,60700,2000,25000,0,0,-2,-2,0,-5
5698,2,-4,3,1,-3,12000,73,65,62536,22145,23925,25100,32000,33600,52000,50000,54030,56150,52200,51630,52200,52170,52500,60150,60000,85800,54400,100000,119000,112000,130000,48000,55000,48000,-3
5699,1,-4,3,1,10030,15050,99,98,97537,28030,33050,29008,15540,31010,31290,34100,29400,34300,45500,52850,62900,56000,57500,77000,80600,87000,70100,69000,75000,75050,80000,91400,81000,52000,68000
5700,1,-4,3,1,3750,20100,88,85,80340,3000,22010,57000,-2,40000,31000,52000,100001,800,-5,-2,24000,36000,42949,42990,55500,66770,168000,408473,210000,160200,146500,108400,233000,202400,174800
5701,5,40000,3,2,40000,60000,81,78,75520,30000,75001,-2,-2,0,3335,19000,21000,24700,26500,33500,36000,84700,40000,50400,67000,104000,86000,99500,273000,240000,203545,279000,295000,325000,270000
5702,5,-4,3,2,33260,37500,57,61,59926,9700,14200,26200,28186,23000,42400,10300,24700,3400,0,9000,12000,-2,-2,-2,18000,24800,26500,27000,27600,28000,24000,30000,22000,34000,39700
5703,1,-4,3,1,14730,1200,63,72,74363,19000,26980,26000,48666,11665,15420,21400,17530,34600,-2,53000,-2,43000,33500,58000,48000,30000,78600,50000,42500,62000,-5,-5,-5,-5,-5
5704,1,-4,3,1,-3,12500,66,58,59482,2900,30080,29300,18065,20500,24350,39084,40040,-5,-5,34600,17020,40760,25086,-2,-2,-2,35700,51600,43500,104700,106260,123080,137100,141000,86020
5705,5,-4,3,2,10719,-3,72,77,81334,21350,17400,32286,32168,8628,-2,13390,14200,16250,18200,18900,24162,34420,38600,-2,58040,89200,138000,131660,46400,72650,48392,54686,74300,75500,89332
5706,5,-4,3,2,1000,16900,69,51,48661,31351,19424,58420,15924,6788,8239,2400,10352,3224,12500,14350,6690,16590,21721,5540,24697,18209,0,-5,-5,-5,-5,-5,-5,-5,-5
5707,5,-4,3,2,5632,5800,57,65,72612,10113,9503,24192,28490,24800,19736,11400,21058,14770,42000,39405,31800,55575,67694,41800,53749,68500,-2,63800,95000,85200,87800,115000,93044,-2,-5
5708,6,-4,3,2,3600,7000,81,80,81916,7036,7703,10516,7700,16000,30120,40120,36470,42916,42317,50100,59030,53623,47008,-2,-3,-2,72050,110400,90200,118000,-2,125025,140242,175436,256200
5709,5,-1,3,2,-1,-5,-4,-4,-4,-3,-5,-5,9000,15082,5500,8636,8716,9464,36,54,2980,13400,14000,-5,-2,0,15399,7992,11388,9360,15220,12156,14640,11940,-5
5710,6,5717,3,2,5717,6700,90,87,87910,9130,8291,13000,15705,3802,13408,21339,20355,-2,-2,-2,-5,-2,41400,48420,48200,-2,-2,68020,73020,79040,-2,79020,64020,99020,162050
5711,2,5717,3,1,5717,50000,38,38,50838,-3,20000,-2,10226,10004,19120,13500,19800,22200,25000,24000,26000,26006,31600,34002,37382,38750,35000,43000,-2,49000,32000,81000,73360,115000,44646
5712,5,12000,3,2,12000,19000,66,71,80893,3724,5413,10285,7618,8032,9413,8408,28015,26006,31066,31284,28314,25900,-2,39012,43422,54370,58296,55189,61542,65598,70400,75440,-2,118000,109000
5713,5,12000,3,2,12000,14899,49,49,64357,8265,9198,9932,13722,15009,16700,17000,21600,24809,30200,22867,22285,20447,20820,-2,41603,38000,54000,57770,89640,75172,-2,37965,65305,62078,-3
5714,2,5000,3,1,5000,25000,36,42,33268,26000,29000,30000,22719,18669,21781,29924,29816,29000,-2,28737,27690,28000,34000,55796,82000,65000,35000,68800,-2,72000,60494,63290,-5,-5,-5
5715,6,5000,3,2,5000,25000,42,35,40086,4000,12053,6560,11312,10350,20000,25000,22050,35000,36300,28000,25000,-2,25300,-2,-2,20000,-5,-5,-5,-5,-5,-5,-5,-5,-5
5716,5,-2,3,2,-2,3200,3,5,2047,6600,-2,140,2226,5120,3930,700,0,760,400,2000,-2,0,0,-2,-2,-2,8364,8856,8148,9696,10728,0,20928,11736,-3
5717,5,40000,3,2,40000,45000,38,63,73724,55000,43000,30000,45000,40000,14009,-5,26000,26600,29000,30000,28000,29000,-5,-2,-5,-5,-5,-5,-5,-5,-5,-5,-5,-5,-5
5718,5,21000,3,2,21000,34000,66,80,76736,34000,10895,12040,13613,16569,18917,31049,30400,29208,48560,50750,15300,33100,-2,78600,-2,54020,60000,62500,78000,77900,90400,92000,76992,62400,94200
5719,11,-4,1,1,-3,15000,6,6,6399,-3,20000,12500,24000,12000,12500,27000,12000,11500,13080,447,16256,-3,33500,34008,37000,46000,-2,55200,61000,65000,72000,75000,80000,81000,-3
5720,14,-4,1,2,1760,14023,62,63,66525,6355,34200,9000,36100,40744,37012,42500,-2,11000,28600,-2,26300,28300,33600,40200,55000,55000,80000,-5,110400,60000,24000,114000,240000,80000,125000
5721,14,13000,1,2,13000,1810,53,48,43787,8624,7000,11000,13000,-5,11520,-5,-2,-2,3800,-5,14000,-5,-5,-5,-5,-5,-5,-5,-5,9660,87000,88000,115000,80000,65000
5722,14,32000,1,2,32000,42000,51,52,64770,45000,50000,47000,47000,53000,32000,36000,4062,4332,4300,4800,3600,0,4400,-5,-5,-5,-5,-5,-5,-5,-5,-5,-5,-5,-5
5723,11,7138,1,1,7138,4400,98,94,93505,7025,7204,8100,30000,26000,15000,100001,24000,28000,0,65800,839078,14100,34000,14400,15100,28500,28000,35200,40000,35000,46400,45000,46900,89600,38000
5724,14,-4,1,2,7040,10200,5,8,11459,8134,9000,12960,18917,6000,-2,-2,-2,-2,-2,-2,-2,24000,31000,33000,59000,47000,-5,36000,20800,26000,-5,-5,-5,-5,-5
5725,14,9500,1,2,9500,14800,40,47,53362,14000,-2,25941,-2,7500,-2,32000,-2,-2,58000,38050,-2,17000,-2,58000,-2,19000,33000,56000,35000,67700,70358,71000,22000,18956,78000
5726,11,9500,1,1,9500,14800,23,26,39128,14000,0,5000,13468,15890,18000,16800,29400,32800,-2,42500,48640,45000,42000,50000,62588,72000,-5,62000,-5,-5,-5,-5,2000,100000,-3
5727,11,9800,1,1,9800,11322,16,18,23849,8000,-2,26660,-2,-2,14024,17500,26030,38825,33080,32675,37010,38000,44500,59000,80500,47000,52000,-2,36500,49000,54000,58000,54000,79500,70000
5728,14,16000,1,2,16000,3000,41,44,46464,40000,5728,61727,23500,24000,32200,36010,35000,36950,41400,43000,46800,45000,51700,61000,55000,70000,76000,80000,85000,101000,85000,60000,72800,70900,82840
5729,14,6000,1,2,6000,21472,13,13,15256,9000,6360,27752,38850,31950,24000,48000,-5,23000,23500,25100,24605,25700,25900,30586,-2,-2,36000,39400,37300,40500,54000,65500,39000,58400,-3
5730,14,6000,1,2,6000,21472,16,15,16592,9000,18200,27000,23344,16756,33300,34000,33000,37100,39000,43000,49600,-2,54000,15600,16488,61500,-2,40500,-2,14000,19768,11268,9000,17000,12000
5731,11,9100,1,1,9100,-3,6,3,1881,14417,8820,15100,20400,20623,25700,-2,27000,28000,28000,28000,41000,28280,-2,33300,41000,44000,-2,-2,39000,42000,38900,-2,-5,-5,-3
5732,14,6000,1,2,6000,5000,20,22,34786,9792,9600,0,4096,-2,9750,13000,15000,42000,38600,55535,58478,62050,-2,32279,95000,91500,20000,60000,76655,92000,97480,105000,130000,130000,142692
5733,11,12000,1,1,12000,17500,32,27,27209,16500,22500,17000,27600,-2,-2,33000,23000,33000,33000,34800,40000,48760,24000,25000,40000,73000,52000,90000,50000,-2,53000,53000,45000,85000,73000
5734,14,5000,1,2,5000,8940,37,35,46134,8500,9496,16000,15000,6560,8200,16000,18010,43575,66400,73700,80000,84200,93100,101000,116500,-2,-5,-5,-5,-5,-5,-5,-5,-5,-5
5735,11,26648,1,1,26648,5250,71,66,63781,-5,9900,9000,35500,20175,36030,36500,34050,34900,40030,44500,43600,53000,51000,54050,-2,34000,36000,66000,73000,71000,85000,81000,0,81000,96000
5736,14,3493,1,2,3493,11000,25,22,13410,11200,15405,10800,1800,-2,5364,1200,1200,4984,3352,10758,16236,10640,-2,14120,8900,12366,14500,46200,48400,72000,96000,84000,80000,50000,-3
5737,14,3493,1,2,3493,11000,37,39,33437,11200,15405,10800,0,-2,-2,20000,-5,-5,-5,45320,-5,32000,-5,-5,-5,-5,-5,-5,-5,-5,-5,-5,-5,-5,-5
5738,11,5900,1,1,5900,8704,5,6,7103,6892,7611,17548,-2,-2,12186,15269,9108,5404,6936,-2,13400,11857,23781,11280,13068,0,0,0,28551,18060,-5,-5,-5,-5,-5
5739,11,5900,1,1,5900,-5,-4,-4,-5,-5,-5,-5,-5,-5,-5,-5,-5,-5,-5,-5,-5,-5,-5,-5,-5,-5,-5,-5,-5,-5,-5,-5,-5,-5,-5
5740,14,-4,1,2,4306,4584,4,2,2435,8044,9051,18162,-2,7528,9801,10424,26400,-2,5744,5664,6336,6341,5580,1384,8000,15543,23408,9432,25000,16944,-5,-5,-5,-5,-5
5741,14,13000,1,2,13000,15000,27,25,24007,23000,22000,20000,16000,24500,22600,24000,29000,27400,32000,38000,26200,31000,50900,77000,81000,55000,75000,90000,75000,-5,94600,-5,102000,-5,265000
5742,14,-3,1,2,-3,-3,-4,-4,-5,-5,-5,-5,-5,-5,-5,-5,-5,-5,-5,-5,-5,-5,-5,-5,-5,-5,-5,-5,-5,-5,-5,-5,-5,-5,-5
5743,14,7300,1,2,7300,6204,17,25,26336,12621,20000,29908,27886,22000,20406,-2,9000,-2,10000,-2,-2,-2,-2,-2,21500,23000,26000,23085,15000,19410,29252,53505,32580,18215,17000
5744,14,7300,1,2,7300,5204,14,16,18321,12621,20000,29908,16500,22000,9800,12000,26000,-1,-2,-1,14000,14200,15900,17000,19000,-1,-5,-5,-5,-5,-5,-5,27000,-1,63000
5745,11,7300,1,1,7300,6204,17,25,33510,12621,20000,29908,35000,-5,200,-2,-2,10000,11500,12000,-2,-1,15720,-5,8000,-2,20000,11380,67000,0,-2,-2,55000,70000,80000
5746,14,15731,1,2,15731,19000,45,42,50725,25000,21000,24000,25000,18406,22193,22900,26017,-2,34000,33013,33000,35000,34000,16000,15000,-2,33600,37800,45000,57800,62000,70000,54000,60160,63000
5747,11,-2,1,1,-2,-3,17,19,21420,3663,10000,2600,3995,4000,7000,6000,7800,7884,10612,7120,9016,3940,9484,6440,20056,25296,34000,14000,16000,16000,18000,28000,0,14000,22000
5748,11,5269,1,1,5269,3968,27,22,19578,-5,18000,24700,37000,48000,32000,43200,35000,37200,41000,42000,44000,45350,40500,54400,-2,60000,54000,48000,55000,55000,65000,114000,-2,71000,84000
5749,11,3000,1,1,3000,-5,6,5,5973,9132,7741,13000,6072,8916,-2,5200,-2,100,2500,6354,11180,14000,14500,1683,13200,14000,32200,41600,23104,51700,-5,-5,-5,-5,-5
5750,11,30,1,1,30,865,8,12,7667,-3,12000,15000,16000,19000,21000,32000,26200,26200,30820,35396,36303,33700,39582,-5,42000,42500,69000,44220,-5,58000,-2,65000,-5,-5,-5
5751,14,10980,1,2,10980,13289,22,19,12620,15428,5351,13900,11544,12006,14000,14500,21200,18000,19075,24000,25000,25000,29600,32000,30000,-5,-5,-5,-5,-5,-5,-5,-5,-5,-5
5752,11,3400,1,1,3400,4826,3,4,9453,-3,7616,7976,-2,6000,2000,-2,10000,0,-2,-2,0,0,21777,18870,-5,36000,31200,111400,17100,-2,-2,19480,0,12688,-3
5753,14,12500,1,2,12500,13852,5,8,7992,-3,3000,11512,8400,12300,-2,0,59000,13120,25000,27000,14000,32000,32000,33000,32000,14000,20600,27200,-2,25800,-5,-5,28000,25000,0
5754,11,12000,1,1,12000,20440,28,25,22463,23100,25795,27862,26500,30000,29000,26260,29000,32000,36000,36000,37500,33000,30000,25000,33000,-2,31000,32000,37000,45000,48000,47000,30000,40000,37000
5755,11,12000,1,1,12000,29675,21,21,19202,-3,50000,27500,25000,28000,21000,26000,-2,29000,-2,-2,-2,23006,24000,23000,29000,35800,34000,32000,32000,34000,33000,36000,32000,38000,84000
5756,14,3000,1,2,3000,8925,8,9,9829,-3,-2,-2,6000,-2,-2,2705,9600,-2,-2,-2,7727,-1,-2,17453,13800,12500,14100,-1,15000,25000,20000,14000,47000,47000,35400
5757,11,6719,1,1,6719,11800,6,9,8196,9200,15000,3000,-2,20000,16000,17000,5000,6852,5000,-2,-2,10400,10000,-2,-2,15600,26000,15942,13000,12000,13000,10000,10000,17000,17000
5758,14,18000,1,2,18000,22000,71,70,78726,30000,27000,33875,32930,42000,54000,46000,10100,13300,17100,15100,15500,20060,29100,-2,43000,30200,17380,33524,40396,27964,41760,15763,27300,22490,33600
5759,11,18000,1,1,18000,22000,83,92,94684,30000,27000,35000,6560,9525,10140,11600,-3,30100,30100,40200,35400,45050,45000,974100,154000,183150,174500,226419,127550,160000,140100,1000,86000,52000,50000
5760,12,-4,3,2,-2,1500,-4,-4,-4,-3,-2,1635,3540,1224,100001,36000,-3,-3,-5,-5,-5,-5,-5,-5,-5,-5,-5,-5,-5,-5,-5,-5,-5,-5,-5
5761,10,24000,2,1,24000,24000,80,81,77922,28000,8600,12000,20200,-5,-5,-1,-5,-5,-5,-5,-5,-5,-5,-5,-5,-5,-5,-5,-5,-5,-5,-5,-5,-5,-5
5762,14,40440,1,2,40440,6800,80,84,88815,13675,70000,65000,31100,17070,30600,14000,15080,50000,-2,14560,14000,14250,15706,28000,34500,38700,41000,48048,51000,68000,172740,63440,72000,-2,70000
5763,14,40440,1,2,40440,33957,55,69,62391,37800,7100,63700,22760,50000,26020,33000,17030,12000,12020,12025,15700,18000,16530,22000,21000,28099,30500,104600,83232,90200,104300,110000,-2,68400,-3
5764,11,40440,1,1,40440,33957,84,71,81271,37800,8828,7050,8950,6200,7525,20000,20200,22200,24100,28650,30050,34000,30000,40250,75050,-5,-5,140000,180000,275000,250000,258000,0,275000,160000
5765,14,19500,1,2,19500,16800,35,36,50069,-3,-2,-2,-2,-5,-5,-5,-5,-5,-5,-5,-5,-5,-5,-5,-5,-5,-5,-5,-5,-5,-5,-5,-5,-5,-5
5766,14,24000,1,2,24000,-3,13,17,30303,20000,-2,50000,2193,25000,17000,10100,12005,11910,13400,9728,11877,-2,-2,-3,-2,4200,20000,24000,15000,20000,36000,38000,41000,40000,41000
5767,14,6264,1,2,6264,16000,53,49,60797,3025,6000,16413,23500,27125,24000,13000,23800,27000,22320,13175,37500,38500,54000,66000,65500,77200,85350,38400,39500,40500,180420,99000,157572,60000,-3
5768,12,-4,3,2,2450,2700,78,77,70187,2845,12500,11420,16756,3900,10980,14504,14520,5460,16990,-5,-5,-5,-5,-5,-5,-5,-5,-5,-5,-5,-5,-5,-5,-5,-5
5769,14,3960,1,2,3960,9590,14,15,10958,10600,20000,37900,28600,30000,41000,100001,50280,70000,61000,-5,71000,-2,-5,30000,-2,-5,34600,41000,30000,41600,28800,-2,34000,-5,-5
5770,14,3960,1,2,3960,9590,7,7,4616,17000,15043,30000,-2,-2,45000,42000,45000,43000,18000,16600,-5,52500,63700,-5,-5,79800,-5,95000,-5,-5,96000,90000,-5,-5,-5
5771,11,3960,1,1,3960,9590,18,18,23082,-3,46000,50000,-5,-2,30100,45000,-5,41000,55000,42500,-5,85100,20000,-2,-2,-2,-5,-5,60000,-5,-5,-5,-5,-5,-5
5772,11,15156,1,1,15156,10200,6,7,5963,1800,-2,-2,18000,-2,19000,15100,17000,18000,16464,17000,22000,23840,26610,25769,-5,-2,23000,31500,43000,63000,82000,-5,-5,-5,-5
5773,14,15156,1,2,15156,14918,12,9,11973,15386,-2,17000,11672,-2,8000,4910,477,3876,-2,456,7163,3984,23384,14400,40800,14000,0,14940,17568,23640,-2,7348,23388,6822,7200
5774,14,15156,1,2,15156,-5,-4,-4,-5,-5,-2,-2,-2,4624,6588,6900,2113,8206,-2,18874,11052,9317,15014,9092,12750,24000,0,39000,21000,2520,18968,11176,10788,-2,20000
5775,11,14575,1,1,14575,2200,90,78,75704,42000,35000,55800,35000,100000,90000,100000,-5,-5,-5,-5,-5,-5,-5,-5,-5,-5,-5,-5,-5,-5,-5,-5,-5,-5,-5
5776,11,-4,1,1,0,10400,45,41,38958,2190,11000,11500,46416,30000,8000,12000,-2,33500,24000,8000,10000,17000,12000,24000,22000,24000,35000,18000,32000,54000,50000,40000,61000,75000,72000
5777,12,-4,3,2,-3,-3,28,35,47990,5465,9000,14000,15000,5000,8000,10000,10000,15000,10770,-5,-5,-5,-5,-5,-5,-5,-5,-5,-5,-5,-5,-5,-5,-5,-5
5778,11,12000,1,1,12000,13000,6,6,5254,13000,26000,36000,12500,20000,26000,25000,15000,15000,19000,33000,28000,36000,44000,-5,59000,-5,-5,59800,45000,30000,30000,45000,40000,-5,-5
5779,11,36000,1,1,36000,40000,3,4,6197,34000,40000,75001,-2,5800,-2,53000,4000,8000,16800,19700,42400,39800,26000,39000,38000,-5,-5,54000,16800,-5,0,-2,26400,2400,19000
5780,14,18500,1,2,18500,36000,22,17,20899,37700,35600,50000,18600,17000,23800,19133,18356,34000,32800,11710,13176,38160,51916,26414,17286,-2,25560,26000,27740,31000,-2,83000,27000,27000,32000
5781,14,18500,1,2,18500,36000,16,6,10067,37700,35600,50000,17000,23110,5090,2376,0,4560,7300,7027,7016,11060,9620,13000,20500,25000,19000,30000,22000,19000,95000,107000,29096,1032,39916
5782,14,6028,1,2,6028,4000,6,6,4397,6012,4660,1040,4544,12852,3504,3480,3624,19454,-3,13500,4700,4362,0,0,6600,18000,0,6409,6948,14952,7800,23256,8796,8796,11220
5783,11,16000,1,1,16000,-5,-4,-4,-4,-3,-2,-2,-2,32000,40000,-2,-2,-2,44000,48000,47500,58500,-2,-2,-2,90000,0,-2,109000,-2,119000,145000,127000,171000,147000
5784,11,13000,1,1,13000,8600,86,94,84959,20500,-2,40800,33900,56500,-2,-2,68000,75800,81000,87000,67700,70000,85000,108000,-2,135000,155500,132000,122550,210000,440692,260000,211300,100674,-3
5785,11,20000,1,1,20000,40000,75,73,84359,30000,3400,-2,15030,16000,20000,27000,21000,2000,-2,-5,-5,-5,-5,-5,-5,-5,-5,-5,-5,-5,-5,-5,-5,-5,-5
5786,11,20000,1,1,20000,40000,21,25,33312,30000,34000,-2,-2,13000,19050,20900,24000,21670,-5,35850,38000,31190,81600,32000,-5,-5,-5,87500,-5,-5,-5,89000,120000,-5,62000
5787,14,23000,1,2,23000,-3,70,80,89495,30000,-2,13365,47000,-2,80000,69700,-2,38000,50200,20000,22500,29800,54000,28000,28000,42800,45000,54000,53000,60000,58000,71000,50000,0,36000
5788,11,16551,1,1,16551,7000,22,22,21715,15079,20000,26165,35000,-2,20000,26000,14000,-2,15300,26400,17000,16000,-1,19000,-5,-5,-5,-2,12000,22000,24000,-2,14000,24000,-3
5789,11,22000,1,1,22000,1500,31,32,32287,13520,8000,13900,17000,-2,800,17000,12000,15560,18000,22000,17000,-5,-5,-5,-5,-5,-5,-5,-5,-5,-5,-5,-5,-5,-5
5790,14,3600,1,2,3600,-3,18,15,11528,10923,13838,11814,12037,15824,14565,15000,19000,21000,20000,20000,23000,22000,23025,21600,-1,14047,44604,65800,25000,37211,45140,51928,36940,31676,34208
5791,11,3600,1,1,3600,-3,5,4,2911,-3,-2,-2,-2,-2,-2,-2,-2,-5,0,-2,0,0,0,0,-2,0,0,-5,320,4128,5600,0,45,936,5200
5792,11,3600,1,1,3600,2400,3,2,6580,6660,2480,1875,3189,-2,-2,2640,7788,6605,7998,10310,24992,20844,18212,-2,12942,14536,11000,23000,1900,30944,12000,14100,2340,2328,2114
5793,14,8000,1,2,8000,6400,73,68,76667,7669,-2,10250,-2,14709,18010,17250,19908,15000,14360,-2,15000,16000,23860,31626,34000,49000,0,70000,43230,48000,43000,38000,49600,68000,50000
5794,9,5000,3,1,5000,4700,25,28,32578,4500,7000,35000,4000,4800,-2,16800,-2,-2,-2,-5,-5,-5,-5,-5,-5,-5,-5,-5,-5,-5,-5,-5,-5,-5,-5
5795,11,37500,1,1,37500,33000,70,80,74909,37000,8493,-2,36500,40000,-5,-5,-5,-5,-5,-5,-5,-5,-5,-5,-2,-5,-5,-5,-5,-5,-5,-5,-5,-5,-5
5796,14,4632,1,2,4632,3600,1,3,2188,450,3600,-2,4932,3300,10464,-2,2700,3792,4020,4212,400,4380,-2,2616,-1,-2,640,-2,53600,50216,-2,-2,-2,-2,-3
5797,14,4632,1,2,4632,3600,26,22,29937,5400,3600,-2,4932,2728,6960,12040,7000,5469,6742,16600,34560,-2,32272,35174,34200,34000,30000,41400,33760,54800,130000,18000,74000,50000,48000
5798,14,12300,1,2,12300,16000,19,12,15353,28480,25000,47000,23540,26000,29000,35000,40000,40000,46000,55210,67000,69000,68000,80000,-5,-5,120000,-1,160000,120000,180000,190000,260000,280000,-3
5799,14,300,1,2,300,14000,33,35,46969,14000,18000,11010,9000,25000,10800,19612,35000,74020,-2,42060,839078,68600,71900,77000,88000,102800,-2,148000,134500,139000,-5,89500,109120,70001,-3
5800,11,-3,1,1,-3,13276,42,41,36101,-3,10220,13070,-2,26100,-2,-2,-2,15070,-3,23370,24000,27000,30000,30000,31700,-5,-5,-5,-5,-5,4000,-2,-5,-5,-5
5801,14,11000,1,2,11000,24260,37,43,36975,19220,38047,33476,33400,38005,37350,38050,40000,39000,28900,10045,16800,13000,15010,16800,19300,49530,50000,3612,79500,51000,57600,48600,43000,62000,56000
5802,14,30000,1,2,30000,20900,35,38,43411,27000,35000,-3,11000,15600,-5,-2,-2,69000,-3,62500,68600,89000,189918,149500,244343,140000,155000,170000,149000,170000,211000,178000,-5,-5,-5
5803,14,2500,1,2,2500,4924,16,11,10883,11844,10814,8784,15680,-2,-2,-2,-2,-2,-5,3191,-1,21000,-2,21600,25940,25650,50000,32000,14000,-2,23000,22000,26000,24000,24000
5804,11,10000,1,1,10000,4836,1,1,90,5952,-2,3564,-2,3684,9000,-5,-5,-2,4400,3120,-2,9840,-5,-5,-5,-5,-5,-5,-5,-5,-5,-5,-5,-5,-5
5805,14,-4,1,2,-3,5000,40,35,23860,4100,0,8762,12540,12680,14100,14320,16320,13000,11800,12040,12200,11300,11700,16400,19500,18000,21000,20600,20000,22000,22000,30000,38000,45000,48000
5806,14,-4,1,2,6546,20000,2,1,257,21000,14000,-2,-2,14578,15404,20000,-2,34004,22500,41000,55000,76000,67000,65000,75000,100000,100000,85000,90000,150000,90000,60000,75000,50000,80000
5807,11,14850,1,1,14850,-5,-4,-4,-4,5870,7130,8700,5568,-2,-5,-5,-5,-5,-5,-5,-5,-5,-5,-5,-5,-5,-5,-5,-5,-5,-5,-5,-5,-5,-5
5808,11,15000,1,1,15000,-5,-4,-4,-5,-5,-5,21426,24000,-3,22000,21800,20000,15400,30000,34000,34600,34000,28000,24000,27760,61100,66000,50480,59000,50000,50000,53000,47000,59000,51000
5809,14,13000,1,2,13000,21977,28,19,20382,30300,-5,18610,19665,36300,36400,35656,32000,27000,31000,38294,36000,44827,49401,53648,-1,-2,83500,-5,110265,123422,134124,138000,82937,38950,93000
5810,11,18000,1,1,18000,20000,62,74,61977,23300,37650,-2,56000,40000,65000,28700,-5,37000,42000,46000,55000,59555,47980,60000,74000,77000,82000,98000,137000,-5,-1,-2,-1,146000,-3
5811,14,18000,1,2,18000,20006,41,63,70163,23300,37650,-2,56000,46000,20030,25000,40000,43500,49000,39300,-2,-2,54000,-2,17500,18220,22024,21000,25000,25000,27000,25000,25000,34000,33000
5812,14,10320,1,2,10320,-3,53,65,55340,19000,21300,17250,18100,-2,28800,34424,-2,12000,13000,23300,-2,22300,20400,-2,21720,-5,-5,-5,-5,-5,-5,-5,-5,-5,-5
5813,14,-4,1,2,8388,-3,1,1,0,45880,13200,12770,6100,10400,4500,6050,13500,15000,16000,8664,-2,22900,24500,18030,-2,39000,31000,30500,29776,20700,30040,21140,8950,14000,68000
5814,11,-2,1,1,-2,4608,1,1,258,8590,9410,9750,-2,4000,12000,8000,12000,12750,13340,3500,-2,-5,-5,-5,-5,-5,-5,20500,27000,27725,26754,23000,44965,21420,48000
5815,11,23000,1,1,23000,24050,49,58,46142,31900,27000,28000,32000,33000,11000,7000,21000,-2,16100,31035,33078,46088,46744,31600,49000,51000,53600,61020,34000,31000,32000,61000,63000,68000,61000
5816,11,5448,1,1,5448,4000,35,30,35447,17814,-2,39000,41660,35220,40828,38000,41000,40000,53000,48000,48000,66400,-5,-5,-5,-5,-5,-5,-5,-5,-5,-5,-5,-5,-5
5817,14,15100,1,2,15100,18852,47,33,24093,21191,21836,24100,22611,25000,27230,32000,28275,38600,40500,47500,52300,-5,-5,-5,-5,-5,-5,-5,-5,-5,-5,-5,-5,-5,-5
5818,14,6996,1,2,6996,-3,1,1,0,6464,3080,5590,3070,4068,5314,4176,6372,3136,14040,2964,5472,-2,10508,18480,-2,11700,13000,0,106500,104000,11000,28500,38160,17500,46000
5819,14,-4,1,2,5376,7160,1,1,0,-3,29748,17628,10000,11606,16800,10000,-2,13820,16000,15000,13000,1254,11588,-2,-1,13000,-5,-5,50000,11270,58240,41600,52000,34000,-3
5820,14,18484,1,2,18484,20000,10,8,11163,19419,17749,8564,26553,5200,7440,11000,12000,13000,0,15400,23368,24700,24424,26000,28300,33500,0,51000,52000,57000,55000,45000,45000,45000,55500
5821,14,41000,1,2,41000,14000,62,65,70100,11000,20000,25100,22100,20050,50000,26000,78850,54200,61520,65650,71100,75100,81100,81200,95200,38250,117300,135100,149100,168100,155100,140200,140200,150100,227100
5822,14,24400,1,2,24400,-3,22,16,23110,-3,-2,42000,70000,15000,24400,12490,26000,24000,34550,28525,38125,-2,-5,-5,-5,-5,-5,-5,-5,-5,-5,-5,-5,-5,-5
5823,11,24400,1,1,24400,-3,7,7,6617,-3,-3,43000,56300,13000,14000,15500,14000,13000,-3,14220,12020,-2,-2,-2,11000,20000,17000,0,15000,19000,18208,-2,-2,-2,-3
5824,11,24400,1,1,24400,-3,22,22,30122,-3,-3,42000,53000,45000,65000,63300,74000,78440,-3,34044,28500,29000,-3,31400,37000,-5,40000,50000,50000,25000,26519,40000,24560,47656,60000
5825,9,-4,3,1,5760,17014,49,49,34762,16994,24300,32000,28600,29900,35500,42000,43720,30950,33200,-5,-5,-5,-5,-5,-5,-5,-5,-5,-5,-5,-5,-5,-5,-5,-5
5826,14,14000,1,2,14000,7000,26,23,17362,11522,11800,11000,13200,14000,-2,34000,30000,-2,37000,35300,-5,-5,-2,-5,-5,47000,47000,-5,-5,50500,-2,50000,-5,86400,51810
5827,14,-4,1,2,4000,-3,11,11,8121,3228,3528,3216,4552,7488,8810,11088,-2,1000,11000,11046,11089,13400,-2,-2,18000,18000,6500,-2,12000,16000,18025,18000,300,-2,40345
5828,14,2000,1,2,2000,6600,16,13,12609,-3,9000,9500,8000,9700,11200,12000,15000,-2,18600,13000,15000,17800,-2,-2,34000,41000,25000,27000,22350,45000,50000,32500,35303,35000,37000
5829,14,-4,1,2,8000,5400,76,66,61091,-3,15250,15600,20700,26100,8700,10000,15400,13000,14000,29100,24700,23625,32392,17790,26840,35000,38000,45000,25000,32000,32000,31000,25450,23825,25000
5830,14,-1,1,2,-1,-3,25,27,39046,9400,9700,14800,15000,-2,30000,27000,-5,-5,-5,-5,-5,-5,-5,-5,-5,-5,-5,-5,-5,-5,-5,-5,-5,-5,-5
5831,11,6600,1,1,6600,5000,6,8,11769,8000,-2,938,-2,20300,32960,22000,20280,-2,34000,28400,-2,-2,36800,36000,-2,38000,21000,-2,63000,56000,63000,60000,30000,-5,-5
5832,11,2500,1,1,2500,-3,22,29,31509,3000,2000,2200,-2,-2,-2,-5,-5,-2,-2,-2,-2,-2,-2,-2,-2,-2,-5,-5,0,15337,27135,-2,-2,-5,-5
5833,14,6000,1,2,6000,-3,32,21,27597,-3,-2,15500,-2,10308,15000,-2,18000,21000,34030,-2,-2,53000,-1,-1,-1,-5,-5,-5,-5,-5,-5,-5,-5,-5,-5
5834,14,11178,1,2,11178,11000,34,43,43362,11000,18168,0,0,0,1175,0,36500,35000,32000,40000,44800,45000,48180,52844,56400,45000,42000,54000,70000,66500,169700,119200,120000,93500,80200
5835,14,27170,1,2,27170,52000,56,59,63687,46000,35000,47000,32500,13000,50000,53700,68000,43324,-2,9496,22000,16000,17020,19880,18120,-2,-2,36000,40030,43050,40300,45050,42000,-5,-5
5836,14,-4,1,2,12480,12000,73,80,79749,6050,20000,15710,20000,20920,28621,35000,32400,-2,35000,41000,32000,37050,46000,-5,-5,-5,-5,-5,-5,-5,-5,-5,-5,-5,-5
5837,11,2628,1,1,2628,-3,6,13,18736,7000,-5,-5,-5,-5,-5,-5,-5,-5,-5,-5,-5,-5,-5,-5,-5,-5,-5,-5,-5,-5,-5,-5,-5,-5,-5
5838,11,2628,1,1,2628,-3,8,9,10094,-3,-2,-2,6142,4796,6130,4358,-2,3000,-3,11703,12880,11440,14692,17000,-2,-5,-5,10680,7500,6948,7574,31568,-5,6336,9972
5839,14,-4,1,2,19000,30000,33,29,32883,22800,72500,21575,25695,41000,19750,17600,12500,20200,27600,29600,31600,29000,32600,8300,6288,33600,16800,13200,0,24000,14400,14400,14400,16800,21600
5840,14,6000,1,2,6000,-3,11,17,23472,7990,10368,10104,-2,3238,14640,7380,-2,7920,9756,10320,12779,10356,-5,-5,-5,-5,7736,7663,37924,29120,22200,14000,15168,10000,-5
5841,14,16000,1,2,16000,17000,6,6,5281,-3,2200,-2,23000,35000,-2,4394,-2,21197,13985,9336,-2,18000,21066,-2,20605,-2,29700,-2,9876,3156,12864,13056,13368,13596,13896
5842,11,16000,1,1,16000,17000,30,29,37727,5000,7656,8000,14500,15000,19300,23176,28100,-2,-2,48050,47000,-2,53000,55000,55000,64000,102000,-5,-5,-5,-2,-2,-5,139000,145000
5843,11,16000,1,1,16000,17000,46,38,54210,-3,2200,6000,7000,20000,7400,7000,11100,12500,10110,-2,9000,9000,9000,-2,10000,20000,22000,-5,-5,34000,28000,15000,-2,18000,65000
5844,14,12544,1,2,12544,-3,14,12,17499,11000,6360,2865,4013,11000,10000,15000,-2,9000,20000,12000,17000,19544,22672,35000,47000,58500,57000,57000,26000,27500,30000,30000,40000,42000,40000
5845,11,-4,1,1,3200,23000,49,36,42707,14856,6000,10156,9896,9600,13000,7500,9000,-2,16530,16000,19515,13780,18747,13000,15700,37000,33000,50000,35000,40000,79324,-2,72624,82522,32000
5846,11,17644,1,1,17644,-3,4,10,17877,23520,-2,-2,-2,23000,-2,3228,4764,14768,8432,108,300,5692,-2,4279,6204,2325,7668,10440,6840,8611,24216,17100,16932,4160,7960
5847,11,17644,1,1,17644,-3,4,1,1159,23520,-3,-2,-2,20000,9460,8095,9400,6000,6000,9068,-2,11000,10000,18000,13000,22000,15000,22000,17000,25000,19000,10000,23800,38288,23600
5848,11,24250,1,1,24250,25000,-4,-4,-4,-3,16000,22000,40000,20000,-5,-5,49000,-2,-5,-5,-5,-5,-5,-5,-5,25000,17000,-5,-5,-2,23000,-2,-2,-2,4150
5849,14,4000,1,2,4000,-3,3,4,2001,4984,2281,5500,6400,3600,-2,5000,19000,20032,46000,30000,40404,37200,37068,-2,23000,35000,39480,32500,-2,21500,-2,16000,-2,28600,24000
5850,11,26000,1,1,26000,20000,73,80,87660,30000,25000,40000,35000,45000,40000,20000,14500,-2,-3,-2,-2,-2,0,18000,15000,-5,18000,18000,30000,30000,35000,40000,56000,48000,50000
5851,11,26000,1,1,26000,20000,51,59,53332,30000,25000,40000,35000,19450,21400,20000,23000,24600,26000,25000,52000,18600,44700,-2,70000,-2,26500,34000,37000,41200,113000,45600,52000,56000,64000
5852,14,17000,1,2,17000,-3,32,41,44171,-3,12900,13000,12000,12000,14400,-2,24000,21500,-5,47736,-2,-5,-5,-5,-5,-2,-2,-2,75964,107000,116000,50000,7740,48000,-3
5853,14,17000,1,2,17000,-3,28,41,54778,12000,19000,26248,44686,35000,15600,19000,27000,28500,25000,31728,-2,2873,4020,7728,16672,20672,30200,28500,16064,19488,16800,-2,8984,31920,55180
5854,11,-4,1,1,-3,5500,1,1,3655,19632,16880,6000,4000,16000,16687,-2,-2,20328,0,3000,13438,-2,-2,3692,18000,-2,0,-2,-5,-5,-5,-5,-5,-5,-5
5855,14,-4,1,2,9000,-3,13,15,20165,7181,13124,5208,5778,-2,8080,5000,250,700,1000,8050,42000,-2,29100,4500,-2,27000,-2,49232,34160,25000,-2,90000,95000,30000,-5
5856,14,30000,1,2,30000,3700,80,73,79526,25000,16050,17075,21600,24020,24050,16000,29075,31200,31700,21170,21000,26000,31000,137500,40200,98300,50000,114000,108287,125500,230000,175000,142096,205200,100000
5857,11,30000,1,1,30000,17000,58,62,66117,4900,18184,16926,18200,19080,19250,22600,28922,16000,18800,37700,28500,-5,-5,-5,-5,-5,-5,-5,52500,63600,79200,67000,89000,100000,90000
5858,12,-4,3,2,7050,10800,95,95,94156,12000,25502,22000,20500,26860,36988,38000,37500,39000,40345,-5,-5,-5,-5,-5,-5,-5,-5,-5,-5,-5,-5,-5,-5,-5,-5
5859,9,-4,3,1,5900,8329,84,99,99885,12054,26570,23531,21000,25000,36000,36000,36000,39000,38000,-5,-5,-5,-5,-5,-5,-5,-5,-5,-5,-5,-5,-5,-5,-5,-5
5860,11,-1,1,1,-1,-3,8,7,3189,10000,10000,10000,-5,20200,17464,20100,28000,44000,-5,38000,22000,30000,25000,44000,55000,80100,100000,77000,85000,142000,-5,170000,-5,-5,-5
5861,14,20000,1,2,20000,-3,32,25,36183,21500,16600,18800,-2,30100,-2,-2,38400,45000,46300,45000,66000,74000,-2,-5,-2,37000,-5,-5,-5,-5,-5,-5,15709,-2,-5
5862,14,20000,1,2,20000,-3,19,13,18583,-3,-2,-2,1446,-3,15000,6366,14000,9000,12204,12120,13166,14464,14242,-2,15121,17500,21000,21000,44000,29000,28000,27000,28000,6000,8000
5863,11,18000,1,1,18000,-3,24,27,33757,-3,12000,28500,19000,25000,3500,3620,18400,34000,-3,46000,46000,54000,56000,66000,71000,-2,44000,55000,51000,55000,62000,65000,67000,69000,70500
5864,11,4400,1,1,4400,3500,4,1,1859,11600,-2,11000,11000,16000,25000,1300,30000,27000,29000,44000,-3,45070,55000,27000,37000,35000,37000,120000,140000,42000,60000,90000,95000,77000,135000
5865,11,-4,1,1,4520,-5,41,32,32978,-5,9500,20312,15505,22220,24000,30224,16600,18110,29000,32530,31210,37254,52560,42200,43300,52150,72200,82596,82100,92009,82708,67013,107050,96266,94400
5866,11,9400,1,1,9400,-3,25,23,21750,1300,24000,-2,12800,-5,-5,-5,-5,-5,-5,-5,-5,-5,-5,-5,-5,-5,-5,-5,-5,-5,-5,-5,-5,-5,-5
5867,14,9400,1,2,9400,10000,57,62,66081,13000,25000,28000,23060,60000,30000,32500,30500,31005,35060,35150,55300,42000,50000,-5,-5,-5,-5,-5,-5,80000,133000,159300,179100,190200,205400
5868,14,18500,1,2,18500,28000,47,52,65400,-3,6888,-2,12000,15600,10365,0,10800,12000,10000,-2,16800,-2,12000,19200,9600,41000,-5,12648,-2,-2,21800,-2,65700,60000,75000
5869,11,5400,1,1,5400,-5,-4,-4,-5,-5,-5,5130,15360,17000,22500,27000,16000,15500,17050,19000,21039,21006,26002,32500,30000,-5,-5,-5,30000,33005,37000,30000,40000,30000,36000
5870,14,5400,1,2,5400,-3,10,8,4481,5700,7800,21140,-2,27992,28450,-2,33000,25000,31400,-2,-2,26966,-2,-2,28798,33900,48000,45000,49900,54000,33000,-2,27000,-2,30000
5871,11,5400,1,1,5400,-3,8,7,11749,5700,7800,-2,-5,-2,13000,5450,14500,20000,-3,19050,-5,-2,-1,18000,24000,-5,-5,-5,-5,-5,-5,-5,-5,-5,-5
5872,11,7000,1,1,7000,10000,16,13,12490,-3,11000,-2,-2,-5,-2,-5,14000,-2,11020,12144,10600,11800,21000,19000,21500,30000,33000,38500,34600,35500,42200,-2,57416,32857,-3
5873,14,4000,1,2,4000,12000,56,47,65245,7000,8000,5000,7000,0,2000,12154,45000,21000,-2,36000,50000,20000,29600,64160,-2,75000,-2,80000,52350,60000,83800,-2,84000,87000,103000
5874,14,8000,1,2,8000,-3,69,63,68233,9407,10991,34500,32000,29000,34000,-2,-2,18000,16632,18480,17744,-2,18000,-1,-2,-2,29000,50000,68000,87600,120000,82000,-2,-5,-5
5875,11,-2,1,1,-2,3000,18,18,16221,-3,8400,10500,25447,14000,16000,22758,10000,10000,18750,18000,6186,18301,29000,17500,17000,-1,-5,66200,51500,23000,29600,34924,36640,27000,0
5876,11,-2,1,1,-2,3000,29,38,31801,-3,13500,1500,17400,25000,35000,25000,20200,20000,22529,24030,8800,5300,29500,39000,38000,43000,50000,50050,60000,74000,64000,60000,-5,-5,-5
5877,11,-2,1,1,-2,3000,6,8,14034,-3,13500,1500,16500,6000,5000,6992,5447,13500,13000,21000,22013,22000,29000,-5,-5,-5,-5,-5,52000,46000,41000,39648,33700,40400,43256
5878,14,-4,1,2,-3,-3,-4,-4,-4,-3,6500,-5,7000,7840,8160,-5,10000,14000,10800,22000,14000,60000,189918,32000,-5,-5,-5,-5,-5,-5,-5,-5,-5,-5,38000
5879,11,-4,1,1,6212,10000,42,61,51499,13540,17300,19039,23000,22600,12512,10000,18000,13079,16000,29500,30000,32100,31000,21000,-5,35000,-2,87020,96000,97760,60000,64000,63000,73000,83416
5880,14,-4,1,2,-2,-3,1,1,0,0,510,6744,7488,5675,140,8400,2535,3332,3972,-3,8190,12656,11124,1610,0,-5,-5,890,8000,20904,17000,23000,15000,17000,17000
5881,11,-2,1,1,-2,10000,36,35,35074,20000,20000,5273,8294,7732,25000,12000,9600,11119,15000,16840,18820,23000,28000,19000,29000,-2,52000,24000,47500,48000,30000,38000,40000,-5,-5
5882,11,-2,1,1,-2,10000,16,13,14844,18500,20000,23000,25000,9500,10000,11950,8000,11000,13000,37700,15800,12900,15000,13000,16000,63000,-2,36000,50560,80176,52200,41000,43000,60852,49000
5883,14,17000,1,2,17000,18476,21,16,18439,-3,12400,-2,-2,-2,6780,6888,4198,7772,8584,-2,-2,-2,-2,-2,6280,-2,-2,-5,-5,-5,-5,-5,-5,-5,-5
5884,11,5150,1,1,5150,-3,1,1,2447,7600,-2,16748,15700,9524,14052,-2,15000,9000,11000,28600,22000,34000,45000,64000,38080,33000,28000,-1,34000,90000,72000,36000,50000,39000,20000
5885,11,-1,1,1,-1,-3,17,22,31523,7600,-2,5286,5403,7560,9900,16800,19000,33000,-3,25020,20000,-2,14500,22000,21500,22000,36000,43500,42400,60000,73000,86000,88000,77000,79900
5886,10,-4,2,1,17000,-3,6,3,2639,8000,20000,28000,30000,28500,24000,26000,29000,31000,38000,36500,839078,39030,44050,45800,60000,-2,46000,66000,56000,54000,72000,65000,80000,63000,73000
5887,13,-4,2,2,17000,23000,21,24,27786,17030,35000,28000,30000,28500,24000,-2,-2,30010,40000,41000,38005,37002,44012,45010,58000,57000,0,59000,68000,55000,73000,65000,125700,65000,-3
5888,13,-2,2,2,-2,-3,35,33,38113,-3,9000,8000,14000,-2,4000,-2,7000,4840,35000,0,0,-2,5016,9000,-2,-5,-5,-5,2000,0,1225,-2,10652,-2,-3
5889,13,-4,2,2,7488,7500,20,30,26436,30000,27000,5205,6952,7285,7052,10000,7356,0,8140,14992,11788,10308,-2,24600,-5,-2,-5,-5,20000,31000,34000,38000,38000,43000,-3
5890,10,-4,2,1,3500,3239,55,64,68716,5662,33070,7294,10000,5200,-5,3300,0,-2,-2,0,-5,600,4440,-5,-5,-5,-5,0,15600,-5,8448,8784,-5,-5,-5
5891,9,6000,3,1,6000,12365,21,19,19488,12200,-2,-2,7400,1100,0,0,4149,-2,2600,-5,-5,-5,-5,-5,-5,-5,-5,-5,-5,-5,-5,-5,-5,-5,-5
5892,12,6000,3,2,6000,12365,41,37,51201,19000,-2,12100,-5,12020,14500,17550,16350,34800,32100,-5,-5,-5,-5,-5,-5,-5,-5,-5,-5,-5,-5,-5,-5,-5,-5
5893,10,25000,2,1,25000,22000,32,45,55184,-3,-2,7680,11000,12090,-2,19000,-2,-2,-2,-2,-2,-5,-5,-5,41000,45000,-5,-5,-5,-5,-5,-5,-5,-5,-3
5894,10,8800,2,1,8800,4800,21,16,22169,-3,-2,-2,-2,-2,-2,0,-2,16842,-5,-5,-5,-5,-5,-5,-2,-5,-5,-5,-5,-5,-5,-5,-5,-5,0
5895,13,8800,2,2,8800,4800,60,69,84647,0,390,3934,5435,4466,536,4677,10720,6556,8849,110,13796,13075,3000,8896,-5,-5,-5,-5,39420,-2,12110,10449,-2,10800,-3
5896,13,20000,2,2,20000,-3,7,8,4711,-3,34795,-2,-2,-2,-2,46000,11000,17025,19000,15000,20020,-2,-2,-2,-2,22000,37000,52194,45000,47000,48000,57995,87000,103480,84436
5897,13,12000,2,2,12000,13400,28,32,43280,13000,-2,17000,38280,-2,25000,26500,21788,19276,16800,17500,19289,24000,22074,31000,-5,-2,55900,3055,73000,73000,82000,83000,120800,110000,-5
5898,10,16000,2,1,16000,17000,20,25,32347,-3,-3,-2,20000,-2,30000,-2,-2,-2,22200,18020,23014,-1,25000,-2,-2,53000,-5,-5,133000,-2,78000,82000,85000,110000,214000
5899,13,16000,2,2,16000,17000,25,31,39897,3478,7000,-2,-2,-2,8000,29177,13400,-3,-2,24000,29200,8111,-2,6736,20805,15120,29000,46600,91000,93000,108792,-2,-5,-5,-5
5900,13,14000,2,2,14000,20504,20,21,18631,-3,34009,32505,17000,-2,25000,41054,17515,22000,27000,0,23000,29600,35000,41600,12000,53000,107000,90000,90000,97000,85088,59600,-2,80000,-3
5901,10,5100,2,1,5100,5200,8,13,18447,6000,918,7501,0,0,-2,18900,0,-2,-2,-2,-2,-2,-2,-5,-5,-5,-5,-5,-5,-5,-5,-5,-5,-5,-5
5902,10,5100,2,1,5100,5200,7,8,7212,6000,918,7541,-2,0,0,0,-2,0,0,-2,-2,3792,-3,345,-2,-2,2100,25000,27500,-5,-2,-5,-5,-5,-5
5903,11,2592,1,1,2592,2501,1,1,5588,-3,75001,8112,4032,4152,4512,4536,4632,4632,5016,-2,-2,-2,-2,-2,11628,0,10850,11040,15600,8460,7608,0,0,17538,22308
5904,11,2592,1,1,2592,6900,2,1,4110,-3,-5,-5,7158,-5,-5,-5,-5,-5,-5,-5,-5,-5,-5,-5,-5,-5,-5,-5,-5,-5,-5,-5,-5,-5,-5
5905,11,-4,1,1,5000,14000,6,8,1881,5160,-2,12000,13284,-3,14280,11400,0,20000,-2,3000,4255,-2,-2,-2,40000,66000,-2,-2,-2,130300,190000,0,61600,136000,79000
5906,13,-2,2,2,-2,15000,17,13,7658,10000,4968,5560,-2,7756,8084,-2,-2,75049,9252,11976,9144,18844,14436,3500,17628,24000,25000,15000,20875,17232,17000,36828,25000,37990,25000
5907,10,13500,2,1,13500,15000,25,25,34919,6000,9900,9000,8400,14356,-3,12000,12200,-2,25075,26070,26000,25000,26400,25100,27200,-2,105248,54520,68616,75140,85051,82012,101500,100828,110000
5908,10,13500,2,1,13500,15000,8,11,10124,-3,17000,25000,30000,-2,0,0,0,0,0,0,0,0,-5,-5,-5,-5,-5,-5,-5,-5,-5,-5,-5,-5,-5
5909,13,75001,2,2,75001,-3,25,18,22402,12000,15000,15000,12500,6000,-2,-2,9728,-2,34539,46640,50000,-2,-2,-2,31900,41900,30000,28000,35000,-2,36000,34000,40000,46000,51000
5910,11,3400,1,1,3400,6000,24,27,32086,4000,6000,10000,-5,4000,7000,-2,12000,-5,-5,-5,0,3000,3500,700,860,800,1240,-5,240,-2,15600,-5,-5,-5,-5
5911,13,9000,2,2,9000,20000,23,23,24056,35000,30000,5594,10650,51120,40000,50000,45000,49400,51000,73800,52000,53400,-2,86500,117400,-2,-2,83000,113000,132000,87400,15000,-2,23400,54072
5912,10,6000,2,1,6000,10000,21,27,28605,6000,11000,8000,-2,30000,30000,26000,16000,16000,31804,6000,14000,16000,16000,16000,-2,42000,-2,26000,35000,35000,60000,45252,0,40000,30000
5913,13,-4,2,2,5000,4968,7,5,1798,12066,14740,-5,23752,-2,-2,29930,-2,7200,19000,12080,14040,13440,16300,19852,20240,49000,-2,-2,73800,88280,102800,66404,54600,79600,75600
5914,13,9000,2,2,9000,6500,21,13,19327,12000,10920,13815,13600,16000,15800,20000,13000,13000,15000,20536,20000,15000,23589,21999,22075,27100,31000,65185,54950,64848,34400,-2,-2,82363,-3
5915,10,6000,2,1,6000,-3,4,4,10206,2000,9000,10000,10000,9000,10000,73000,37000,-2,26000,33000,72000,59000,72000,42000,74000,-2,1400,29800,35400,36000,-2,33400,32200,25000,-3
5916,13,13000,2,2,13000,14000,41,36,41107,15000,35000,25000,30000,38000,30000,38800,-2,-2,7032,7000,27400,0,3345,17400,13728,13124,25344,18308,6000,15168,16692,9708,864,10272,9482
5917,10,13000,2,1,13000,14000,18,15,23944,15000,35000,25000,30000,38000,30000,9000,16000,22000,-2,20000,18000,-5,-5,125000,72000,-2,42000,40000,479983,250400,80000,497763,595986,-1,-3
5918,10,6000,2,1,6000,25000,3,4,7757,13000,15000,10000,9000,7000,10000,-2,0,43500,17000,10000,9000,-2,17000,9000,22000,0,31000,19500,0,33800,23000,73000,-5,-5,-3
5919,13,-4,2,2,2000,8000,16,17,9436,25000,2250,23500,32000,42000,49300,48152,54000,65000,97500,159805,839078,160097,0,14000,37500,46800,29000,39000,50000,88960,48900,104400,21600,116600,177000
5920,10,4000,2,1,4000,4800,3,1,664,3000,8000,7000,13000,15000,20000,-1,-2,-1,-2,-1,-1,-1,-2,-2,-5,-5,-5,-1,40000,38000,12000,16800,-5,-5,-5
5921,10,9000,2,1,9000,-3,11,13,16823,10150,-2,-2,7000,-2,18000,14800,-2,20000,28000,24000,78000,-2,-2,-2,-2,-5,-5,-5,-5,10000,-1,-5,-5,-5,-5
5922,10,9000,2,1,9000,9000,1,2,1142,9270,-2,-5,25000,-5,-3,23000,24000,0,0,5000,10000,18000,22000,22900,42000,-5,-5,-1,50000,35000,-5,-5,7000,38440,40160
5923,13,4996,2,2,4996,5256,30,32,41347,-3,7500,-2,-2,-2,-2,28352,-2,-2,-2,-2,-2,-2,-2,29837,26256,31200,38400,46000,45000,-2,54000,30000,22800,80120,98244
5924,10,2000,2,1,2000,-5,-4,-4,-4,6500,-5,10000,8531,-2,35000,27000,-2,-2,-2,-2,-2,18000,-2,24500,-1,32000,0,144000,26000,0,8000,2400,27000,-2,32000
5925,13,2000,2,2,2000,3816,33,32,39478,-3,-2,-2,-2,-2,10700,4001,-2,-2,-2,-2,54000,-2,34000,33000,-2,-2,0,-1,96000,50000,53000,53000,-2,-2,-3
5926,13,-4,2,2,3156,6008,67,67,72313,6130,-2,-2,12012,8148,-5,-5,-5,-2,6301,7120,7296,13732,3838,-2,32416,-5,29000,35000,37000,37000,33998,-5,-5,-5,-5
5927,13,3684,2,2,3684,-3,1,4,9984,0,-2,2486,-2,-2,4840,0,-2,4968,4925,3384,5712,-3,-2,5376,3588,0,0,0,0,1500,-2,-2,4000,-2,-3
5928,10,7500,2,1,7500,-3,26,22,33971,702,2835,-2,3156,870,1242,4580,16000,20516,43600,40178,-2,-2,-5,-2,1200,3600,0,9948,1500,38000,16800,8640,8664,18820,-3
5929,10,11000,2,1,11000,15000,18,13,14437,-3,-2,30000,20000,1000,10532,8000,9000,9000,7117,10000,13000,-2,18691,33800,-2,25000,65000,12000,20000,80000,5000,0,-5,-5,-5
5930,13,11000,2,2,11000,22000,36,28,36116,23000,20000,-5,-5,-5,-5,-5,-5,-5,-5,-5,-5,-5,-5,-5,-5,-5,-5,-5,-5,-5,-5,-5,-5,-5,-5
5931,10,8500,2,1,8500,-3,13,8,10143,18000,11255,7200,800,25000,32000,-2,66000,-2,-2,-2,30000,-2,-2,-1,-2,45000,36200,-5,-5,-1,-5,-5,50000,-5,-5
5932,13,8500,2,2,8500,-3,8,8,4865,18000,-2,6000,3750,-5,-5,11432,-5,-2,17985,31972,22801,0,9072,20540,16250,19000,30000,-2,122200,128515,-5,110758,130000,-5,197000
5933,10,10000,2,1,10000,12000,1,1,576,-3,-1,-2,-1,-2,-1,-2,1000,-2,-2,-1,-2,-2,-2,-2,-2,21000,29000,28000,30000,23000,24000,21000,4000,-2,0
5934,13,6492,2,2,6492,5688,6,7,9776,7572,8892,4436,16152,13000,14500,6500,12580,9228,7332,1752,1512,-2,14583,-2,7680,10872,8472,-5,-5,-5,0,18749,19200,-5,-5
5935,10,-4,2,1,5196,6502,87,74,68328,23200,33000,45859,41198,37300,52800,45500,55000,83300,71100,68850,72000,87700,80600,93100,-1,121500,119485,177100,149000,178000,174000,187500,167000,-2,207221
5936,13,18000,2,2,18000,20000,34,38,40420,23000,24000,30000,26243,35000,32000,38684,-2,41276,-2,-2,53028,-2,-2,56000,40000,30000,30000,30000,20000,12000,30000,45000,12000,53000,71000
5937,10,-1,2,1,-1,12000,11,15,10945,25278,43000,47500,37000,-5,-5,-5,-2,-2,-2,-2,-2,-2,27400,8000,-5,-5,-5,-5,-5,-5,-5,-5,-5,-5,-5
5938,10,-1,2,1,-1,21000,30,37,39951,25278,-1,-5,-5,-5,-5,-5,-5,-5,-5,-5,-5,-5,-5,-5,-5,-5,-5,-5,-5,-5,-5,-5,-5,-5,-5
5939,10,-1,2,1,-1,21000,30,38,48824,25278,-1,3200,-2,-2,-5,-5,17511,17600,25000,25509,26000,31035,-5,-5,-5,-5,107000,105600,128900,-5,123500,147700,123000,195525,-5
5940,10,2964,2,1,2964,3000,33,32,36293,-3,2973,12901,20461,40000,30647,34012,49000,60660,-3,-2,839078,52850,55700,57000,79600,-2,65000,78900,92000,-2,-5,-5,-5,-5,-5
5941,13,17000,2,2,17000,10000,19,17,11601,6070,7500,7984,2400,5792,6572,27958,32060,42050,25400,25030,27000,25000,23000,26500,25000,26800,38000,32300,88000,85000,87202,39202,39000,33200,28800
5942,11,9504,1,1,9504,11300,2,3,10859,7571,-2,-2,4000,2000,9120,-3,-5,-5,13212,6936,16504,-3,-2,15560,-2,18000,18000,19000,18000,4500,-5,2400,-5,-2,4212
5943,11,9504,1,1,9504,11392,2,2,1526,7571,7059,7800,960,-2,3660,-1,7980,8060,25000,23796,-5,-2,-2,-2,-2,30000,46000,37000,-2,-2,-2,-5,26000,-2,21000
5944,13,4500,2,2,4500,4776,13,6,4569,5100,8500,-5,-5,-5,-5,-5,-5,-5,-5,-5,-5,-5,-5,-5,-5,-5,-5,-5,-5,-5,-5,-5,-5,-5,-5
5945,13,4500,2,2,4500,4776,6,8,12701,5100,8500,11200,11000,12000,-2,12600,28580,27000,-2,-2,24000,77386,-2,0,0,-5,12500,4000,0,3480,-2,4080,-2,2328,-3
5946,11,-2,1,1,-2,16000,9,10,9303,18700,-2,28700,42500,39000,22000,-2,0,-5,-5,-5,25000,26000,17000,-5,-2,15000,13000,35450,21500,50000,74132,60000,70000,-5,-5
5947,14,-4,1,2,0,0,-4,-4,-4,2652,0,4404,10400,4320,8000,-5,-5,-5,-5,6832,-2,-2,-2,-5,-5,-5,-5,13604,16000,17400,40544,-2,-2,-2,-3
5948,14,-4,1,2,-2,3000,6,6,4774,3000,595,1360,3185,7266,4824,-5,9160,5293,1500,450,17400,-2,-2,3443,7392,-5,-5,-5,7306,7320,92760,10500,-2,-5,-5
5949,10,-3,2,1,-3,-3,19,18,14683,8000,19000,10300,12661,10500,11000,40000,49224,-2,15000,15000,15040,4680,12400,25476,18880,48000,18000,45000,30000,0,15000,-5,-5,-5,-5
5950,10,6666,2,1,6666,-3,1,1,2148,8396,75001,-2,9000,1000,-2,9300,10780,15700,-2,6000,6624,-2,2964,3120,-5,-5,-5,-5,-5,-5,-5,-5,-5,-5,-5
5951,13,-3,2,2,-3,-3,3,2,360,-3,-5,9612,4198,3960,9660,15000,10636,14820,3629,11888,21404,13336,11770,-2,6200,7364,28332,4358,16608,3276,2100,18200,2328,2628,-3
5952,13,2000,2,2,2000,-3,1,2,5515,9267,6000,-2,-2,5316,-2,-2,6306,-2,-3,876,-2,6264,7356,-5,-5,-5,-5,-5,-5,-5,-5,-5,-5,-5,-5
5953,13,-4,2,2,3276,-3,32,24,20907,5306,12000,11000,14000,10009,-1,19000,16140,11000,16000,16700,19800,21500,22000,26000,12200,92000,97000,48450,57000,44000,57000,60322,64322,69833,-3
5954,13,3912,2,2,3912,2000,30,34,33368,5000,2976,5065,-2,6927,9696,13760,18000,14405,24300,15407,10610,15085,15955,-5,-5,-5,-5,-5,-5,-5,-5,-5,-5,-5,-5
5955,13,3912,2,2,3912,2000,21,21,25123,281,2976,5065,-2,6927,12000,14165,18000,16005,0,14800,18000,19600,56400,-2,16000,23659,14268,0,16004,15048,33500,20000,30568,4561,-5
5956,13,4498,2,2,4498,6072,23,23,35041,3888,4968,4956,7596,-2,-5,-5,-5,45020,-5,-5,-5,-5,-5,-5,-5,-5,-5,-5,-5,-5,-5,-5,-5,-5,-5
5957,13,-1,2,2,-1,25000,8,9,13943,-3,-2,-2,2952,9852,-3,6168,7140,11746,-2,9168,7488,6624,12444,25320,0,6300,8500,6300,0,14272,8536,9624,10492,11448,9372
5958,10,15670,2,1,15670,26300,12,11,10501,21000,16000,-2,10000,75000,-5,-5,-5,-5,-5,-5,-5,50000,40000,-5,-5,-5,-5,-5,-5,-5,-5,-5,-5,-5,-5
5959,10,15730,2,1,15730,26300,5,6,13211,21000,16600,-2,10000,75000,70000,51000,-5,64000,53000,48000,14000,-2,-2,-2,-2,-2,20,35000,-2,45000,50000,-2,60000,30000,0
5960,10,4596,2,1,4596,4716,1,2,4472,6500,4616,13000,-2,-2,-2,-2,-2,-2,-2,9000,-2,7500,-2,4754,-2,15000,16500,14772,18000,15000,75580,10000,0,10328,7304
5961,10,4596,2,1,4596,4716,7,5,3494,6500,4616,13000,-2,-2,-2,-2,-2,8040,-2,-2,1000,16900,-2,-2,-2,5000,-2,-2,21000,-2,-2,48000,54000,-2,-3
5962,10,12000,2,1,12000,18562,2,2,4441,12684,9980,567,-2,-5,-5,-5,-5,-5,-5,-5,-5,-5,-5,-5,-5,-5,-5,-5,-5,-5,-5,-5,-5,-5,-5
5963,14,3912,1,2,3912,4632,7,5,4767,4965,4968,4572,5368,5121,-2,-2,-2,-2,-2,-2,2266,6084,-2,0,0,10000,-2,20000,28000,41000,39500,35000,35000,37000,40000
5964,10,-1,2,1,-1,-3,25,20,15949,-3,-2,-1,-1,-1,-2,-2,-1,-2,-2,-5,-2,0,-1,-2,10079,-2,-1,-1,-5,0,480,-5,-5,-5,-5
5965,13,8110,2,2,8110,9289,27,31,28340,5789,5700,6066,5846,6072,-2,12460,8196,12980,9042,9204,10536,12932,11568,12032,10400,17840,-2,13800,15740,14700,20900,24456,19488,8080,-3
5966,10,-2,2,1,-2,-3,7,1,259,9000,-2,1242,3396,1098,4240,3860,11000,-2,-2,-2,-2,12000,0,-2,15000,-2,55720,62000,-2,-1,17383,31000,29580,-2,-5
5967,13,2500,2,2,2500,20800,4,8,10763,5000,-2,-2,900,1890,5128,15188,2748,5500,-1,-2,2364,7347,-2,16600,6000,0,7000,38610,39000,26600,-1,-2,-2,-2,-3
5968,10,0,2,1,0,-3,7,7,7852,-3,-2,-2,1900,1162,-2,2400,0,0,0,0,0,-2,-2,-2,-2,-2,10800,-2,42000,46296,-2,22525,3000,-2,38000
5969,13,27035,2,2,27035,-3,17,16,11298,27000,20000,27000,58912,46000,56000,28000,27000,30000,31300,32000,32000,46000,43000,-2,-2,109000,104000,118000,128000,170000,152000,138000,101000,130000,152000
5970,13,-1,2,2,-1,-5,-4,-4,-5,-5,-5,-5,-5,-5,-5,-5,-5,-5,-5,-5,-5,-5,-5,-5,-5,-5,-5,-5,-5,-5,-5,-5,-5,-5,-5
5971,10,18000,2,1,18000,45000,77,86,87384,20000,-2,24350,13680,3152,32000,9060,-2,-2,33108,-2,-2,-2,-2,31000,-2,332808,27500,15000,37000,40000,57047,68000,41000,45000,-3
5972,10,16000,2,1,16000,-3,46,54,59609,20000,26800,32100,42350,45000,20000,30000,-5,-5,-5,-5,-5,-5,-5,-5,-5,-5,-5,-5,-5,-5,-5,-5,-5,-5,-5
5973,13,-1,2,2,-1,-5,49,55,68681,-3,7200,14010,17000,7268,-2,-2,12000,-2,-2,7116,-2,20520,18168,9816,14112,15408,15648,12079,15000,9400,2250,14900,0,11188,32304
5974,10,-1,2,1,-1,-5,4,5,9215,-3,-5,-5,-5,-5,-5,-5,-5,14200,13000,-5,-5,-1,-2,-1,-2,-5,-5,-5,15000,-5,-5,-5,-5,-5,-5
5975,10,16000,2,1,16000,-3,30,30,36124,6464,-5,13310,15500,-5,45000,8000,11000,-5,-5,-5,-5,-5,15000,67000,-5,-5,-5,-5,-5,-5,-5,-5,-5,-5,-5
5976,13,30000,2,2,30000,40000,28,29,32662,40000,30770,5391,6426,6663,5648,2426,10554,6540,7540,-2,9264,6492,19728,4692,0,-2,6000,-1,12012,9324,8064,-2,0,-2,-3
5977,13,30000,2,2,30000,-3,9,13,22057,-5,30500,-2,-2,-2,-2,14000,13300,26000,-5,25900,22000,-1,23100,41000,-2,-5,-5,67000,90000,100000,96000,-5,139600,143400,151000
5978,13,30000,2,2,30000,-3,50,53,36852,8000,-2,-2,-2,0,-5,4649,7650,2440,-2,-2,-2,8748,5492,1440,0,18380,-5,-5,-5,-5,-5,-5,-5,-5,-5
5979,10,30000,2,1,30000,-3,7,3,2744,-3,-2,-2,-2,12611,10755,65197,25000,-2,-2,-2,-2,-2,-2,-5,-2,-2,-5,50708,54246,0,21064,22800,-5,-5,-5
5980,13,30000,2,2,30000,-3,28,34,33147,-3,2477,1835,1016,6906,7232,-2,5188,7680,4536,6660,7752,8520,8856,-2,8976,-2,-5,6744,0,9336,10848,11196,-5,-5,-5
5981,10,8000,2,1,8000,-3,83,73,72710,14000,20000,24000,24000,28000,-5,-5,-2,-5,17000,18000,24000,47000,5120,-2,-5,-5,0,0,30500,73000,84045,-2,-2,14000,576
5982,10,8000,2,1,8000,-3,-4,-4,-4,19000,25000,20000,30000,6700,-5,-5,-5,-5,-5,-5,-5,-5,-5,14000,26000,-5,-5,-5,-5,56500,74500,81000,112000,-5,-5
5983,13,-3,2,2,-3,35000,49,42,47671,40000,47000,28750,2505,36000,33000,-2,19000,26000,31200,31050,37000,33000,-2,49812,50200,40000,57000,55000,65000,78000,8300,115000,115000,120000,130000
5984,10,-1,2,1,-1,25000,85,95,95281,-3,-2,31300,32800,-2,-2,82812,-2,-2,-2,-2,-2,30000,-2,-2,-2,-2,93500,-5,-5,-5,-5,-5,-5,-5,-5
5985,13,-1,2,2,-1,-3,50,54,60003,-3,-2,-2,22555,25000,28000,26000,27000,-2,42420,-2,-2,-2,44250,59000,58000,-2,-2,-2,86400,130000,80000,62580,80000,-5,-5
5986,13,-1,2,2,-1,-3,30,29,37750,-3,-2,-2,-2,6580,21000,42000,40000,-2,61000,65350,84000,70000,62000,74000,0,-5,69000,52000,83200,454737,90800,56000,60000,70000,56000
5987,10,12000,2,1,12000,40000,34,32,43102,14000,50000,32000,31000,-2,2400,35000,5600,9000,11000,12000,10000,14000,15000,16610,15200,16000,23000,27000,33000,40000,50160,60000,76000,73000,85000
5988,10,10800,2,1,10800,20000,30,42,50484,694,7720,-2,-2,-2,31477,37050,-2,-2,25000,27000,22300,26007,36020,41100,54800,-2,71600,124000,134000,121500,148861,141488,1680,166500,158000
5989,10,10800,2,1,10800,8000,36,51,60282,8000,15000,2300,13100,9727,11237,9350,19000,-2,18000,19000,11000,7000,12800,1200,-2,-1,-5,-5,-5,-5,-5,48000,12000,-5,-5
5990,10,-2,2,1,-2,4700,1,1,5045,13000,14000,18000,18000,-1,25000,-2,-2,-2,500,112,0,0,0,-2,16416,7200,6000,0,0,0,0,7200,48000,-2,0
5991,13,-4,2,2,3864,448,-4,-4,-4,16000,12000,-5,-5,-2,-5,-5,-5,-5,-5,-5,-5,-5,-5,-5,-5,-5,-5,-5,114000,87200,-5,86400,58100,-5,-5
5992,10,9050,2,1,9050,9000,33,30,39412,-5,-5,-5,-5,-5,-5,-5,-5,-5,-5,-5,-5,-5,-5,-5,-5,-5,-5,-5,-5,-5,-5,-5,-5,-5,-5
5993,10,9050,2,1,9050,9000,8,10,11922,6831,9000,-3,14053,12000,30000,0,2384,1758,5030,960,1200,4440,6736,7328,6220,2485,-2,5748,14088,-2,16800,4968,-2,-2,-3
5994,10,9050,2,1,9050,-3,15,12,20897,6831,9000,840,-2,-5,-5,-5,-5,-5,-5,-5,-5,-5,-5,-5,-5,-5,-5,-5,-5,-5,-5,-5,-5,-5,-5
5995,10,-2,2,1,-2,2604,5,4,5119,2200,3276,1932,189,115,-5,-5,-5,-5,-5,-5,-5,-5,-5,-5,-5,-5,-5,-5,-5,-5,-5,-5,-5,-5,-5
5996,10,-2,2,1,-2,3000,9,6,3013,-3,-1,10000,10000,11000,-1,-5,-2,-2,9840,1400,-2,-2,-2,-2,-2,10000,12000,-2,12600,14520,-2,14400,15792,49016,-3
5997,10,-2,2,1,-2,10000,23,27,37968,2200,-2,15000,20000,7940,-1,-2,-1,-5,0,0,6200,-2,-2,-1,-2,-5,-5,-5,125900,120000,105000,-5,143000,145000,-3
5998,13,3000,2,2,3000,17000,23,22,22809,2293,5500,6264,3888,5530,5652,4700,6390,13500,2720,8112,8136,-2,11268,19790,20150,21000,29700,-2,20000,18000,29548,-2,15000,0,19000
5999,13,7600,2,2,7600,-3,5,3,1379,-3,8000,-2,8200,20000,9268,-2,-2,15800,-2,15464,4164,-2,-2,53280,44138,20000,42200,0,7200,16200,-2,9804,18000,10080,-3
6000,10,3295,2,1,3295,3732,3,3,2344,1400,2674,4260,-2,17000,-2,5000,6000,8000,-2,-2,0,0,0,0,0,0,-2,0,60809,4000,-2,-2,-2,0,-3
6001,10,65000,2,1,65000,60000,30,35,37721,60000,65000,30000,50000,71000,72000,19000,14400,27550,-5,21640,30200,-2,-2,24000,42000,-2,-2,67000,99000,50500,98000,99000,111000,114000,129596
6002,13,8000,2,2,8000,-3,6,4,1880,6000,-2,1422,-3,-2,6828,5940,4128,6912,4820,5520,6600,-2,7104,-2,1690,36000,15480,32040,14000,-2,25000,31000,35000,3000,50000
6003,13,800,2,2,800,-3,31,30,37380,9800,15800,-2,6000,18000,15000,-2,8564,15332,9600,12104,9558,18172,11272,17040,18500,30000,31000,40880,20908,8770,12960,19900,4980,37404,-3
6004,13,900,2,2,900,-3,2,4,1105,-3,4834,4890,5640,6024,6276,6432,6220,4984,7260,7464,12564,5736,6660,-2,24000,-1,22872,27709,36000,34000,-2,42200,0,38000,45860
6005,13,5000,2,2,5000,7040,2,2,6998,4325,-2,3900,3684,4992,6312,6360,6624,7896,13512,8844,7284,-2,-2,13500,31300,-2,-2,39752,19600,-2,-2,26225,20000,21000,30000
6006,10,5000,2,1,5000,5900,14,15,20797,-3,4500,-1,3594,3700,5300,4400,4000,13100,7165,5000,11452,15240,20557,-5,-5,-5,-5,9000,5000,11298,20424,3000,2700,1088,27388
6007,13,5000,2,2,5000,7040,2,1,2360,3971,-3,3600,4060,1980,2144,924,4428,4464,-2,-2,7920,12014,7132,3312,15000,-2,20000,0,16850,3900,-5,-5,-5,-5,-5
6008,10,3012,2,1,3012,3320,58,58,72948,1665,3312,4060,4869,7150,9000,9763,9780,9698,11600,10464,14900,14563,-2,-2,24251,55000,-5,11264,28000,30700,23487,23500,27030,39450,47000
6009,10,2000,2,1,2000,5000,38,53,66979,6000,8200,1580,3706,4052,748,-5,-2,0,-5,-5,-5,-5,-5,-2,-5,-5,8000,5000,6500,0,1000,0,3080,-5,-5
6010,10,75001,2,1,75001,-5,-4,-4,-4,1032,-2,0,336,2414,1555,864,1284,-2,684,-2,0,-2,-2,-2,0,-2,0,0,168,0,0,8520,8892,11400,10670
6011,13,24000,2,2,24000,-3,11,12,19856,-3,5364,12366,5500,16216,18152,300,-2,-2,-2,-2,-2,-2,-2,-2,-2,29000,23000,5000,-2,25000,-2,26000,-1,-1,-5
6012,10,2156,2,1,2156,-3,2,1,618,10000,6811,5988,1350,-2,2129,4300,0,7800,14150,11079,5664,14580,-2,-2,-2,7000,28676,-5,58000,31000,-2,35524,14776,-2,-5
6013,10,18000,2,1,18000,-3,25,31,38153,-3,12000,1244,11400,18000,-2,20921,12600,800,18383,30200,-2,-2,-2,-2,-2,-2,0,44000,51000,-2,55000,12000,-2,-2,24000
6014,10,18000,2,1,18000,-3,9,9,10933,-3,12000,13822,14000,18000,24000,-2,0,44200,6088,4000,4632,1110,-2,-2,0,-2,6780,15600,14000,7560,35068,29000,-2,70000,100000
6015,13,6000,2,2,6000,5400,38,45,52981,4000,4300,9100,6600,6000,20000,18000,25100,-2,60000,65300,59000,83300,87200,60000,-5,60000,59500,55000,58000,-2,53000,51200,25200,60200,-3
6016,11,27000,1,1,27000,35622,46,56,58138,40000,35000,40000,19620,24040,24035,26100,70200,98050,29550,25930,41200,17000,6000,0,384,0,0,-5,0,0,0,0,0,0,-3
6017,13,8400,2,2,8400,14600,72,69,78769,7304,570,28000,31000,13029,21438,29680,-2,9800,11440,25290,27548,30063,13152,43200,57468,29221,28895,30000,61334,160243,97396,29976,42000,49972,53525
6018,12,-4,3,2,3150,22000,96,92,83314,-3,5650,10275,14005,15220,4012,3015,3581,18004,36927,-5,-5,-5,-5,-5,-5,-5,-5,-5,-5,-5,-5,-5,-5,-5,-5
6019,14,-4,1,2,0,6148,30,23,13225,6900,-2,11430,13480,12625,15640,57190,25000,27400,34000,26000,24500,30500,85360,13500,24900,32400,32000,38584,39500,48695,60000,30000,32500,45000,32000
6020,10,4000,2,1,4000,4000,59,53,58666,10000,-2,-2,-2,10015,10113,14815,22900,12932,10140,10996,11000,-2,-2,-2,12000,24000,-2,-2,25000,12080,13000,-2,-2,0,-3
6021,10,4000,2,1,4000,4000,46,46,51912,10000,-2,-2,-2,13671,-5,29300,-2,-2,-2,2000,-2,-2,-2,13700,8000,13826,-2,75600,20000,1000,6000,-2,-2,29000,15000
6022,13,4000,2,2,4000,4000,22,23,31352,-3,-2,-2,20000,13671,8200,26280,24156,20565,39026,39550,29560,-2,-2,14668,28732,37000,25454,25000,64832,22500,25000,38700,36000,38000,80500
6023,13,4000,2,2,4000,4332,17,19,22631,100,-2,6060,-2,19000,19000,26450,-2,35000,42000,32880,26112,32500,-2,57000,32000,32000,79800,84000,96300,-2,101000,118000,107200,113000,-3
6024,13,-1,2,2,-1,3448,4,5,2047,11780,0,2000,2000,4000,3000,8000,4000,0,0,-3,6840,-2,-5,2500,2407,-1,-5,-5,-5,-5,0,0,0,-5,-5
6025,10,-3,2,1,-3,249,2,2,487,4800,3000,8154,-2,13500,17236,15900,-2,816,15972,25356,11235,23580,-5,28200,-2,13000,36000,35000,28000,-2,77000,25000,30776,-2,-3
6026,10,13000,2,1,13000,16000,30,34,34386,33000,-2,10000,15230,17750,-2,26000,28000,25228,27858,-2,-2,16000,35000,35000,-2,54000,-2,39700,64100,90000,-2,-2,-2,80000,135000
6027,13,13000,2,2,13000,16000,12,12,18881,12000,-2,1500,18684,-2,-2,34200,50000,19000,53000,13800,-2,-2,-2,-2,53000,-2,-2,-2,-2,70000,68000,70000,-5,-5,-5
6028,13,12500,2,2,12500,3000,29,31,35512,15000,35000,20000,20000,24000,18000,11258,12631,14000,19032,-2,17326,15232,33376,26500,16355,-2,14548,26000,19000,27500,28300,25000,26000,28000,35000
6029,10,15000,2,1,15000,-3,4,2,581,75000,42000,69590,75001,12000,30000,58000,57000,53544,55000,11000,21240,25000,-2,68000,15000,18000,18000,24000,30000,25000,32000,21000,35000,32000,32000
6030,13,-2,2,2,-2,2000,4,5,6055,-3,2880,-2,4404,5568,6324,6408,7492,8128,14110,22862,9000,20000,29000,31100,44500,38070,31000,-2,24700,52000,19280,6895,42700,-2,22000
6031,13,-3,2,2,-3,1485,20,23,22841,2633,24000,23720,23000,13000,30100,33625,21200,20405,-2,2930,-2,-2,18532,-2,25000,-2,23000,8600,-1,27000,27600,20000,0,43000,36000
6032,10,5000,2,1,5000,18920,15,17,15649,22340,6562,8908,11000,25000,15900,17912,16000,20000,23300,32500,27050,-2,23000,-2,27000,77000,-2,73000,-2,77320,-2,-2,71000,249000,85600
6033,13,1928,2,2,1928,2000,6,6,12850,-3,2548,4452,4788,5688,7044,17792,8000,-2,12000,14600,-2,4836,-2,4200,16400,12000,12000,6148,28000,6000,1703,7698,1080,-5,5000
6034,10,1928,2,1,1928,3000,8,15,32364,4824,8200,7680,6947,7742,7000,16000,13800,14982,2600,-2,-2,-2,-2,15000,2000,9100,400,-5,8400,63000,86500,27600,29800,51650,4804
6035,10,1928,2,1,1928,2000,1,1,853,-3,8200,7680,5796,6588,16840,-2,6000,-2,-2,-2,1926,0,-2,-2,5499,-2,-5,-5,-5,-5,-5,-5,-5,-5,-5
6036,13,4660,2,2,4660,4000,23,24,26346,6734,7368,7663,9869,9250,-2,17500,14748,10663,8740,-2,16000,21000,37500,45000,41000,40536,37476,39020,36343,35000,36000,40000,37000,49243,47193
6037,13,12000,2,2,12000,12000,39,48,47817,3205,22000,22245,22760,27100,33500,-5,-5,-1,-5,-5,-5,-5,-5,-5,-5,-5,-5,-5,-5,-5,-5,-5,-5,-5,-5
6038,10,12000,2,1,12000,12000,25,38,44094,25000,23000,30321,-2,8000,20785,28000,14000,22900,27500,22500,-3,28000,29205,31700,35510,42630,-2,58000,73000,74500,-2,-5,-5,-5,-5
6039,13,3090,2,2,3090,2400,26,28,27539,9000,5200,6000,7197,8501,10000,12000,16000,14000,24000,25000,25000,24000,-2,-5,16000,14800,12000,-1,32000,21000,23500,34000,34000,31000,25000
6040,13,31000,2,2,31000,14000,11,8,8842,200,5049,1953,6005,-2,6998,-3,0,3432,8304,8424,6972,-1,-2,14340,-2,-2,-2,-2,12501,10000,21000,13000,13000,10000,20509
6041,10,31000,2,1,31000,41000,46,61,73916,45000,35000,50000,47000,-2,79000,78000,-3,26010,12000,13050,13020,12510,16000,-5,-5,-5,-5,-5,-5,-5,-5,-5,-5,-5,-5
6042,13,22000,2,2,22000,2325,26,23,30832,6565,10000,12842,15818,21036,19007,27040,28840,31100,28934,25000,25000,26500,34000,-1,65000,40000,43000,26500,37000,40000,42000,38000,26000,56000,40000
6043,13,22000,2,2,22000,-3,10,13,11038,-3,-2,4448,13000,15000,15000,11520,22000,23000,20000,42320,41340,40000,48000,-2,63000,82000,91000,109000,-1,-1,-1,-1,-1,-1,-3
6044,13,22000,2,2,22000,-3,30,34,40297,-3,-2,9163,-2,-2,-2,-2,2200,5000,-2,13000,8400,-5,-5,-5,-5,-5,-5,-5,-5,-5,-5,-5,-5,-5,-5
6045,10,3792,2,1,3792,2800,3,1,1742,-3,1000,800,-2,-2,-2,0,-2,-2,-2,-2,-3,1000,-2,3500,0,0,6240,18000,-1,0,0,6000,0,0,-3
6046,13,3792,2,2,3792,2800,1,1,755,-3,-2,2748,7128,8190,-2,6000,4620,-2,10632,10366,12396,12384,-2,19248,15892,-2,11340,10832,6449,6876,-2,-2,-2,-2,-3
6047,13,-4,2,2,7372,-3,5,3,5388,-3,9211,6259,6388,7116,10944,9390,11000,7729,11840,7772,20400,4900,8975,12107,19000,20340,22100,35875,18400,17150,18000,17000,15000,25000,24225
6048,13,-1,2,2,-1,3964,32,29,28135,5416,9612,10669,5294,18660,15569,4000,6616,10590,22601,30330,27015,36000,25000,34200,28000,38400,40144,34900,40600,40000,52000,57213,58000,69500,73571
6049,13,-1,2,2,-1,15000,16,20,19887,30000,-2,-2,16400,18188,20012,-2,29252,12500,-2,26000,-2,30800,32620,20792,10000,-1,32000,48000,56000,57800,-1,-2,40000,-2,-3
6050,10,-1,2,1,-1,15000,1,1,3678,30000,-2,-2,20000,-2,30000,12000,11800,9680,14240,12800,18782,15000,-1,-2,17000,-1,-5,16000,16000,-1,-1,-5,-1,-1,30000
6051,10,-1,2,1,-1,15000,2,3,2746,30000,-2,-2,20000,-2,30000,13500,-3,27000,-1,33000,-2,-2,-2,-1,-5,-5,-5,-5,-5,-1,-5,-5,-1,75000,-3
6052,10,14800,2,1,14800,20000,14,13,20176,30000,-2,21200,0,20000,4672,6992,9076,900,-2,-5,-5,-5,-5,-5,-5,-5,-5,-5,-5,-5,-5,-5,-5,-5,-5
6053,13,10000,2,2,10000,-3,32,42,42207,21500,-2,-2,11672,-5,-5,-1,-5,27000,37000,37000,38832,41000,38000,30000,33055,46788,46000,-1,35100,20800,-5,24000,-5,-5,-5
6054,10,10000,2,1,10000,28000,29,41,43074,-3,30000,-2,35260,6090,15006,15000,15000,-5,-5,16800,20000,20000,33000,45000,50000,85000,85000,80400,44500,55000,100000,103000,-5,125400,150800
6055,13,-3,2,2,-3,1000,8,8,10157,12000,10000,17000,-2,11600,11800,3000,25200,-5,-5,-5,-5,-5,-5,-5,-5,-5,-5,-5,-5,-5,-5,-5,-5,-5,-5
6056,10,14000,2,1,14000,18000,29,28,21130,21000,24000,28000,-2,13000,12500,16166,23987,16778,5094,22602,7362,7576,2570,6500,11515,3636,23190,21924,2424,10000,42004,0,0,0,-5
6057,10,8300,2,1,8300,5750,33,29,34535,6800,7617,9364,12020,15000,37000,-2,10100,22000,15365,19000,-2,20000,52000,-5,-5,-5,-5,-5,-5,-5,-5,-5,-5,-5,-5
6058,13,8300,2,2,8300,17000,56,72,72548,15000,15700,22730,-2,29000,36024,44000,51600,26000,28300,31000,34000,35400,42928,-5,102000,-5,-5,-5,-5,133000,121200,-5,-5,101000,105000
6059,10,-1,2,1,-1,3504,14,17,14380,9705,2800,4020,6757,20400,25000,3600,4567,7000,18000,18920,20718,-2,-2,9459,8000,-5,-5,10000,-2,60000,-2,0,-2,12000,-3
6060,10,-1,2,1,-1,-3,11,12,7404,19000,17000,15000,16000,18000,6000,21000,20550,23030,93200,59200,62060,60000,73000,75000,82000,-2,102000,102000,105000,110000,130000,148956,90000,90000,85000
6061,13,-1,2,2,-1,6000,6,12,12057,10000,-2,-2,-2,-2,-2,6000,-2,-5,13250,-2,-2,-2,-2,-1,-2,-5,-5,-5,-5,-5,-2,12000,8000,-2,16000
6062,10,-1,2,1,-1,6000,24,32,44062,10000,-2,-2,-2,-2,-2,14500,17000,19400,16000,19900,29000,-2,-2,30000,58704,43000,54000,-2,62000,61000,68015,75000,86000,100000,113000
6063,13,-1,2,2,-1,-3,11,10,19501,1200,3754,2400,21600,20000,-2,13000,13000,15000,18000,18000,16000,15000,10184,50000,52000,54000,30000,29000,36000,49000,44000,42000,30000,15000,22500
6064,13,12000,2,2,12000,21300,52,59,68029,-3,-2,-2,24000,-2,11010,18100,20000,-5,-5,-5,-5,-5,-5,-5,-5,-5,-5,-5,-5,-5,-5,-5,-5,-5,-5
6065,10,15000,2,1,15000,5000,21,20,24740,26000,-2,29800,14000,10000,18500,20000,1500,7000,53000,-2,53000,-2,0,-2,-5,-5,-5,-5,-5,-5,-5,-5,-5,-5,-5
6066,13,-4,2,2,-2,-3,43,33,25517,-3,-2,12500,16277,13499,14100,16000,-2,8124,3354,16153,10595,11690,9785,6000,-2,12000,-2,27000,30000,33000,48441,-2,45000,54000,-3
6067,10,9000,2,1,9000,7500,6,6,6275,3750,-2,-2,22000,-2,-2,30000,18000,-2,27000,46000,-2,51000,41000,-2,-2,64000,50000,-5,-5,12000,0,50000,55000,95000,88000
6068,13,-4,2,2,7000,9768,75,67,70647,5000,17700,16600,14800,42020,40200,100001,60000,67000,74000,-2,-2,160097,80000,-2,-2,90000,56000,-2,100000,80000,106419,-2,75000,175000,-3
6069,13,-4,2,2,4676,4611,6,11,7029,2987,4412,4536,4632,6076,5028,11000,7400,15000,17000,15154,7267,10912,9712,-2,14000,14000,14000,-2,-2,25150,25000,24000,26000,25000,-3
6070,10,13000,2,1,13000,18193,46,52,57788,-3,4700,7043,8957,9063,24000,9600,19500,24000,19000,21872,24000,32600,39000,53000,32000,51200,43000,37515,55000,55200,49856,56500,56000,55000,63000
6071,13,40000,2,2,40000,34000,8,13,11602,-3,-2,-2,-2,51500,2158,2000,61500,15000,19000,159805,839078,160097,-2,38000,30000,40000,55000,55000,60000,76000,60000,-5,-5,-5,-5
6072,13,23718,2,2,23718,20260,39,46,47291,17000,-1,-2,-2,-2,83000,95000,-2,60000,18000,20105,-2,26786,22800,24957,26000,-2,-2,52424,42000,23000,50000,52739,23200,46600,46800
6073,13,24750,2,2,24750,-5,-4,-4,-5,-5,-3,-2,-2,4100,-2,5600,-2,1057448,-2,-2,15000,23500,7000,-2,-2,-2,44000,-5,-5,-5,-5,-5,-5,-5,-5
6074,13,24750,2,2,24750,24200,45,62,49447,30000,33780,22000,22800,13000,12000,14702,14021,19018,25598,16250,16800,23600,23440,-2,27600,-2,55436,16824,12718,-2,-2,49788,9552,31088,21000
6075,10,20000,2,1,20000,24200,20,18,25290,30000,33780,26000,45000,28000,40700,25000,-2,15000,15000,14000,13000,34000,32000,47000,59000,60000,-5,-2,60000,71000,85000,85000,70000,73000,73000
6076,13,9600,2,2,9600,15500,35,36,34588,874,3656,0,-2,-5,3225,22000,13117,16000,-2,12000,17000,-2,-2,20900,-2,8750,3753,5400,39000,2400,15564,14772,13668,-2,13308
6077,10,9600,2,1,9600,19135,1,1,347,-3,-2,-3,-2,8400,-2,1000,-2,-2,22380,-2,-2,-2,-2,15500,-2,36000,0,20000,39000,-2,-2,50000,-2,110000,-3
6078,13,-4,2,2,19000,18002,27,34,26367,13100,-5,19000,-2,15600,10050,11468,10972,6910,8864,-2,-2,-2,6463,35700,13000,12000,13748,7560,18100,12828,30200,23420,12600,60741,35100
6079,10,-4,2,1,-2,-3,10,8,4521,12950,-2,-2,27000,27500,30000,-2,-3,-2,-2,19000,18800,14200,21900,-2,37000,31500,18000,24000,-5,-5,-5,-5,-5,-5,-3
6080,13,-4,2,2,5960,12000,30,36,38620,12950,11226,15500,23290,30885,26515,32153,54600,59400,-2,19000,16400,15500,21900,25500,29500,31500,18000,25000,-5,-5,-5,-5,-5,-5,-5
6081,10,-4,2,1,6500,6900,10,10,8210,10903,9500,9452,16216,17500,-2,15000,18500,15000,14500,-2,-2,-2,-2,17000,20500,-2,-1,4000,26000,27000,40100,2400,3388,8079,30000
6082,13,-3,2,2,-3,20000,81,84,84745,4000,15000,29495,-2,19005,-2,-2,-2,80000,83510,95200,76300,160097,89300,-2,-2,-2,108000,114000,122400,145100,-1,160030,165006,167000,-3
6083,13,4660,2,2,4660,4500,2,5,6165,-3,-2,5200,-2,-2,3712,1000,285,13000,5584,14700,6156,5256,5208,5436,6672,-2,-2,0,8536,-2,20040,3120,4284,0,2112
6084,13,24000,2,2,24000,-3,2,2,2348,15000,-2,275,2500,360,2500,2114,-5,-5,-5,-5,-2,0,0,46800,0,5484,0,-2,12000,7000,-2,-1,3600,-2,-3
6085,10,24000,2,1,24000,29750,2,1,1547,15000,39707,-2,42000,60000,55000,6000,55000,16000,70000,58000,-2,-2,55000,-2,-2,11000,0,69000,9000,86236,15400,-2,0,44000,0
6086,10,6000,2,1,6000,9000,2,4,5672,18000,9060,-2,-5,-2,-5,-2,-5,-5,-5,-5,-5,-5,-5,-5,-5,0,1506,-5,5000,40000,3500,5000,15000,43000,39000
6087,10,3000,2,1,3000,3000,6,7,8469,19400,22089,21400,19760,26627,9500,16850,11900,12000,1100,21000,23000,24000,31000,-2,-2,-2,-5,-5,-2,24476,18500,39976,28040,39229,25668
6088,13,-4,2,2,9500,-3,14,23,24083,16290,18430,25047,25000,22000,36396,18050,31000,28000,40000,60000,-2,-2,-2,-2,-2,-2,-2,-2,-2,-2,-5,-5,17000,-2,-3
6089,10,700,2,1,700,-3,2,1,5078,-3,500,9143,8000,10110,17000,54962,49941,-2,-3,0,12252,3136,0,-2,-2,8000,36000,6000,-1,31000,-2,4000,-2,32000,45000
6090,10,3000,2,1,3000,-3,4,1,358,600,5026,-2,-2,5000,1000,-5,-5,-5,-5,-5,-5,-2,-2,0,10928,-2,30540,6624,1236,85608,37088,0,-5,4528,13000
6091,13,-4,2,2,-3,2880,2,5,14479,32932,4716,35259,5000,-2,32000,22000,-2,-2,-2,52100,44000,73000,189918,-2,40000,-2,-1,70000,-1,-1,-1,50000,50000,-1,-3
6092,10,3000,2,1,3000,4800,16,16,20416,6500,3000,5000,-2,-2,-5,-2,50000,-2,-2,-2,-5,25000,-2,-2,37296,-2,0,8000,80000,1458,-5,-5,-5,-5,-5
6093,10,3000,2,1,3000,4800,35,45,55687,6500,5000,5000,-2,-2,-2,14700,48000,27000,-2,-2,25518,30000,25000,-1,50000,-2,-2,-2,-5,-5,-5,-5,-5,-5,-5
6094,10,-4,2,1,12000,-3,17,20,13471,-3,22000,36800,25000,27000,31000,35800,44055,47500,49800,36700,43000,42665,46740,47111,50000,61000,36000,45740,36000,42000,40000,33000,2079,19200,42400
6095,10,3000,2,1,3000,8000,10,9,11293,2073,5600,-3,7300,-2,13900,20500,23500,-2,-5,-5,-5,550,34000,32000,20000,-5,-2,41000,77000,85000,46500,42000,70000,91000,98000
6096,10,2000,2,1,2000,-3,3,7,3942,5000,4000,5000,6000,500,7000,15000,13000,0,0,46000,-2,-2,-2,-2,-2,-1,-2,-5,-5,-5,-5,-5,-5,-5,-5
6097,10,-2,2,1,-2,-3,1,2,3520,5000,4000,5400,5000,-2,-2,0,0,0,-2,0,-2,-2,-5,-5,-5,-5,-5,-5,-5,-5,-5,-5,-5,-5,-5
6098,10,6000,2,1,6000,-3,2,1,1961,5000,-2,800,3000,1500,10000,0,500,0,-2,0,-2,-2,-5,-5,-5,-5,-5,-5,-5,-5,-5,-5,-5,-5,-5
6099,10,18000,2,1,18000,40000,22,27,32800,-3,18200,13050,15220,27160,15000,20000,24600,28000,27720,30200,41373,48000,49100,58500,-2,-2,75000,85000,77000,85000,78000,101000,103560,106620,79800
6100,10,18000,2,1,18000,30000,56,75,62015,36000,-2,-2,-2,42040,42000,45015,42000,58000,-2,42000,839078,32000,56665,53000,21200,-1,85000,110100,120000,143300,149200,155000,150020,140000,201000
6101,13,4000,2,2,4000,-5,-4,-4,-4,1968,15840,4464,2328,55296,-2,5292,4140,63648,4764,696,-2,1000,-2,4375,1000,-2,15000,-2,13000,19000,13000,0,16172,6240,11160
6102,13,4000,2,2,4000,-5,-4,-4,-5,-5,-1,-1,-2,5000,-2,100001,1059,-3,-5,31100,19600,37500,26400,23000,24500,39900,55000,112800,82960,51500,-2,59500,-2,89300,81000
6103,10,3000,2,1,3000,14000,19,19,17610,15000,-2,8700,11000,12000,24000,38000,19600,20185,13500,15870,23700,33600,23000,30000,38800,42500,86000,46000,69000,-1,-5,-5,-5,-5,-5
6104,10,3000,2,1,3000,14000,43,42,40989,-3,-2,7410,8750,-2,-2,-2,-2,-5,35002,-2,13000,23600,19750,29400,31200,33000,37775,47000,40498,35000,2400,14100,0,-2,10620
6105,10,15000,2,1,15000,-3,5,6,14184,-3,10000,-2,-2,13000,-2,-5,21000,-2,27800,15000,-3,-2,-2,-2,-2,-2,22800,11000,19200,-2,22000,8000,5000,20000,34000
6106,10,14000,2,1,14000,13000,4,1,1126,8000,14000,-2,3512,-2,-2,37000,41000,-5,28000,-5,-5,-5,-5,-5,-5,-5,-5,-5,-5,-5,-5,-5,-5,-5,-5
6107,13,14000,2,2,14000,13000,4,2,779,-3,-2,-3,6960,1545,31200,30000,41600,-2,29000,30000,35000,50000,50000,-2,60000,75000,60000,65000,-1,60000,50000,30000,39000,9600,21600
6108,13,2500,2,2,2500,5800,13,19,34878,-3,-2,10005,200,9460,26660,36507,-2,75272,-2,-2,-2,-2,-2,55720,47496,59100,61220,58832,61000,62500,250000,-5,-5,-5,-5
6109,10,-4,2,1,-3,14365,96,98,99403,10000,12100,14098,17300,31200,28500,31400,62200,80500,78750,83000,82500,84800,90500,88729,96200,178200,157200,226000,195400,215200,155500,497763,595986,922631,766958
6110,10,-4,2,1,-3,9680,64,78,66645,9000,9000,8000,14665,19614,22100,24000,46500,48000,45100,39000,34000,34100,28000,30600,35000,55300,52000,-5,-5,-5,-5,-5,-5,-5,-5
6111,10,9000,2,1,9000,-3,2,2,4180,-3,-2,20000,14000,20000,14000,0,0,99996,-2,-2,-2,0,-2,0,-2,-2,8000,-2,14000,-2,-2,0,-2,-2,-3
6112,10,9000,2,1,9000,-3,2,1,582,17000,-3,-2,-2,-2,6400,15000,17000,-2,-2,22036,16000,-2,18500,15000,0,0,0,-5,0,0,0,-2,-2,19000,37000
6113,10,9000,2,1,9000,-3,1,1,1946,-3,-2,20000,14000,22000,-2,-2,0,-2,200,-2,-2,-2,-2,-2,-2,-2,-2,-5,-5,-5,-5,-5,-5,-5,-5
6114,13,-4,2,2,-3,3432,10,9,7976,1660,575,3893,4378,300,4000,9000,4000,4700,2404,2000,12000,8000,1690,31200,29853,28300,39500,34640,12112,12257,-2,9000,10000,10000,4000
6115,13,3091,2,2,3091,5700,-4,-4,-4,800,800,9000,1812,7880,6658,2236,4684,5000,3000,8471,7133,6217,13365,10486,9517,12118,7200,14088,8184,9000,11376,12696,12240,15712,26988
6116,13,5000,2,2,5000,5360,40,37,28273,-3,9300,-5,-2,-2,34605,18000,17000,18000,18700,-5,-5,26000,-5,28000,28155,-5,44500,57000,-5,-5,-5,-5,-5,-5,-5
6117,13,5000,2,2,5000,5360,6,9,13215,-3,9300,-5,0,7200,4000,-2,5000,4500,8000,1800,-5,-5,-1,1000,-2,14000,3000,5000,0,-2,0,1280,0,0,-5
6118,13,-4,2,2,9000,11000,13,13,10504,10000,11000,12000,16353,8716,12900,-2,18100,20610,25677,27200,30000,30443,37235,38615,40958,44001,48921,78201,61000,68522,-2,88000,90000,94000,168000
6119,13,-3,2,2,-3,12100,4,4,3708,3532,11148,3543,12000,11000,4790,-3,35731,23316,29732,10520,8772,9864,18194,11884,3000,12000,8000,15000,12000,13000,15000,12000,16000,22000,22352
6120,13,25000,2,2,25000,12000,6,4,3895,12000,10378,-2,16000,11000,10000,15400,-2,45000,17000,58100,19280,30000,35000,17000,43000,23500,22128,30000,40000,46000,23456,33000,13945,17000,0
6121,10,25000,2,1,25000,-3,18,12,8439,-3,-3,-3,9300,-5,16000,-2,-2,-2,1500,7120,-5,-2,-2,-2,6000,3000,25250,0,7216,6500,28792,-2,14000,15000,-3
6122,10,-3,2,1,-3,-3,13,13,7515,3000,9400,2650,13500,25000,49144,-3,58000,50000,54000,-2,14000,29675,-5,25100,-5,50000,390662,47200,50000,115000,0,-5,-5,320000,766958
6123,10,25000,2,1,25000,65000,65,62,63220,-3,50000,-5,38600,-2,-5,-5,-5,-5,-5,-5,-5,-5,-5,-5,-5,-5,-5,-5,-5,230000,150000,-5,595986,922631,-3
6124,10,25000,2,1,25000,65000,63,44,45507,-3,50000,-5,-2,24200,32005,42800,47800,45500,-2,-2,-2,-2,85000,86800,106300,107900,126000,112000,149750,149100,133300,157200,123500,-2,251000
6125,10,-3,2,1,-3,65000,35,41,47052,75001,-2,10500,12500,14500,17500,26000,30330,51000,44000,93500,839078,160097,189918,125000,-2,145000,198000,209500,164500,50500,63352,166000,194000,205000,231000
6126,13,-3,2,2,-3,24999,7,9,8029,3000,20000,-2,-2,-5,-5,13000,600,15500,386,36200,22000,-2,18500,15000,15000,20000,-2,0,7200,0,-2,6624,500,4550,0
6127,10,-3,2,1,-3,4000,11,13,9536,7500,7598,-2,-2,-2,27000,-2,2280,0,-2,360,2000,0,10000,360,275,-2,10508,38000,1000,1000,0,0,0,0,1000
6128,10,-4,2,1,5000,-3,6,3,2807,35000,20000,-2,45000,70000,40000,-2,-2,37000,146942,159805,37000,36000,50000,33000,0,28000,-2,102000,42000,76000,-2,40000,-5,-5,-5
6129,13,17000,2,2,17000,35000,16,22,23862,60000,-2,57644,-2,32000,34000,32000,38000,40000,41000,52050,60050,70100,49500,62500,43100,50000,50000,52000,62000,56000,88000,-5,-5,-5,-5
6130,13,-3,2,2,-3,10000,82,90,79113,18000,29100,31050,42000,47005,50025,54010,60000,62000,51001,47000,47390,51050,58514,98010,107404,109311,99000,100500,115045,132000,111000,115000,-2,116000,106880
6131,10,-3,2,1,-3,10000,11,6,15771,30839,26000,-2,30000,-2,60000,54300,-5,80000,-2,91000,839078,26000,-5,-5,-5,-5,-5,-5,201825,-5,-5,-5,-5,-5,-5
6132,13,-2,2,2,-2,25000,19,18,26291,-3,-1,-2,-2,30000,30000,-2,46000,57000,56500,19000,47344,-2,42000,61000,62000,-2,58000,30000,31000,34000,39000,45000,44000,47000,-3
6133,10,17500,2,1,17500,-3,4,7,3094,9000,-2,-2,-5,-2,-2,22000,27000,65000,32000,45000,23000,23000,24000,-5,27000,27000,-5,-5,-5,-5,-5,-5,-5,-5,-5
6134,13,17500,2,2,17500,10000,12,16,15343,14200,9263,11617,-5,30000,44000,30000,26020,40500,45000,44056,32600,50000,38000,47000,68000,60000,-5,59000,67000,71200,78000,73000,-1,-5,-5
6135,10,17500,2,1,17500,10500,9,13,13404,9000,10000,-2,-2,-2,-5,-5,-2,-2,84010,-2,-2,-2,25500,-2,59280,-2,-5,30000,3000,-2,30000,-2,-2,34000,40000
6136,10,17500,2,1,17500,-3,15,22,22575,9000,10000,-2,-2,-1,-2,-2,-2,10000,25000,18000,5000,10000,7000,-2,-5,0,0,0,0,19000,24000,0,35000,-5,-5
6137,10,17500,2,1,17500,-3,6,12,21288,9000,-2,-2,-2,-2,-2,-2,-2,1057448,146942,-2,12500,16000,33000,-2,16000,17000,-2,2270,7500,18000,-2,8558,0,-5,-5
6138,10,17500,2,1,17500,-3,7,15,20597,9000,-3,-3,-5,-2,-2,-2,-2,85000,146942,159805,-2,25000,15600,8400,-5,-5,45000,13244,-2,30000,40000,48400,71600,58400,-3
6139,13,17000,2,2,17000,-3,32,37,45218,-3,18000,27450,-2,30000,25000,51000,38000,36721,40000,44183,48096,53000,53000,77000,78030,-5,96000,-5,-5,-5,-5,-5,-5,-5,-5
6140,10,17000,2,1,17000,18500,13,13,17165,-3,18000,27450,30000,55000,50000,90000,72000,30000,75000,20000,42000,19000,20000,70000,32500,31000,45000,62400,68000,0,-2,-2,-2,-2,-5
6141,10,7500,2,1,7500,-3,6,6,13776,15000,24000,-2,-2,35000,45000,32030,37000,40500,41000,-2,-2,23000,32000,31000,-5,77000,50000,60000,-5,-5,-5,-5,92000,-2,-3
6142,10,10800,2,1,10800,11000,23,21,22608,11401,-5,-5,48100,-2,-2,-5,-5,-5,53000,50000,58000,59000,23000,17220,-5,35000,42000,44000,-5,36000,14096,45000,65000,55000,-5
6143,10,22833,2,1,22833,8152,1,2,1522,26000,-3,-2,22853,-2,10500,-2,-2,18100,-2,0,0,-2,-2,-2,0,0,0,600,17500,-2,-2,35400,-2,9876,11472
6144,10,22833,2,1,22833,8152,1,3,8280,26000,28473,28800,22853,-2,-2,-2,0,-2,-2,0,0,0,0,0,-2,-2,-2,-5,50000,-5,-2,1400,-2,8832,-5
6145,10,6083,2,1,6083,6400,1,1,825,20801,-3,-1,10068,5140,7000,4960,-2,9401,-2,-2,6400,-3,3400,-2,-5,13000,-5,-5,28000,-2,36000,24471,-5,50000,-3
6146,13,6083,2,2,6083,6400,7,11,20296,20801,8534,6300,-2,11000,24000,16800,12320,-2,28000,49000,44644,16353,15000,-1,-5,-5,-5,-5,-5,-5,-5,-5,-5,-5,20880
6147,10,5600,2,1,5600,-5,-4,-4,-5,-5,-5,-5,-2,-5,-5,-5,-2,-2,-5,-5,-5,-5,-2,-2,0,-5,6000,15000,30000,15000,-2,-5,720,-5,-3
6148,10,5600,2,1,5600,-5,-4,-4,-5,-5,-5,12000,-2,-2,-5,-5,-5,53500,-5,-5,-5,-5,-2,0,-5,-5,22000,-5,105040,-2,38000,28000,48000,-5,688
6149,10,5600,2,1,5600,-5,-4,-4,-5,-5,-5,-5,-5,-5,-5,-5,20200,-5,-5,-5,-5,-5,-5,-5,-5,-5,-5,-5,-5,-5,-5,-5,-5,-5,-5
6150,13,5600,2,2,5600,-5,-4,-4,-5,-5,-5,-5,-5,-5,-5,-5,-2,5232,0,-5,-5,-5,-5,1200,8500,12000,21000,7000,22000,27000,-2,25000,28000,25000,490
6151,13,-4,2,2,-2,-3,-4,-4,-4,10200,13600,-5,22500,-2,-2,-2,-2,-5,-5,-5,1728,5568,9216,10368,-2,16278,7584,7379,4800,14658,5724,-5,6480,4284,10259
6152,13,-4,2,2,6500,8952,31,26,29989,-3,6400,6738,-2,8000,15566,17139,19500,21310,45000,50380,51500,27300,54700,-2,32500,40000,11120,39344,41108,54000,48000,53427,52000,58000,141857
6153,10,-2,2,1,-2,-3,24,21,20379,20000,-3,-2,-2,19000,22000,-2,28336,25000,6000,9000,0,50000,60000,-2,10000,12000,0,2488,-5,0,1400,0,567,-5,-5
6154,13,7500,2,2,7500,10000,23,22,13500,20000,21000,-2,18000,13000,13400,13500,19000,20502,18000,23500,26000,32000,26200,29500,28000,29000,40400,31000,38000,33000,28600,32000,36500,38000,3622
6155,10,7500,2,1,7500,10000,6,5,6734,20000,21000,16000,22000,21000,15000,31500,27500,30000,34000,31000,44000,48000,40000,82000,-2,63000,83000,13992,13428,14244,14316,17316,17880,16665,18600
6156,10,5028,2,1,5028,1750,18,24,24876,10006,13000,775,-5,-5,2000,3000,1900,11500,10400,-5,5040,4800,-2,-2,3500,11209,26500,-5,45000,42000,-5,-1,-5,-1,9180
6157,10,4200,2,1,4200,-3,87,78,76870,5000,20000,-2,18000,-2,-5,-5,-5,-5,-5,-5,-5,-5,-5,-5,-5,-5,-5,-5,-5,-5,-5,-5,-5,-5,-5
6158,13,-3,2,2,-3,19000,48,50,60817,25000,40000,45000,55000,53000,72000,70000,65000,26698,-2,86570,78400,71605,48300,50138,73000,77000,89500,115000,65000,132000,106500,147000,176000,164000,-3
6159,13,-1,2,2,-1,19000,53,65,75235,25000,-2,-2,25000,53000,30000,35000,63300,72250,75100,64364,82025,90050,94075,42000,42000,41000,176000,136000,56750,59025,80000,-1,-1,65000,110000
6160,13,42000,2,2,42000,27743,46,41,41861,42675,7472,38200,-2,40000,-2,26053,27600,5842,60600,66600,47000,44010,41600,41600,93600,102700,120000,84000,88000,84000,88000,70000,-5,-5,-5
6161,13,16000,2,2,16000,6999,19,22,26042,8000,-3,-1,30000,12700,1000,4900,57452,15948,23525,8720,3887,3000,8206,7128,10076,7058,16197,7560,15000,11616,6229,8272,4524,-2,11756
6162,10,16000,2,1,16000,17458,8,10,16848,19000,20500,-2,28270,-5,22000,4000,-3,26500,-5,-5,-2,65500,28500,25000,35000,30200,38000,35000,53000,51000,-5,-5,-5,-5,47000
6163,13,-3,2,2,-3,6048,44,45,59220,-3,14000,19400,23200,13000,40000,12000,22025,21924,18060,-2,36012,45008,33000,81436,96400,127840,142000,125000,58050,60000,160000,123000,75000,90200,71000
6164,13,75001,2,2,75001,6048,30,35,52257,-3,14000,30750,-2,-2,63100,18510,37926,-2,-2,50000,48020,47000,48000,29265,31000,35550,46000,77000,59000,74400,80380,85575,90200,90600,91763
6165,10,11664,2,1,11664,-3,27,29,26038,6000,10000,7100,7500,-5,10000,15556,11000,16020,21100,22000,12000,22040,24000,-5,-5,13404,-5,-5,25000,-5,11940,-2,34244,13776,26400
6166,10,9893,2,1,9893,16400,47,53,48341,20000,13100,-2,19800,26200,34100,26100,28600,33200,19150,-2,32100,30000,13000,36500,50600,38000,45500,36000,49800,54000,68000,58500,59000,40000,50600
6167,10,9893,2,1,9893,16400,7,9,10085,60000,40000,14000,7000,4612,5200,9340,1200,-2,-2,-2,1200,-5,-5,-5,-5,-5,-5,-5,-5,-5,-5,-5,-5,-5,-5
6168,13,9893,2,2,9893,16400,25,18,27245,1900,40000,2300,1886,4612,6000,5570,6100,3508,8900,8484,12750,11800,11892,15000,24000,16600,9600,7640,14000,23000,7840,21368,9480,2328,2328
6169,13,4416,2,2,4416,7000,4,4,4175,-3,-2,382,4000,3000,7000,-2,800,18000,15000,25000,-5,6500,-2,1352,11805,-5,-5,-5,-5,-5,-5,-5,-5,-5,-5
6170,10,17000,2,1,17000,25000,31,34,27160,9500,30000,-2,10850,25480,14084,37000,32000,30435,30400,-2,-2,0,15000,50100,36000,30000,-2,-2,53000,40000,50000,50000,70000,60000,75000
6171,13,17000,2,2,17000,12000,24,31,31604,-3,2938,-2,20000,10220,33000,-2,25350,21500,22440,31000,29000,-1,28000,32000,39000,-1,-1,43000,-1,72900,-2,62400,-1,-1,-3
6172,13,17000,2,2,17000,30000,37,42,42025,15000,30000,-2,25000,28000,28000,29184,-5,19900,37000,44365,55000,61000,20000,86000,63000,67100,95600,120300,127200,127200,-5,-5,190000,-5,-5
6173,10,17000,2,1,17000,25000,37,42,48572,3000,5750,-2,8370,25000,-2,20000,12248,17764,19300,20104,30980,-2,-2,31000,27000,40798,51000,44000,52000,53000,26827,60000,85000,96000,93000
6174,13,4500,2,2,4500,21000,62,66,44325,10776,12252,11000,9886,9640,14530,21800,18500,13800,13496,22800,17500,23300,22500,24005,14600,18000,-2,23000,25000,20000,26000,32000,30000,28000,25000
6175,13,-4,2,2,6450,13000,1,1,442,-3,10126,-2,-2,8000,-2,5016,-2,5340,0,5310,11952,13296,11620,1388,-2,-5,-2,5000,0,155,-5,-5,-5,-5,-5
6176,10,8500,2,1,8500,1050,49,57,60418,16600,23720,18500,19000,20000,9000,22200,41500,50000,56000,-1,35000,62000,62000,80000,149000,175000,-5,-5,-5,-5,-5,-5,-5,-5,-5
6177,13,-4,2,2,1518,3911,4,8,6045,4296,2604,2460,3904,3600,4308,3904,4272,2920,-2,-2,-2,15720,28960,-5,35000,-5,39000,-5,23000,-5,-5,-5,-2,-5,-3
6178,13,9000,2,2,9000,10000,15,13,15235,400,-2,2724,5128,4548,5344,5268,4068,5244,8164,7625,-5,-5,-5,-5,-5,-5,-5,-5,-5,-5,-5,-5,-5,-5,-5
6179,13,9000,2,2,9000,20000,12,12,11984,30000,12000,-2,4300,10722,-2,13387,-2,-2,-2,7904,20400,3951,4720,8500,15000,11680,-2,19600,18600,14500,16000,17400,6246,15184,16012
6180,10,9000,2,1,9000,15000,21,27,35672,17000,5000,7000,26000,3120,37000,-2,27000,19000,-2,-2,9600,9600,36000,974100,0,56400,24000,45900,32000,120000,2200,101840,57600,8232,44995
6181,13,9000,2,2,9000,20000,13,13,15076,10000,12000,-2,-2,10722,3905,6964,5344,-2,7236,5544,14032,8040,13358,-2,10010,27162,18960,12004,0,3400,-2,3335,11640,69984,-3
6182,10,-2,2,1,-2,9000,43,69,61873,24000,26000,1850,21065,28983,37067,43300,48380,49300,59741,-1,-1,-1,-1,-1,-1,-5,-5,-5,-5,-5,-5,-5,-5,-5,-5
6183,13,10000,2,2,10000,20000,6,5,5146,1000,-2,-2,-2,-2,-2,-2,-5,-2,-2,-2,-2,-2,-2,-2,-2,-5,-5,-5,-5,-5,-5,-5,-5,65000,73000
6184,10,-4,2,1,19978,-5,-4,-4,-5,-5,-5,-5,-5,-5,-5,-5,-5,-5,-5,-5,-5,-5,-5,-5,-5,-5,-5,-5,-5,-5,-5,-5,-5,-5,-5
6185,13,-4,2,2,7432,11848,64,75,69057,20500,13000,16000,16000,18000,18000,-2,54000,62000,59000,60000,74000,86000,83000,90000,-2,53000,-2,49000,83000,65000,88008,86000,87000,70000,75000
6186,10,17000,2,1,17000,22800,22,25,18077,9004,16130,19200,19015,20515,20710,20500,24310,20627,18700,9860,11292,-2,19880,29520,-2,12500,13320,12780,13932,172800,-2,-2,-2,-2,-3
6187,10,17000,2,1,17000,19000,28,33,47780,-3,15000,925,25000,24000,18000,12800,14900,9000,11010,13010,20900,14000,6000,0,1920,7922,8364,8880,15500,46000,103000,30000,20000,9000,20000
6188,13,17000,2,2,17000,22800,8,12,19815,10500,1600,-5,-5,-5,-5,-5,-5,-5,-5,-5,-5,-5,-5,-5,-5,-5,-5,-5,-5,-5,-5,-5,-5,-5,-5
6189,12,-4,3,2,-3,-3,14,13,12813,17000,20000,25000,22900,25320,21000,23000,0,40000,35000,-5,-5,-5,-5,-5,-5,-5,-5,-5,-5,-5,-5,-5,-5,-5,-5
6190,12,7842,3,2,7842,928,5,5,5275,-3,2538,-2,0,-2,1338,2000,1500,7000,50000,-5,-5,-5,-5,-5,-5,-5,-5,-5,-5,-5,-5,-5,-5,-5,-5
6191,9,7842,3,1,7842,-5,4,6,6068,-3,10200,15689,12198,13800,12500,-2,24800,49120,-2,-5,-5,-5,-5,-5,-5,-5,-5,-5,-5,-5,-5,-5,-5,-5,-5
6192,12,7482,3,2,7482,11000,5,4,4199,15600,12347,8067,-2,13000,1200,500,-2,-2,8984,-5,-5,-5,-5,-5,-5,-5,-5,-5,-5,-5,-5,-5,-5,-5,-5
6193,10,20099,2,1,20099,-3,15,16,18540,25000,40000,55000,52600,27500,27000,12880,16920,10000,11000,11000,18000,13000,47000,-2,44000,16000,12000,20000,34000,42000,81000,86000,55500,50000,55000
6194,13,20099,2,2,20099,-3,34,51,47722,25000,12000,-2,52600,45000,24447,28200,30100,32100,68100,64100,64500,73420,76800,53620,62959,82100,95132,125625,198000,140300,137520,117155,125800,123900,157100
6195,13,5096,2,2,5096,27000,26,23,27940,36000,37000,55000,2656,12798,17200,-2,15030,49570,16400,13030,16200,15000,17000,20115,30612,25620,23000,26000,26000,25000,28845,2700,29000,28180,34420
6196,10,5096,2,1,5096,-5,-4,-4,-4,6150,8489,13650,12160,13330,16040,18724,14350,18545,-5,-5,-5,35400,24000,25400,47500,-5,-5,-5,-5,-5,-5,138400,-2,-5,-5
6197,13,-4,2,2,10773,11308,21,15,15358,13392,4439,3552,7715,11950,10850,18920,-2,22344,-2,-2,-2,56000,-2,600,-2,-2,-5,-5,-2,8700,38600,-2,-2,12228,1928
6198,10,-1,2,1,-1,-3,19,22,21605,-3,20000,20000,-2,14300,50000,5400,9100,8500,12000,14100,8219,14080,15000,18500,12025,24300,34939,26976,26920,18484,20679,47400,27072,55175,87360
6199,10,18000,2,1,18000,18000,1,3,4687,0,-2,-2,-2,7500,800,5540,23000,-2,16000,21000,30000,27000,20000,29000,50000,-2,68800,-2,188585,-2,-2,57000,82819,100000,99000
6200,10,23800,2,1,23800,-3,19,20,15894,23000,-2,25000,22000,17000,20000,26780,6000,18000,23000,22000,24000,29000,30000,40000,38500,45000,93070,18000,41500,20000,25600,22000,16944,25968,25968
6201,10,23800,2,1,23800,3661,14,13,9366,7229,2660,3200,3500,11000,15000,2000,-2,-2,-2,0,0,-2,-2,350,-2,-2,-2,32400,1800,22000,28000,35000,30000,27000,28000
6202,13,5000,2,2,5000,2000,-4,-4,-4,-3,-2,6240,-5,3000,-2,11800,8150,-1,10000,12000,-1,13000,17600,24000,22000,0,20400,-2,9456,9911,11928,11112,12168,7014,11904
6203,13,5000,2,2,5000,3300,-4,-4,-4,-3,-2,-2,-2,-5,-5,-5,-5,-5,-5,-5,-5,-5,-5,-5,-5,-5,-5,-5,-5,-5,-5,-5,-5,-5,-5
6204,13,5000,2,2,5000,2000,-4,-4,-4,-3,-5,900,-5,-5,-5,-5,-5,-5,-5,-5,-5,-5,-5,-5,-5,-5,-5,-5,15000,18000,20000,20000,0,880,-3
6205,13,5000,2,2,5000,2000,-4,-4,-4,-3,20000,19920,-5,17500,-5,-5,-5,-5,-5,-5,-5,-5,-5,-5,-5,-5,20000,20000,22000,28000,53976,45000,40000,42000,36059
6206,13,7128,2,2,7128,4000,45,35,33367,8000,-2,3000,5000,15000,20000,72000,38000,9800,23000,22000,12500,-2,8952,1200,11000,-2,13000,17000,41000,5000,28000,15580,9120,23000,24000
6207,10,7128,2,1,7128,4000,15,11,17473,8000,-2,-2,-2,10000,25000,1500,10100,10000,21000,23000,15000,50050,33000,47700,75000,74000,81000,70000,97000,73280,95000,132000,110000,110000,77500
6208,13,-3,2,2,-3,1300,36,53,36657,7000,9544,15000,13300,17427,29035,14125,42100,40120,44100,41025,45200,45250,47500,60600,63700,-5,-5,-5,-5,-5,-5,-5,-5,-5,-5
6209,13,-4,2,2,3820,5160,19,11,10154,4974,5160,3804,3951,5220,5608,4668,4152,4248,-2,4812,5292,5160,5124,0,0,0,-2,10500,1400,2306,11754,18000,23000,30000,-5
6210,13,20000,2,2,20000,-3,13,6,11649,-3,28560,6298,1508,1800,1000,10088,8000,11000,10000,11000,5950,-2,13000,0,7000,16500,25000,26000,28000,42000,85000,90000,88000,63000,32000
6211,10,-4,2,1,3600,-5,30,27,16391,13250,13035,37000,38020,43040,67350,61300,52400,71000,-2,92000,76500,85000,-2,-5,-5,-2,-5,-5,-5,-5,-5,-5,-5,-5,-5
6212,13,2000,2,2,2000,6000,24,22,19975,-3,288,-2,-2,-5,30000,-2,39044,39000,-5,-5,-2,-2,-1,-5,-5,-5,-5,-5,-5,-5,-5,-5,-5,-5,-5
6213,10,2000,2,1,2000,8000,12,18,19394,11000,2800,1300,49300,40300,14000,34000,-5,-5,-5,-2,-2,-2,25000,-5,23000,50000,-5,-5,-5,77480,73040,-5,-5,-5,-5
6214,13,2000,2,2,2000,7000,12,11,11100,12000,2800,1300,53350,25000,3000,17000,-2,-2,14000,-5,18000,-2,38000,24000,-5,-5,-5,-5,-5,15000,38000,-1,-1,-1,-5
6215,13,11000,2,2,11000,5000,45,39,39388,0,11000,-2,20000,-2,25000,32000,30000,36000,35050,39000,40000,35000,50000,59000,50000,71000,-2,60000,71500,80000,65000,75000,52000,70000,65000
6216,10,11000,2,1,11000,10000,13,9,17780,26000,11000,-2,20000,-2,13240,25000,-2,25213,29020,30000,34000,37000,40000,59500,47000,44000,53050,54000,68000,92000,107000,55000,69400,88800,-3
6217,13,11000,2,2,11000,-3,11,6,8819,0,11000,-2,20000,-2,-2,-2,-2,-2,-2,-2,-2,4689,1968,5030,-2,-2,-2,-2,38477,15000,-2,-2,56000,44000,-3
6218,10,4000,2,1,4000,10000,23,25,30930,11000,5000,8700,7000,9000,15000,12000,38200,-2,20000,13000,-1,-1,17000,18000,19720,-1,23000,-1,-1,30000,11352,-1,-1,30000,-5
6219,13,4000,2,2,4000,7000,21,41,50004,1700,2568,4800,4100,2329,14000,-2,40000,-5,-5,-5,-5,40000,-2,-2,21000,-2,-1,40500,45000,11000,-2,15000,20000,40000,0
6220,13,2000,2,2,2000,15000,16,17,19315,9800,9000,-2,-1,22356,11760,-2,19000,22360,-2,22500,-1,18500,18555,-2,22480,-1,23648,17000,21000,22000,-2,23500,25000,25000,0
6221,13,2000,2,2,2000,6000,2,3,2212,968,-2,-2,12000,-2,-2,6176,-2,-2,3420,4620,1788,1752,5868,7000,6500,-1,7600,-1,2800,2500,-2,-2,2102,-2,475
6222,10,2000,2,1,2000,7000,7,2,7251,2500,1426,-2,-2,-2,15000,-2,2000,8309,9818,10000,-2,-2,8000,-2,20000,20500,3268,-2,0,-2,-2,-2,-2,0,13000
6223,13,-2,2,2,-2,3000,6,8,11980,3228,2190,2400,2800,-2,-2,0,-5,-2,4584,5652,7500,7260,7296,-2,0,0,-2,-5,7500,-5,-2,-2,7000,8000,-3
6224,10,9000,2,1,9000,-3,9,2,1494,-3,12366,-2,16000,7000,13000,-2,-2,-2,-2,28000,26000,16000,26000,50000,40000,84000,61000,38000,40000,46000,96000,95000,32000,-2,39000
6225,13,9000,2,2,9000,-3,16,10,20387,-3,12366,13284,3986,9000,16000,-2,29500,17800,29949,26000,-2,-2,-2,-2,25000,28000,38000,39000,40000,110000,114000,119000,114000,124000,120000
6226,10,-3,2,1,-3,30000,4,2,4869,-3,-2,10000,-2,35000,5000,1500,-2,9000,11000,7000,-2,-2,-2,900,13000,4500,34600,-2,5000,200,800,400,600,1076,384
6227,13,-3,2,2,-3,3000,28,32,40845,-3,-2,-2,3778,6600,8000,30600,-3,3800,10500,34500,-2,-2,27000,26300,30500,-2,-2,50700,26000,33040,38000,28870,12000,24000,35000
6228,10,-2,2,1,-2,4000,1,1,2921,-3,-2,4000,1400,1500,9000,-2,-2,-2,0,-2,0,-2,40888,-2,-2,-5,-5,-5,-5,0,-2,-2,-5,-5,-5
6229,10,-2,2,1,-2,1000,-3,-3,4034,9600,16200,8000,8575,8460,3000,1000,13500,-2,-2,3000,-2,-5,-5,-5,-5,-5,-5,-5,-5,-5,-5,-5,-5,-5,-5
6230,10,7000,2,1,7000,8500,1,1,1504,1560,5636,7000,11196,8180,11503,-2,5936,8108,11881,15324,25240,9964,3542,-2,10000,0,-2,13400,15000,18500,20140,19760,17000,-5,-5
6231,13,6422,2,2,6422,600,6,6,4981,6864,8041,8500,8304,3912,4148,3912,4152,4248,4284,4812,-2,4065,-2,4000,2500,1000,-2,3600,4700,9345,3289,2400,0,2328,1745
6232,13,6422,2,2,6422,5000,1,1,2170,-3,1000,4000,-2,-5,0,1400,0,-2,-2,0,26730,-2,7500,7750,12000,-2,2000,0,0,-2,0,1500,8688,8400,-5
6233,13,-2,2,2,-2,8000,30,34,39860,2820,-2,-5,-5,28800,28000,38700,-5,35000,50550,40100,43000,-2,50800,-5,-2,58000,80000,20920,6000,105000,76000,0,247920,48000,36000
6234,13,-4,2,2,5056,4217,1,3,4794,2652,6048,3540,6036,6924,11935,11000,7558,7620,8380,15510,9228,15190,8124,0,7200,12000,8928,28164,11280,12021,12000,13152,15600,13200,10800
6235,13,-4,2,2,3344,2905,60,47,33979,21640,25882,33000,28000,32000,40200,46099,49300,57000,52000,54000,32000,29720,34440,37800,15420,9640,11300,10700,7800,11000,23704,14400,21324,14255,41000
6236,10,20000,2,1,20000,10800,28,21,19095,14600,17953,22350,18895,32200,34500,38400,45150,59800,47748,38800,60800,40900,-2,38750,68000,-2,60000,104200,110200,94000,101476,119840,68954,95596,-3
6237,13,20000,2,2,20000,2140,49,58,61835,7000,3500,4000,10000,9720,12000,12600,15800,15000,16005,15141,5994,11900,16944,25500,35800,42000,38400,45600,55400,59620,-2,44940,60940,21000,75120
6238,13,20000,2,2,20000,-3,37,35,44441,10000,-2,14000,15000,18000,25000,27900,14520,19817,20000,34000,68000,26000,27700,22760,7800,29400,44400,38000,39000,48200,60000,65000,70000,77000,90000
6239,13,4311,2,2,4311,1600,18,21,14850,15000,13000,8110,30000,16000,12901,15000,5273,-2,11888,10250,75,17068,14534,15735,23224,16000,37000,25000,25200,25000,57456,39636,38080,41720,56256
6240,13,-1,2,2,-1,3700,10,8,14221,5616,-2,-1,-2,-1,-2,-2,21000,21200,20250,24000,-2,14692,21588,14000,-2,15000,-2,16000,37500,39000,-2,66000,79000,72000,89000
6241,10,-1,2,1,-1,3700,6,6,9734,5616,-2,-1,2484,-2,-2,-2,1500,-2,8016,19000,-2,37300,32000,56000,56000,56000,56000,70000,-1,86288,37184,25600,70400,141682,158160
6242,10,-2,2,1,-2,3700,6,4,2066,5616,-2,-1,-2,-1,-2,4400,3500,6440,400,-2,-2,-2,32000,29000,-2,37500,19000,19000,-5,37000,45000,23000,17000,-5,-3
6243,13,13000,2,2,13000,13000,17,16,13895,8000,-2,-2,3000,10034,10000,16000,23000,-2,2200,-2,2854,12000,7336,5508,-2,-5,-2,0,13000,5000,15800,-5,13192,21048,15228
6244,13,13000,2,2,13000,13000,43,47,46280,8000,-2,16000,11000,19045,17134,10000,29500,13300,14000,10000,13000,11000,16200,23000,15000,28000,32000,36000,23892,48427,63000,52580,53388,39000,63800
6245,13,13820,2,2,13820,16000,12,11,14549,15000,-2,-2,-1,-2,-2,-5,7644,7716,-5,-5,-5,-5,10200,-5,16000,-5,-5,-5,-5,-5,-5,-5,-5,-5,-5
6246,14,2904,1,2,2904,600,25,32,43012,-3,-2,8740,5300,13000,14200,-1,-5,-5,-5,-5,34000,24300,12480,4839,18500,18500,6500,12000,18955,18640,70,10900,12050,11020,15000
6247,10,8000,2,1,8000,14000,11,10,18408,16000,24000,22000,29100,26000,28765,15000,16500,17000,22800,19966,34764,43000,38000,52000,48000,67000,35000,34000,35000,43000,48000,96372,116000,-1,99400
6248,10,13200,2,1,13200,2800,43,39,44281,19991,2291,-3,22399,-2,30000,35300,41500,13700,16500,13000,8000,6000,10175,30000,20560,-5,-5,-5,110000,-5,-2,-2,12000,13200,-5
6249,10,6084,2,1,6084,84,10,8,14054,-3,5000,7796,9012,-2,13000,5300,10500,6000,14337,-2,10000,-2,576,12000,-2,-2,-2,19000,-2,0,0,-2,-2,-2,-3
6250,10,-1,2,1,-1,-3,6,7,4594,-3,-3,-2,25000,-2,-2,3000,19000,5600,20000,-5,-5,11500,14500,18000,18000,-5,-5,-5,-5,-5,-5,-5,-5,-5,-5
6251,10,-1,2,1,-1,-3,9,10,11584,-3,-3,-2,-2,7000,15000,-2,5000,-5,-5,-5,-5,20000,18500,30000,-5,-5,-5,-5,-5,-5,-5,-5,-5,-5,-5
6252,10,6000,2,1,6000,928,11,12,14213,6700,9500,3000,14600,18000,18050,20000,24000,5000,23008,21000,25000,21000,36000,37200,48828,79000,72400,-2,84376,149550,145200,190600,192236,-5,-5
6253,10,6000,2,1,6000,7104,22,35,33278,-3,-2,17284,-2,1193,13010,15210,15600,17000,15000,-3,17002,20000,27900,37366,-2,13000,30000,26610,17000,16000,-2,16320,38204,46000,50640
6254,10,6000,2,1,6000,7104,18,27,22704,-3,-2,17284,9500,-2,25000,-2,-2,-2,15500,20700,-2,-2,-2,24000,16000,-5,21000,17000,0,5592,24000,12590,0,13200,-3
6255,13,6000,2,2,6000,7104,41,42,52670,-3,-2,6379,9120,10757,7432,11494,15400,17309,16800,20063,18800,30896,24044,10000,58990,60000,45000,85000,-2,10000,12000,11000,22000,22000,25000
6256,13,6000,2,2,6000,7104,12,11,16633,-3,-2,17284,-2,-2,-2,16000,2806,1552,0,2672,2000,3000,336,1320,2475,-2,-2,20800,10000,0,6657,1600,5280,-2,14522
6257,13,-4,2,2,0,-5,1,1,239,-5,-5,-5,-5,-5,3684,8116,-2,6216,5940,1860,1824,7188,-2,10000,-2,5000,6500,4000,5400,0,0,-2,9693,10560,-3
6258,13,-4,2,2,-2,-5,8,11,14453,1000,-2,-1,0,-2,5928,-5,5988,1780,72544,8340,2400,9900,11258,6224,-2,-2,-2,18588,0,-2,4800,-2,-2,-2,-3
6259,13,-4,2,2,-3,1950,1,3,5110,2000,-2,5316,-5,-2,3216,1656,3468,3528,5496,0,4912,4044,-2,4188,4056,3480,0,4452,-1,-1,900,-1,-5,0,-5
6260,10,17500,2,1,17500,25000,38,47,47200,5800,8100,9150,9500,11900,25000,-2,35200,30000,25000,28000,25000,31000,30000,31000,32000,-1,35000,-5,-5,-5,-5,-5,-5,-5,-5
6261,10,40000,2,1,40000,2000,74,85,80076,846,3050,3800,6400,28200,22347,44400,44600,1057448,52700,64500,68800,62000,70400,85300,99050,116000,163500,408473,190000,131000,150000,155000,60740,229000,-3
6262,13,10000,2,2,10000,-3,67,72,72842,-3,-2,15000,-2,-1,-1,-2,25000,-2,40084,47075,60100,-2,60500,65000,70000,69000,-5,-1,-5,-5,-5,-5,-5,-5,-5
6263,13,-4,2,2,23100,22000,29,32,35023,23400,17000,28000,12081,15000,22500,48760,53000,70000,57000,38000,50000,60000,-2,-2,-2,85000,-2,-5,-5,-5,-5,-5,-5,-5,-5
6264,13,20000,2,2,20000,-3,16,22,19314,4000,-2,11000,35000,14800,13000,-2,22000,-5,-5,-5,-5,-5,-5,-5,-5,-5,-5,-5,-5,-5,-5,-5,-5,-5,-5
6265,13,19000,2,2,19000,23000,35,38,45814,12000,-2,-1,40710,-2,22070,24000,-5,29080,25400,48150,63200,-2,-1,90300,75000,80000,99500,115150,69000,-1,-1,-5,-5,-5,-5
6266,10,-1,2,1,-1,-5,-4,-4,-5,-5,-5,-5,-5,-5,-5,-5,-5,-5,5000,-1,12000,15050,-2,-5,-5,38000,-5,-5,-5,-5,-5,-5,-5,-5,-5
6267,13,25000,2,2,25000,31000,25,26,27464,25000,-2,30000,40000,1600,16000,12000,13500,16000,15000,20000,18000,26000,18000,20500,20400,20000,20000,36000,-1,45000,45000,41000,69400,50000,57000
6268,13,-4,2,2,-3,5880,1,1,1307,2880,6594,5262,5480,3509,8800,7040,9200,9500,9000,10000,11000,12000,11000,14000,-2,-2,14000,31000,-5,5000,2000,0,576,12060,1000
6269,9,7650,3,1,7650,7500,29,30,35996,-3,10000,18000,15000,7500,28000,1000,20000,12000,15000,-5,-5,-5,-5,-5,-5,-5,-5,-5,-5,-5,-5,-5,-5,-5,-5
6270,13,8002,2,2,8002,5335,32,31,32400,7500,-2,9000,5000,2720,13800,23000,27500,28100,30100,27900,29000,30000,42500,34800,34000,46200,56000,63000,55000,77500,76300,82000,105000,112000,122000
6271,10,7100,2,1,7100,5335,8,4,6027,-3,5500,7980,1000,15000,16000,-5,-5,-5,-5,-5,-5,-5,-5,-5,-5,-5,-5,-5,-5,-5,-5,-5,-5,-5,-5
6272,10,3000,2,1,3000,9200,39,50,37762,37900,17420,21000,23020,25015,25000,44300,51015,55060,60040,68150,74100,69060,73060,80000,79300,102240,110500,142200,144200,127300,89500,48300,126000,104200,-3
6273,13,-4,2,2,-3,0,1,1,1144,0,-5,0,156,12000,3408,3612,3756,3804,3708,0,0,6972,2964,0,6396,6684,6984,0,-2,0,7759,9624,9660,0,0
6274,13,3492,2,2,3492,3000,-4,-4,-4,-3,26000,6282,17648,20402,18070,15700,11900,-2,21970,25600,24544,25432,24916,35000,32000,14000,45500,59000,61000,88000,62000,40000,33552,27800,-5
6275,13,16000,2,2,16000,14800,8,14,16110,8000,-2,9000,10500,10000,17500,15774,-2,-2,27904,26443,-2,-2,-2,-2,-2,-2,-5,9000,1700,0,20700,9208,-2,-2,-5
6276,13,16000,2,2,16000,14800,8,9,13882,7500,-2,9000,15000,15171,19500,32800,58000,54000,62000,63200,25400,26000,21000,31000,33000,71000,80500,57000,59000,63000,66000,100000,38000,19800,21600
6277,13,5000,2,2,5000,6650,24,28,33544,6350,9000,10000,10000,25000,21000,28000,18000,20000,37100,41200,36400,-2,49860,60000,74300,80000,88000,120500,144000,128000,120000,212000,120000,136500,-3
6278,13,14400,2,2,14400,17000,63,67,74870,4600,25000,10000,-2,2800,3600,-2,23100,49000,28000,41610,42000,48000,56000,-2,54006,57000,-2,5965,67000,75004,80200,75000,97200,91000,100000
6279,10,14400,2,1,14400,16800,9,7,12993,8000,7800,10000,8000,800,2500,3000,14000,9000,9898,10440,25000,15600,18000,19000,28000,23000,18000,0,27000,35000,-2,-2,11000,-2,30000
6280,13,-4,2,2,3456,5172,1,1,1447,35520,-2,9012,9288,9516,9528,-5,1044,3068,-2,8123,10536,5481,5629,5999,6590,6276,12960,7692,0,7661,0,8340,11628,-2,-3
6281,9,2852,3,1,2852,6000,49,45,49482,7500,14000,13000,8500,12000,22500,-2,-2,18000,45000,-5,-5,-5,-5,-5,-5,-5,-5,-5,-5,-5,-5,-5,-5,-5,-5
6282,13,3992,2,2,3992,-3,12,16,22716,5000,-2,7575,18096,10000,7712,12554,10045,-2,11892,10056,9876,-2,298,6238,10456,18512,36480,31000,24000,205272,53600,69600,80320,-2,-3
6283,13,2556,2,2,2556,-3,17,19,26491,2621,15000,3100,3456,3850,15000,-3,10737,19486,33798,23500,1879,1662,3500,32000,51580,25223,25000,48500,-5,26800,800,2400,41692,0,2658
6284,13,2556,2,2,2556,-3,5,6,5295,4000,5500,3060,3288,-2,3504,3542,5134,5532,5868,6108,6184,5820,-2,-2,-2,-2,7752,14340,850,-5,-5,-5,-5,-5,-5
6285,3,-4,2,1,4200,6120,52,53,51843,7500,24600,38800,-2,-5,43200,19000,39000,44100,46075,56250,65500,67250,77500,87500,-5,72000,55000,25750,60000,52900,63150,-5,90000,87000,96000
6286,13,15720,2,2,15720,-3,14,17,19747,9500,-2,9430,13000,19500,24000,25000,28000,34000,41000,37200,-1,-2,51000,-1,82000,-1,-2,-5,-1,-1,-1,-5,-1,-1,-3
6287,10,15720,2,1,15720,18891,34,32,39205,6000,6500,9000,4800,-3,3600,10000,12000,16000,13000,33000,34000,-2,50000,56000,49000,62000,63000,73500,86366,78000,83912,86500,119000,117000,126000
6288,10,7616,2,1,7616,-3,11,13,22812,4000,3070,-5,-5,-5,-5,-5,-5,-5,-5,-5,-5,-5,-5,-5,-5,-5,-5,-5,-5,-5,-5,-5,-5,-5,-5
6289,13,10858,2,2,10858,5500,12,12,13509,8500,9500,8500,7500,5200,13828,-2,12000,14600,15000,22000,40200,48000,-2,60000,59000,-5,-5,-2,125000,141000,91828,130000,80000,174000,150000
6290,13,1991,2,2,1991,1000,11,13,10274,7500,5500,9000,3000,3400,3838,4032,-1,4416,4632,407,-2,-2,9995,5994,7057,25916,11500,18884,15212,15696,10848,23592,11388,9516,-3
6291,13,-4,2,2,11050,16750,11,13,12288,7500,14000,19598,19500,52500,37000,55001,-2,57000,45000,31100,28000,33400,22000,42000,32000,42000,42000,45000,78000,86000,-2,124800,99000,160000,60000
6292,10,3000,2,1,3000,3956,2,3,5514,900,3000,6000,-2,6542,8000,9000,10000,9000,-5,-5,-5,-2,-2,14070,10000,0,4110,9600,2384,11028,11844,1464,12840,-2,-3
6293,13,9733,2,2,9733,2000,3,6,1589,5000,-2,4656,5774,-2,6765,8990,15120,10608,11220,12108,9724,9680,10152,16561,-2,17244,36000,50000,52000,70000,-2,63000,0,55000,0
6294,13,-3,2,2,-3,2000,11,15,15662,1596,1404,6024,10335,-2,9360,10502,-2,-2,-2,-2,13596,16769,14400,27612,18000,21920,24000,32000,33500,33000,0,-2,31000,15228,44852
6295,13,5350,2,2,5350,7075,13,7,6649,5000,5200,7550,-2,7330,20000,6000,-2,18000,19500,15300,5737,14437,3814,18400,18300,26700,33152,33000,33900,65,-2,24444,14000,-2,-3
6296,13,5350,2,2,5350,7075,23,17,16123,-3,-2,-2,-2,1672,4781,15800,20200,22730,28800,2641,35460,28500,48600,0,-2,14416,-2,45000,60000,28000,-2,50000,9936,10104,10512
6297,13,11702,2,2,11702,8500,4,8,8261,10900,3050,3660,4356,5452,8280,6768,7368,7056,7332,8712,9444,5240,15581,-2,5464,3000,5000,4100,6000,3000,10000,0,9648,8076,9240
6298,10,12024,2,1,12024,8500,7,6,7622,5000,4000,5000,4500,5000,1800,-3,5800,-2,-2,-2,11784,5200,7608,5600,9180,10568,20100,-5,19692,16000,11193,7000,11300,7154,10836
6299,13,4438,2,2,4438,3000,42,44,47966,3500,5600,3000,4300,-2,14200,25000,20000,23250,22950,27860,39600,44050,54020,48000,63000,77100,100800,88300,101500,128500,120100,-2,97800,-5,-5
6300,10,5310,2,1,5310,-3,72,56,59322,6400,7342,-2,-2,22942,22000,35000,1300,-2,44040,-2,-2,-2,7200,16000,30000,-2,15000,25000,4536,9456,18721,11460,17160,19235,-3
6301,10,3084,2,1,3084,2592,49,48,53650,3000,3800,4240,2500,3400,4000,24212,19900,36285,41631,41800,47000,40000,49020,62100,71000,103200,93500,99000,110000,126000,132000,-5,145000,150000,173200
6302,13,10423,2,2,10423,13536,13,10,9521,11240,-2,3500,4000,4000,3861,-2,4188,0,7536,0,50,8000,8000,9000,19000,11000,19000,24000,1000,-5,17000,19000,-5,24000,-5
6303,10,11503,2,1,11503,8500,20,25,28779,11500,10000,20000,20685,22000,31000,31650,-2,28600,18000,36500,37472,58299,36200,43500,28000,32000,21000,65000,57000,43000,54000,62000,71000,0,57000
6304,10,11503,2,1,11503,11029,7,3,5660,8500,11780,5000,4500,-2,19000,15000,-3,7000,0,6400,23920,36600,-2,17000,35000,18000,18000,28000,15000,3096,12096,1300,23400,20000,16000
6305,10,4992,2,1,4992,3020,5,7,3277,5200,8200,8756,14004,22392,-5,-2,10096,21801,23500,30000,-5,45500,189918,974100,-5,-5,-5,-5,87000,116800,140000,-5,75360,31524,11784
6306,13,-4,2,2,2112,780,1,1,213,2544,-2,8564,-2,4644,3504,3540,3696,3552,-2,1200,732,4524,5655,-2,9432,4128,5412,5904,-5,-5,8328,-2,13844,39796,15812
6307,12,-4,3,2,6492,7300,4,3,2006,4620,46200,32496,4800,10548,9912,11040,11328,12216,12996,-5,-5,-5,-5,-5,-5,-5,-5,-5,-5,-5,-5,-5,-5,-5,-5
6308,13,-4,2,2,6120,4178,5,5,2867,5500,-2,3912,4260,4140,9782,7000,14456,4460,4004,6200,7772,4332,11068,16788,17752,20516,26688,23988,33028,-1,136400,29868,31556,31772,31952
6309,10,3946,2,1,3946,4568,3,4,3402,4000,2000,2600,5000,6500,6300,-2,-2,-2,-2,-2,-2,-2,-2,-2,4446,6144,-2,-2,17548,7488,-2,8364,-2,8580,-3
6310,13,5024,2,2,5024,6430,59,47,40495,3000,8920,12180,11436,16164,11964,14368,15068,27708,27400,24000,24460,27193,19760,27000,34000,34000,36140,-5,-5,48924,149600,37279,42680,34412,37940
6311,13,7092,2,2,7092,8552,71,79,74074,11000,9250,20000,17000,10000,11500,42989,29000,24800,21276,18500,23000,19500,42600,64000,43500,38000,45000,20865,19200,19200,18180,20988,12588,15696,18336
6312,13,7092,2,2,7092,8552,12,7,9856,-3,6000,0,189,8500,11500,3600,2316,5832,4411,9500,7248,9132,-2,8100,16300,23250,26500,27000,27000,33064,28929,13428,13596,14088,13761
6313,13,10800,2,2,10800,16612,17,18,23197,3834,-2,5600,7150,-2,12929,26000,-5,29000,-2,-1,-1,-2,-1,71000,-1,-5,-1,-1,-1,-1,-1,-1,-1,-1,-3
6314,10,10800,2,1,10800,7000,21,21,20939,6000,25000,8030,8000,9700,-2,-2,46000,37200,55000,-1,28000,-1,40000,-5,-5,-5,-5,-5,-5,-5,-5,-5,-5,-5,-5
6315,13,2256,2,2,2256,4500,5,4,3795,3100,3900,4776,4992,5196,10258,5555,-2,6758,9500,-2,5542,10168,8439,9642,24560,9852,3000,18000,-2,5106,10796,23332,16680,9036,9648
6316,10,-2,2,1,-2,26200,4,5,7136,40000,30000,25000,30000,25000,-2,9000,16000,16000,15700,17800,23000,16000,26000,26000,34000,41000,53000,-2,103000,-2,130000,1400,15600,16800,19200
6317,10,9000,2,1,9000,4856,9,11,16622,6500,8000,350,9500,12000,15000,14300,-2,14000,15000,17000,29020,10000,18544,25000,27000,33000,48000,42000,43000,46000,51000,58000,32150,36096,-3
6318,13,-3,2,2,-3,15000,6,8,12859,25000,18000,20000,9700,7000,5629,8595,-2,9500,11700,10500,11200,-2,22824,43000,-5,25000,-5,31352,46200,-2,60000,70000,-5,35000,20000
6319,10,-2,2,1,-2,15000,14,9,8698,18000,-2,20000,-5,-5,-5,-5,-5,-5,-5,-5,-5,-5,-5,-5,-5,-5,-5,-5,-5,-5,-5,-5,-5,-5,-5
6320,13,-4,2,2,-3,-3,82,84,74165,3792,25000,8000,8000,12000,0,14000,27500,26000,29538,30180,30150,-5,-5,-5,54036,-5,-5,-5,-5,-5,-5,-5,-5,-5,-5
6321,13,10000,2,2,10000,7200,38,46,39073,7350,3432,4024,6576,5252,12000,14000,19350,19900,15400,20900,28950,27000,32600,8888,16300,24400,24852,-2,31250,42075,62600,39400,-1,-1,-3
6322,13,9005,2,2,9005,20453,35,37,39538,8000,-2,20000,30000,15000,15675,21000,21000,25000,-5,-5,-5,0,1528,16776,0,24000,29000,48548,42580,50000,40870,-5,-5,-5,-5
6323,10,9005,2,1,9005,20453,29,35,48541,4000,25000,20000,30000,10000,-2,-2,14162,18250,30965,17300,22800,34240,17058,-5,-2,26700,15000,38000,32800,39000,14725,13280,53740,35780,20710
6324,13,28700,2,2,28700,36000,44,40,48286,35000,26000,41064,53100,10000,22000,21100,38500,45100,65000,52100,57000,55000,53000,54000,73300,92075,103000,172000,129000,154000,224000,242000,144000,124900,83000
6325,10,20018,2,1,20018,5124,7,4,8015,7841,11102,12749,12400,13963,15800,22000,34000,23000,26000,18000,21000,-2,35000,21000,-5,-5,-5,-5,-5,-5,-5,-5,-5,-5,-5
6326,10,20018,2,1,20018,10000,9,8,11731,9000,8000,3000,8054,18000,6000,29430,9000,13000,13000,12000,12000,15000,16083,18000,14000,14500,28200,22000,35000,30000,20000,23749,32304,8232,24256
6327,13,6106,2,2,6106,1000,7,7,4472,2520,65000,7500,6000,7000,17560,6494,8640,9048,9168,10412,9576,10780,10164,13788,8160,18600,15000,0,-5,19000,21000,21000,20890,-1,-3
6328,9,9600,3,1,9600,8000,38,44,57479,16000,10000,-1,26500,22020,33500,37000,30000,38500,36600,-5,-5,-5,-5,-5,-5,-5,-5,-5,-5,-5,-5,-5,-5,-5,-5
6329,9,21980,3,1,21980,-3,16,23,17952,22536,18552,26500,15000,-2,23000,27000,28038,34300,25652,-5,-5,-5,-5,-5,-5,-5,-5,-5,-5,-5,-5,-5,-5,-5,-5
6330,9,21980,3,1,21980,22176,12,15,25616,24096,21000,24544,28821,40000,-5,32000,38800,41900,44000,-5,-5,-5,-5,-5,-5,-5,-5,-5,-5,-5,-5,-5,-5,-5,-5
6331,12,4800,3,2,4800,0,25,32,43456,13500,18000,21500,15900,28000,31000,36000,30600,32500,35000,-5,-5,-5,-5,-5,-5,-5,-5,-5,-5,-5,-5,-5,-5,-5,-5
6332,12,-4,3,2,12075,-3,23,32,27760,15800,16300,75001,35000,18000,13000,13200,12282,18000,33001,-5,-5,-5,-5,-5,-5,-5,-5,-5,-5,-5,-5,-5,-5,-5,-5
6333,13,6000,2,2,6000,14000,32,28,20073,8000,-2,8560,-2,22542,38424,40124,50400,45600,12400,19948,29860,20560,17234,-5,-5,-5,30000,40400,37800,32400,38000,46500,43000,-1,-3
6334,13,6000,2,2,6000,14000,30,33,32383,900,5165,5700,9058,9000,8000,19040,15050,23100,24870,24030,36000,44000,52000,52000,72000,54000,65000,40625,54000,62300,47000,51680,52000,51000,51000
6335,13,4000,2,2,4000,14000,28,18,14830,900,1066,5721,12206,13611,11218,18000,10496,16000,-3,23000,26575,38000,12000,14000,-2,19720,3720,21330,24000,28000,-1,22000,41000,30000,22000
6336,13,624,2,2,624,8000,6,5,5779,7980,6000,10000,2480,4000,4800,7836,6392,3734,14604,9156,4305,-2,-2,11000,-2,17410,29000,40200,60100,41980,-2,67000,62536,-2,262210
6337,13,600,2,2,600,8000,23,25,21872,2000,7000,8232,7000,4800,6596,5000,6620,15000,21180,20680,19000,13780,-2,18932,13000,15000,39400,17112,21257,37000,26000,-2,29500,24643,-3
6338,13,-4,2,2,16000,22002,7,7,8237,18000,23000,16000,36000,24000,31000,-2,29600,37800,30000,38636,32500,36050,-2,22125,38200,-2,200,1692,0,1274,8088,9312,17760,-5,-5
6339,13,6304,2,2,6304,24800,11,14,18617,23000,-2,27000,33780,44000,31250,49000,53000,53000,68000,55000,63000,68000,62000,69000,71000,86000,92000,103000,-1,-1,-1,134000,125000,99000,-3
6340,10,4750,2,1,4750,6000,9,8,15443,9171,4000,6000,2000,4000,6000,18320,9500,11800,13500,8300,15000,15000,19000,24000,29500,33000,35000,36000,40000,80000,83000,88000,82000,43000,41000
6341,10,6304,2,1,6304,6000,1,1,3768,9171,4000,5200,3500,20000,6000,-2,5000,7800,20900,6500,-5,-5,-5,-5,-5,-5,-5,-5,-5,-5,-5,-5,-5,-5,-5
6342,13,1952,2,2,1952,2334,12,12,12346,2520,720,9000,9000,10000,12034,10000,13000,13000,13450,24000,28000,-2,24100,-5,21320,25000,40000,46000,56000,61500,83000,75000,16000,75806,34000
6343,13,5000,2,2,5000,7000,19,19,26213,6000,5000,12000,10000,16425,8000,14022,-2,1115,6800,4000,9000,21940,6756,8600,3592,0,22000,1496,11836,18096,19536,8112,39557,48832,51928
6344,13,1800,2,2,1800,-3,6,12,13090,3000,4000,3000,3900,2200,7065,4870,8248,8328,7119,16127,-2,7124,5773,11529,5599,5660,35300,6648,7932,7650,8389,15612,9084,13680,9515
6345,13,-4,2,2,12000,10274,10,7,3585,9526,24000,9830,7000,10162,16488,10284,3220,8128,6100,8600,-2,16660,-2,8000,18000,0,13200,18000,-2,15000,-2,17000,14000,16000,16000
6346,10,5600,2,1,5600,2276,16,15,17402,2752,3000,6000,7200,6000,8500,-2,32000,27000,22000,26500,35000,31580,15850,-5,25000,35000,42000,11000,7000,9000,10000,40000,50000,0,0
6347,10,5600,2,1,5600,2276,4,7,14155,2752,3000,2000,7200,4000,6500,600,20000,11440,3600,7500,-2,16560,-2,-2,9000,35000,-2,-2,51000,63000,55000,56000,69000,67000,45000
6348,12,13000,3,2,13000,10400,23,19,27054,14000,16000,9226,25500,18668,-2,-3,12000,16600,22300,-5,-5,-5,-5,-5,-5,-5,-5,-5,-5,-5,-5,-5,-5,-5,-5
6349,12,12000,3,2,12000,-3,34,32,32058,20000,25000,30000,30000,22000,37000,87000,31000,54000,16000,-5,-5,-5,-5,-5,-5,-5,-5,-5,-5,-5,-5,-5,-5,-5,-5
6350,12,12000,3,2,12000,-3,16,18,19111,4080,-2,15200,18895,25000,37000,22884,-2,-2,21840,-5,-5,-5,-5,-5,-5,-5,-5,-5,-5,-5,-5,-5,-5,-5,-5
6351,12,12000,3,2,12000,-3,15,12,16046,20000,25000,30000,11884,1250,9000,9600,36000,3340,9200,-5,-5,-5,-5,-5,-5,-5,-5,-5,-5,-5,-5,-5,-5,-5,-5
6352,10,-2,2,1,-2,-3,4,6,9451,8000,3000,8000,3000,4000,-2,-2,-2,5000,13000,5200,10060,8384,-2,17000,18000,-5,23500,0,28000,51888,34280,21000,0,20648,14400
6353,13,4800,2,2,4800,-3,18,17,26283,8266,10338,11200,11300,7480,7900,9315,9325,9900,10069,11100,36000,48000,58000,56120,64000,60000,67000,84000,68000,78000,80100,81000,-2,-1,-3
6354,9,-4,3,1,-3,8000,20,25,28928,33285,15544,19204,19000,22000,19030,16200,22000,29000,16500,-5,-5,-5,-5,-5,-5,-5,-5,-5,-5,-5,-5,-5,-5,-5,-5
6355,9,8100,3,1,8100,-3,6,13,20305,12800,-2,15000,13000,-2,12000,23500,21500,-2,9200,-5,-5,-5,-5,-5,-5,-5,-5,-5,-5,-5,-5,-5,-5,-5,-5
6356,13,3536,2,2,3536,3800,5,3,2128,45600,1200,1872,11000,12000,6000,7543,9392,9200,8570,8160,5572,10028,-2,12800,16000,7200,28120,14760,12500,14000,14000,4064,9144,11928,10980
6357,13,2224,2,2,2224,4056,25,22,36700,2676,382,4500,1391,3600,5028,7513,9105,2097,8052,2892,3764,11292,11328,5110,20000,17000,-2,10000,4000,5000,6370,30784,3868,2323,0
6358,13,6000,2,2,6000,2000,5,7,8991,2016,1728,1728,3000,7500,12000,16869,-2,-2,20212,18500,9515,3096,11410,12000,17200,27000,18300,33300,27697,53000,58000,56000,45600,63000,66000
6359,10,6000,2,1,6000,2000,6,9,15974,2016,-2,1728,6625,7500,12000,-2,26000,-2,10000,12000,-2,9000,10000,0,0,13000,10000,10000,10000,0,7800,0,12084,11880,11176
6360,10,6000,2,1,6000,8500,3,1,2451,16000,4500,8000,13000,17000,26000,28010,30000,31000,36000,32064,41000,41600,51000,41000,43000,-2,38000,58000,74000,42000,83000,-5,-5,-5,-5
6361,10,4500,2,1,4500,3988,1,1,2066,5576,12000,-2,10000,20000,8500,20000,26000,9010,14500,6500,14000,15000,25000,25000,-2,23000,34000,36000,33000,35000,-2,-2,38200,0,-3
6362,13,5000,2,2,5000,0,5,7,9411,5576,12000,3600,5000,9730,12000,15940,13000,18668,13550,2220,4275,17900,19000,17000,-2,-2,90000,26600,28876,144000,6756,27000,29100,37956,-3
6363,13,5000,2,2,5000,4008,15,14,11206,5576,12000,3600,5000,18000,6000,10115,7768,7178,8556,4970,5000,14855,19000,19000,18000,24000,29000,34000,34855,39000,56000,-2,55440,56000,67000
6364,13,1746,2,2,1746,1956,5,6,8763,8400,-2,8240,6000,6000,15000,11960,-2,-2,-2,360,4260,4824,4944,6240,7144,6865,13808,6000,14936,15440,17160,27840,6212,7032,12300
6365,13,1746,2,2,1746,1956,1,4,3994,8400,0,1440,2000,1440,3000,2028,2544,2601,5688,5952,7296,7008,7152,12296,5000,15500,15000,13000,18000,3000,26360,-2,2000,-2,-3
6366,13,3517,2,2,3517,0,16,10,11555,2000,-2,-2,-2,12000,15000,13600,16900,19900,23706,16484,-2,19232,17116,21000,25005,-5,32000,30000,-5,185000,76000,-5,-5,38800,151840
6367,13,-2,2,2,-2,8500,42,50,47216,6500,8000,25400,14045,-2,28800,-2,37000,45000,34000,39100,33000,41000,43000,41000,51000,41500,-5,54000,-5,-5,-5,-5,-5,-5,-5
6368,13,1800,2,2,1800,-5,1,1,5127,1728,11000,2016,2500,1500,1728,-2,9032,5328,5700,5856,6168,6530,13671,-2,15520,-2,30490,20000,56952,8436,8988,9108,600,8820,9468
6369,13,2000,2,2,2000,3000,30,29,29404,6380,9156,7425,14900,7800,12153,1200,4000,22100,30700,36400,37800,46000,39000,38420,51000,58480,-2,-2,-5,155960,-5,-5,-5,-5,-5
6370,13,2000,2,2,2000,-3,21,21,27097,17952,1200,15860,22000,-2,13227,25000,18000,18372,27000,33280,32000,38636,38400,45864,55000,63000,57000,69900,78000,67050,-5,-5,-5,69000,63000
6371,13,1860,2,2,1860,4000,1,1,87,720,2000,3712,4445,5965,3000,3448,5856,6247,8122,11628,13572,16116,19211,13834,11580,13180,21660,22964,5220,20400,9224,9600,7800,-2,-3
6372,13,5000,2,2,5000,4000,18,21,23845,8400,4000,7752,7000,8900,10000,21000,7000,-2,25000,39500,40000,40100,42000,47000,61000,60000,0,72000,77000,83000,105000,105000,70000,65000,110000
6373,13,2908,2,2,2908,3840,16,13,21502,40400,-2,10428,8000,8065,6682,7000,4570,-2,8989,19200,-2,-2,-2,-2,-2,-2,-5,-2,27000,-2,-2,28000,-2,-2,-3
6374,13,2908,2,2,2908,3840,13,4,5145,5432,6282,10428,8968,8065,7000,11900,9100,7000,-2,19200,21400,-2,-2,12200,-2,33200,39000,49000,10000,25000,27000,27000,27000,35000,35000
6375,13,2908,2,2,2908,3840,5,2,2679,5432,3022,5763,1791,30912,4798,3010,10509,2856,5952,6333,9924,11672,-2,-2,-2,-2,-5,-2,45000,-2,-2,-2,13200,-2,10000
6376,13,11000,2,2,11000,17000,10,7,12929,18551,15000,7000,18000,29000,-2,-2,-2,-2,27690,300,-2,-2,-2,-2,-2,4092,-2,32039,22080,8900,7620,24800,9960,8400,0
6377,13,11000,2,2,11000,17610,27,34,39848,16000,8600,15356,13095,18276,21000,32000,30000,38000,38075,46071,53000,49050,60000,62000,-5,86000,81000,80000,110000,130000,115000,124000,60000,62000,53000
6378,10,12000,2,1,12000,14000,12,13,15456,3300,2700,-5,9504,-2,12000,-2,-5,-5,-5,-5,-5,-5,-5,-5,-5,-5,-5,-5,-5,-5,-5,-5,-5,-5,-5
6379,13,11000,2,2,11000,17000,6,7,9237,18551,16760,7000,18000,29000,14080,-2,19316,23000,-2,23000,25600,33000,26160,22800,21100,21600,144000,12640,9600,19716,5300,12000,-2,0,-3
6380,13,6426,2,2,6426,-3,41,51,52738,30000,18000,7700,11426,13000,14000,17000,19000,17844,37000,34000,38000,20000,21000,25000,22000,35000,10491,14486,18242,15000,-2,-5,-5,-5,-5
6381,13,-4,2,2,2918,7612,4,5,4224,3801,3996,4296,6000,3524,4800,2236,-2,5220,2500,3306,5180,6120,6505,8400,5960,5496,6960,3000,3000,0,0,0,0,0,18000
6382,13,-4,2,2,-3,2500,17,18,17150,3024,3240,3348,3348,4680,4836,5088,4248,5952,5880,6180,6456,6480,6396,6600,6600,1000,14280,10848,10000,14572,12200,34264,32524,-2,16710
6383,13,-4,2,2,-3,3413,10,7,5610,6026,6700,7000,18524,19380,25432,24000,20000,16700,33500,34500,33000,41000,31092,0,-2,12000,9012,120000,10728,11184,65360,-2,13468,13032,12564
6384,13,7692,2,2,7692,6000,22,20,24438,7380,3165,8446,-2,4584,6000,17302,8058,8108,10336,5520,5712,10920,10776,11208,11880,5160,9288,9564,310,16224,9108,-5,-5,-5,-5
6385,13,7692,2,2,7692,6000,26,16,25009,7380,4800,5580,5576,-2,5000,-2,20900,20500,15000,20000,12000,9000,13000,14000,18292,-2,18000,15502,19000,28000,28000,35000,35000,65000,45000
6386,10,7692,2,1,7692,6000,6,3,6388,8480,9264,13000,17500,16500,23000,25500,-2,-2,36572,38339,43131,-2,-2,52856,-2,0,0,44500,55000,18000,18000,22000,21000,18000,22000
6387,13,15684,2,2,15684,6180,3,1,1305,3883,7466,4445,-2,11400,4000,4000,5500,-2,-2,6496,5520,-2,9536,12500,-2,-2,27500,-2,24000,-2,7800,10800,12895,12720,14300
6388,10,6000,2,1,6000,2718,1,2,6622,-3,-2,-2,5064,1500,3500,2500,-2,10900,11602,12822,11000,-2,8100,39200,-2,-2,63000,70450,60000,38000,63514,40000,30000,32000,60000
6389,13,0,2,2,0,2000,4,3,1912,1000,300,7332,4000,2496,-2,3672,3756,8892,3876,7164,1469,6720,8781,4980,-2,-2,-5,-2,22404,16772,19000,1329,6962,8892,8700
6390,10,11000,2,1,11000,24000,12,13,17898,8000,-2,2000,8777,11554,14000,-2,16000,18000,-2,-2,-2,-2,54000,-2,55000,-1,-2,-2,-5,-5,-5,100000,-1,-1,-3
6391,10,11000,2,1,11000,24000,22,18,14229,-3,-2,5600,3302,42000,20425,-2,21500,15000,26375,-1,-1,15000,-5,-5,-5,-5,-5,-5,-5,-5,-5,-5,-5,-5,-5
6392,10,1452,2,1,1452,1716,6,10,9563,2000,2196,-2,1200,-2,1880,0,2500,3000,18000,400,500,10000,-2,4000,0,0,-5,-5,-5,-5,-5,-5,-5,-5,-5
6393,13,1452,2,2,1452,1716,12,12,20323,2000,2196,-2,1200,-2,2676,-5,-5,-2,4872,9240,-2,-2,18000,30260,5600,5000,0,0,10188,7560,13388,0,0,10087,0
6394,13,5940,2,2,5940,1740,1,1,1656,2000,3600,-2,35000,-2,3000,6984,-2,8832,-2,9436,-2,7720,9868,-2,9416,-2,21482,11712,207,7317,10692,9120,12876,26616,-3
6395,10,-2,2,1,-2,8000,1,1,193,2000,3600,-2,35000,-2,29110,30490,30500,36000,44490,48500,52000,49000,54200,61000,-2,52000,-5,-2,61000,0,45444,22800,20955,-2,-3
6396,13,15000,2,2,15000,12000,8,9,7674,-3,-2,10000,-2,3500,-2,6722,2290,18030,17200,21600,35000,18000,23000,22300,-2,42000,30000,56000,39455,0,128000,28000,98000,28000,29000
6397,13,8000,2,2,8000,6949,11,8,6913,2118,2156,2140,2028,4560,11985,-2,5224,-2,9502,-2,-2,-2,-2,-2,0,0,0,0,0,-2,-2,-2,39852,-5,-5
6398,10,8000,2,1,8000,6949,2,6,7720,2118,2156,2140,2028,4560,11985,2760,780,-2,3180,-2,-2,-2,-2,-2,4800,-2,-2,-2,-2,-2,10800,-2,-2,-2,-3
6399,13,-4,2,2,5112,4260,1,1,2814,5880,66816,6776,6016,5136,6588,6924,7920,9240,9312,5244,7584,8136,8119,-2,2400,-2,3600,7400,12310,17000,5000,19396,15000,16000,-3
6400,13,-3,2,2,-3,2796,2,1,1195,4226,6780,5508,6480,3480,6348,8058,8076,6664,49188,9516,7240,6720,7063,7707,-2,-2,-2,10000,10000,35000,10000,9000,0,5000,3260
6401,10,2228,2,1,2228,2440,28,27,30506,-3,4788,1800,6880,-2,7000,-2,-2,6028,10560,17043,18500,18180,19500,200,19900,-5,-5,-5,-5,-2,-1,-1,-1,-1,39500
6402,10,5000,2,1,5000,6000,47,58,65268,7000,3600,-2,17000,35000,35000,38325,16000,13000,23000,-2,17000,19000,17500,46510,41000,23500,-5,-5,-5,-5,-5,-5,-5,-5,-5
6403,10,2500,2,1,2500,-3,7,8,4780,-5,-5,-5,-5,-5,-5,-5,-5,-5,-5,-5,-5,-5,-5,-5,-5,-5,-5,-5,-5,-5,-5,-5,-5,-5,-5
6404,13,2500,2,2,2500,1500,3,4,3196,5542,8880,8540,7440,8934,8968,12000,11000,10000,11140,12500,14700,12474,14372,12580,13880,23600,-5,89000,33000,41000,40000,46000,44000,59000,41384
6405,13,2500,2,2,2500,1500,13,13,20448,2000,-2,6000,2148,5392,3959,1200,4000,10000,10800,9000,9000,11000,10440,11950,11200,6372,15000,10000,4000,11000,45004,15000,26200,34160,27400
6406,10,20000,2,1,20000,-3,19,12,14627,-3,16000,-2,10000,10500,10000,5960,6500,11000,20000,16000,12000,12000,14000,27000,44000,23000,0,17000,25000,25000,20000,22000,0,-5,-5
6407,13,20000,2,2,20000,-3,7,5,5406,-3,10000,-2,-2,-2,-2,7868,17328,16000,16000,24127,15000,22000,27000,28000,-2,-2,10625,23116,14100,24388,-2,13000,28000,22000,-3
6408,13,12000,2,2,12000,22000,4,3,2145,20000,20000,-2,1050,40000,20000,0,12000,54134,46000,25000,-2,-2,-2,18372,10068,33860,3500,-2,-2,13496,83044,10000,-5,-5,-5
6409,13,12000,2,2,12000,22000,28,23,34395,20000,20000,-2,37476,40000,20000,-2,24964,-5,-5,-5,-5,-5,-5,-5,-5,-5,-5,-5,-5,-5,-5,-5,-5,-5,-5
6410,13,-2,2,2,-2,-3,1,2,1016,3612,2000,-2,9324,3000,9000,6672,4274,4224,-2,12048,6360,6396,6384,7683,16152,7860,13340,9468,7236,11328,11448,11856,9864,-5,-5
6411,10,700,2,1,700,-3,77,79,76181,20000,20000,3000,25000,45000,28784,7224,25500,32000,33360,33000,39500,40500,42000,42000,53000,45000,67000,70000,67822,75260,69774,46000,55000,66000,45000
6412,13,700,2,2,700,-3,15,15,24364,20000,-2,-2,10920,-2,-2,-2,10000,-2,22400,9884,10000,8000,-2,13740,12000,10920,17416,26384,6948,11627,17848,23248,28444,13000,10000
6413,13,700,2,2,700,-3,8,9,18757,20000,-2,3000,11348,-2,-2,-2,-2,42760,-2,-2,-2,-2,-2,4484,5808,6479,6540,6648,14720,3852,8088,8376,8652,9420,9304
6414,13,10000,2,2,10000,17000,10,6,11322,15000,18600,18172,18500,20014,17652,22000,24500,27000,18462,8128,-2,15200,14796,-2,14000,19000,22000,24000,22000,22000,29000,11933,18000,22000,29000
6415,10,10000,2,1,10000,-3,4,2,4251,-3,-2,15725,10100,30000,-2,-2,-2,-2,-2,10920,51060,-2,0,-2,0,-2,-2,0,18900,0,0,-2,0,0,0
6416,13,700,2,2,700,300,6,3,2658,950,1000,-2,-2,2000,-2,-2,-2,-2,-2,-2,-2,-2,-2,16104,9396,3060,7800,7260,0,10572,16800,16548,8652,9696,9828
6417,13,700,2,2,700,300,3,5,2083,950,1000,-2,-2,3200,11000,-2,34000,-2,-5,-1,45000,53000,49000,40000,-1,-1,30000,19000,-1,-2,-1,-1,-1,-1,-3
6418,13,-2,2,2,-2,-3,20,14,19216,-3,20000,16000,4000,11000,12866,20365,20000,-2,-2,-2,-2,-2,21000,-2,-2,-2,10900,10712,7500,14000,-2,13200,17500,-2,-3
6419,10,-2,2,1,-2,-3,4,2,1254,-3,20000,16000,4000,20000,15000,-2,20000,-2,42000,29450,2000,2300,5000,20000,3200,15000,2600,15000,17000,3000,17000,11000,0,0,3500
6420,10,5012,2,1,5012,-3,4,6,8199,1500,7000,11000,1100,3000,6612,300,15000,-2,-2,-2,-2,-2,-2,-2,-2,-2,-2,2000,1200,-2,11100,-2,18346,-2,-3
6421,10,5012,2,1,5012,-3,17,14,16662,1500,7000,23500,-2,8320,8400,-2,-2,8000,15000,-2,-2,-2,-2,17000,19000,25000,35000,28000,50000,23932,-2,15040,16440,-2,25000
6422,13,2000,2,2,2000,-3,1,1,2855,10000,2000,200,7020,8122,8000,4500,23000,7735,10171,13600,-2,12000,12000,10000,-2,-2,-2,-2,-2,-2,-2,-2,-2,52856,-3
6423,10,15000,2,1,15000,18000,10,6,8574,25000,28000,16000,-3,-5,-5,-5,-5,-5,-5,-5,-5,-5,-5,-5,-5,-5,-5,-5,-5,-5,-5,-5,-5,-5,-5
6424,12,-4,3,2,675,1300,12,8,6416,12230,5000,1206,6000,16000,-5,-2,4000,3000,12000,-5,-5,-5,-5,-5,-5,-5,-5,-5,-5,-5,-5,-5,-5,-5,-5
6425,9,-4,3,1,320,21071,4,4,6461,2800,9154,10000,13000,10000,10000,8000,18000,18000,16020,-5,-5,-5,-5,-5,-5,-5,-5,-5,-5,-5,-5,-5,-5,-5,-5
6426,13,-4,2,2,12000,13000,5,4,2313,14180,18000,15404,19000,13282,21090,0,14000,18000,29000,30000,4833,13213,9502,15000,12000,18000,2000,2490,11160,21600,13044,23784,0,12024,0
6427,13,4204,2,2,4204,8696,6,13,14174,5796,6132,5964,8976,12200,850,-2,3756,6976,7524,7236,7800,-2,-2,10180,7774,-2,12000,7000,4000,9885,0,15000,15995,-5,18737
6428,13,4204,2,2,4204,8696,2,2,6613,5654,6132,5964,8976,5700,850,-2,-2,-2,-2,-2,7241,-2,-2,-2,4359,-2,10400,15000,12800,15000,13000,19604,16096,2484,22220
6429,13,12051,2,2,12051,9000,8,8,16596,-3,-2,-2,-2,-2,-2,6000,17544,11500,18864,32048,19500,26250,25500,29800,29000,40000,37000,39000,33000,35500,46000,55000,40000,13500,51000
6430,10,-4,2,1,-2,-3,30,26,21071,9500,10400,9000,11311,11500,14500,15000,21000,21300,-3,-2,-2,40000,28699,42000,33000,45000,30000,30000,20000,0,0,0,2280,-1,-3
6431,10,-2,2,1,-2,-3,5,4,4569,-3,-3,-2,-2,-2,-2,-2,3520,-1,-5,451,1500,-2,0,13000,11000,13000,-1,20000,18050,20000,8212,18568,2400,15200,-5
6432,10,-2,2,1,-2,-3,4,2,296,15000,-2,15500,14000,25000,19000,24000,-2,0,20400,19600,20650,8200,13600,12600,-2,2000,-5,9000,22300,8600,28000,29000,32800,32500,17500
6433,10,6542,2,1,6542,15000,18,19,20449,4081,-2,-2,-2,24000,30000,37400,38800,33800,32000,-2,-2,-2,25000,-2,76000,78000,71500,80000,-5,82000,54000,-5,80000,100000,128000
6434,13,-2,2,2,-2,6010,5,7,7753,26500,36000,18000,20040,29814,30000,35000,36300,18200,25200,23000,28000,-2,-2,-2,27000,31000,44632,32000,18000,35000,30000,16500,17000,45000,45000
6435,10,-2,2,1,-2,4060,7,7,11568,6426,-3,30000,26000,34000,31200,62000,57000,34536,62200,56000,-5,57600,74000,88500,-5,151000,111000,127000,100000,125000,43000,-2,52200,49200,28000
6436,9,1500,3,1,1500,-3,13,16,21184,-3,1504,1100,9300,10000,-2,28000,30000,26000,32000,-5,-5,-5,-5,-5,-5,-5,-5,-5,-5,-5,-5,-5,-5,-5,-5
6437,12,3300,3,2,3300,2000,49,62,57313,7000,-2,-2,16000,20057,31200,26700,-2,31000,54000,-5,-5,-5,-5,-5,-5,-5,-5,-5,-5,-5,-5,-5,-5,-5,-5
6438,12,7000,3,2,7000,5600,19,19,25567,75001,18881,7200,14217,10500,-5,22000,100001,25270,36300,-5,-5,-5,-5,-5,-5,-5,-5,-5,-5,-5,-5,-5,-5,-5,-5
6439,9,17000,3,1,17000,24000,12,16,15769,25000,27000,30000,37000,11000,-5,10000,13000,-2,14400,-5,-5,-5,-5,-5,-5,-5,-5,-5,-5,-5,-5,-5,-5,-5,-5
6440,10,18800,2,1,18800,10000,4,4,4047,8000,11000,0,16000,-5,-2,-2,15000,17000,17880,-2,-2,-2,-2,-2,19000,31000,-2,-2,38800,50000,39520,-2,62160,20800,25000
6441,10,18800,2,1,18800,10000,16,14,14319,8000,11000,0,29200,-5,-5,-2,21710,35000,36000,37000,41000,-2,48000,57000,53000,43000,55000,-2,-5,-5,-5,-5,-5,-5,-5
6442,13,18800,2,2,18800,10000,13,13,20026,8000,11000,0,-5,26000,23563,27568,27000,27189,29600,32000,839078,32234,30846,40400,42000,22000,40000,48940,60000,78000,74000,-2,-2,-1,-3
6443,10,18000,2,1,18000,10000,1,1,1065,-3,15000,17456,20550,21000,-5,23000,23000,22000,24000,25000,22000,23000,28000,33000,42000,-5,-5,-5,-5,-5,-5,-5,-5,-5,-5
6444,13,18800,2,2,18800,10000,4,8,7116,15000,16000,17456,7224,-3,15000,16000,-2,16000,21700,13000,16000,16000,28000,33000,41000,51000,-5,-5,-5,47000,-1,45000,-1,58200,-3
6445,13,7807,2,2,7807,6000,8,8,23088,8000,0,-2,-2,-2,8836,1452,4290,6024,-2,8220,-2,7932,11425,12567,10536,5868,9372,10920,7461,31152,20184,11059,-2,29317,-3
6446,9,-4,3,1,67400,14500,59,63,61029,12000,17600,20650,25150,11000,35000,42725,42020,43950,55075,-5,-5,-5,-5,-5,-5,-5,-5,-5,-5,-5,-5,-5,-5,-5,-5
6447,9,5500,3,1,5500,5841,43,51,62836,17000,24000,7100,9316,10550,14000,18300,45192,26500,54200,-5,-5,-5,-5,-5,-5,-5,-5,-5,-5,-5,-5,-5,-5,-5,-5
6448,13,4080,2,2,4080,-3,9,11,8454,2004,8500,8872,-2,13996,11500,-2,-2,8208,9048,10644,10536,15012,13290,14754,6788,9872,-2,-2,27500,25000,-2,12600,14172,15000,19000
6449,13,-4,2,2,140,30,6,6,5308,0,1000,2565,439,1100,1884,2700,2772,3416,4728,2832,2832,5664,5664,5160,-2,14340,14308,10000,10300,10000,21008,-2,15000,17916,26952
6450,13,4080,2,2,4080,-3,23,18,25641,2004,7500,8872,8064,11904,12000,15584,12530,-2,13500,10640,-2,-2,2148,1950,10033,3600,31756,36816,31592,12078,20000,10000,18000,17000,27000
6451,10,2400,2,1,2400,-5,2,4,9929,5000,8500,4000,-2,-2,-2,-2,-2,-2,-2,-2,-2,6448,2724,6000,6168,-2,11824,0,27000,5800,1000,13000,10520,12756,12620
6452,10,5484,2,1,5484,2000,1,2,3924,2000,-3,3200,6612,5000,-2,-2,3130,4000,10000,6144,5984,-2,7000,7640,7744,7448,5724,8136,5280,6168,7200,1524,19704,-2,-3
6453,10,5484,2,1,5484,2000,13,13,14393,3000,1000,7800,8000,9000,12000,-2,10800,5000,-5,-5,8014,-5,8000,9000,15000,-5,-5,-5,-5,-5,10000,-5,13000,25000,30000
6454,10,5484,2,1,5484,2000,8,6,15226,2000,-2,3200,6612,5000,-2,12000,19000,23470,26000,39000,44000,-2,44000,42000,38000,-5,62000,57000,62000,55000,-2,57000,86000,85000,180000
6455,13,12000,2,2,12000,-3,28,22,27272,-3,10903,-2,-2,-2,35000,23000,26000,29000,23000,41650,23000,21000,26000,29940,32000,39000,45000,42000,55000,54000,74000,61000,62000,65000,48000
6456,10,15000,2,1,15000,25000,45,55,54934,20000,15000,12270,27000,19500,28000,19400,21310,26100,15000,-5,-5,-1,19000,18500,-5,-2,24000,39000,-2,22000,31515,45000,-5,-5,-5
6457,13,12000,2,2,12000,-3,11,13,13284,-3,-2,7785,6496,13416,-2,-2,17000,20800,16500,21000,35743,27000,-2,20000,22268,14304,-1,-2,-2,-1,-2,-2,-2,0,-3
6458,10,10000,2,1,10000,-3,70,77,84178,11000,15000,-2,7159,-5,-5,-5,-5,-5,-5,-5,0,-2,-2,-2,-2,-2,-2,-5,6000,0,11200,-2,2732,32340,22310
6459,13,10000,2,2,10000,10000,54,68,80595,10107,11000,8000,11000,24000,25000,-2,10200,13000,13050,14100,14020,15000,12819,26010,28172,42172,51000,36000,42000,44000,46100,49000,67000,54000,75000
6460,10,10000,2,1,10000,10000,31,26,29384,10500,9124,3480,-2,9200,11000,10000,-5,-5,-5,-5,-5,-5,-5,-5,-5,-5,-5,-5,-5,-5,-5,-5,-5,-5,-5
6461,13,5300,2,2,5300,6000,12,10,15403,2000,1514,-2,1640,3000,-2,52992,-2,6684,3000,6000,11268,6062,6558,10812,7674,10000,21500,6000,6000,8000,8282,-2,1840,2328,-3
6462,10,12000,2,1,12000,6000,22,23,29519,3000,1514,4000,5522,10000,5000,17000,5000,9957,8405,5870,9000,6200,28000,35000,-2,22000,-2,115000,89000,-2,-2,231000,210000,-2,109000
6463,9,7500,3,1,7500,6000,18,16,18562,5000,8700,-2,8710,12433,-2,8226,19800,-2,7000,-5,-5,-5,-5,-5,-5,-5,-5,-5,-5,-5,-5,-5,-5,-5,-5
6464,12,-4,3,2,-2,-3,2,3,2890,8320,-1,7200,0,0,136,1000,22252,-2,-1,-5,-5,-5,-5,-5,-5,-5,-5,-5,-5,-5,-5,-5,-5,-5,-5
6465,10,-3,2,1,-3,20000,4,1,1237,-3,5000,9003,50000,-5,-5,-5,-5,-5,-5,-5,-5,-5,-2,-2,-2,-2,-2,20000,45000,44000,75000,160000,75000,42000,120000
6466,10,10000,2,1,10000,-5,-4,-4,-4,7700,30000,27500,10000,-2,41720,56700,32100,39200,36000,-5,36600,76200,68000,133000,78000,38000,18000,-5,-5,65100,-5,218000,-5,-5,-5
6467,10,-2,2,1,-2,22000,13,6,10093,7000,9996,5895,3012,12444,10000,10000,11000,17000,15000,10000,17268,34000,34000,22000,28000,18000,26720,16000,30000,0,4576,1400,8671,-2,-3
6468,10,-2,2,1,-2,22000,28,27,31729,7000,13996,25800,14924,26000,-2,58500,-2,43000,39200,26000,-2,-2,-2,39000,32000,48000,38000,35000,95000,-2,75776,-5,-5,-5,-5
6469,10,10000,2,1,10000,15000,16,18,12044,17000,37000,19500,20000,25000,20000,43000,-2,24100,27900,38000,41000,42000,47000,50000,58000,86200,108000,124000,137000,146000,-2,125000,129000,136000,148000
6470,13,10000,2,2,10000,15000,21,18,17490,17000,37000,19500,20000,54000,-2,-2,-2,-2,45000,45300,58000,-2,-2,70000,76000,87000,-5,-2,118000,125000,162000,172000,203000,104000,-3
6471,10,3171,2,1,3171,1700,-4,-4,-4,8830,7500,13344,31650,7000,-2,21345,19447,18198,25825,23800,-2,-2,-2,36540,33000,21450,26200,43100,41000,3720,14540,8700,11920,14820,17732
6472,13,8197,2,2,8197,5000,20,16,18228,4932,9000,4200,6000,6000,7000,9864,7388,7620,9487,10248,6000,-2,-2,-2,-2,0,6240,5252,0,-2,2000,57400,0,2328,2304
6473,10,4824,2,1,4824,-3,38,43,38179,4932,15000,22000,15500,19000,22500,28000,9400,37000,38500,43480,41000,-2,47000,50000,53500,53000,61000,87300,67000,90000,129500,107000,66000,94000,78000
6474,13,3000,2,2,3000,200,1,2,751,2000,2000,7000,5000,7000,-2,7000,11000,10903,24580,18464,11700,1700,0,6388,9192,5120,-2,6648,0,9192,-2,10920,11148,18668,-5
6475,13,-2,2,2,-2,5400,49,41,34910,5700,20000,-5,1250,0,-5,3000,6200,36000,42000,-1,-5,-2,-1,80000,103010,98000,107001,110000,-5,-5,-5,-5,-5,-5,-5
6476,10,-2,2,1,-2,5400,13,11,19649,5700,20000,6000,-2,-2,-5,9000,7000,15000,8000,20000,0,0,-2,-5,-5,-5,-5,-5,-2,-2,-2,-1,16188,-2,-3
6477,10,-2,2,1,-2,5400,1,1,1118,5700,2000,6000,25000,-2,-2,4000,-2,-2,-2,-2,5000,-2,14000,-2,12000,-2,-2,-2,21500,27700,10400,1900,17000,-2,20000
6478,10,-2,2,1,-2,5004,5,3,1792,5700,20000,6000,25000,-2,-2,-2,8500,-2,-2,-5,-2,-2,-2,8000,12000,18000,-2,-1,-1,-1,-1,38000,-2,-5,-3
6479,10,-2,2,1,-2,5004,38,22,32012,5004,20000,6000,25000,-2,-5,-3,-5,-2,1500,0,9000,6000,11000,13000,6000,13500,13000,23500,24000,30000,16200,33000,-5,-5,-5
6480,10,-2,2,1,-2,5400,4,1,690,5700,20000,6000,25000,20000,-5,-2,26000,-2,-2,-2,1500,-2,-2,-2,29800,114000,-2,105000,86000,-2,70000,-2,-2,-2,68000
6481,13,25000,2,2,25000,20000,14,16,14293,17000,16945,22152,29367,16000,25000,-2,9600,23430,31000,35200,33000,21000,-5,-2,-2,43000,16400,17000,-5,-5,-5,17000,-5,-5,-5
6482,13,6500,2,2,6500,8500,9,11,10054,6000,2316,0,8500,8000,15000,24296,6012,-3,7776,5888,7584,6768,5156,4556,2025,18538,-2,-2,22124,24204,-5,-5,-5,-5,-5
6483,13,6500,2,2,6500,8500,22,20,19337,6000,7500,8500,-5,8000,-5,-5,-5,-5,-5,-5,-5,-5,-5,-5,-5,-5,-5,-5,-5,-5,-5,-5,-5,-5,-5
6484,10,8500,2,1,8500,8500,10,16,23220,8000,7500,8500,12424,8000,-2,-2,-2,2000,-2,-2,7000,-2,-2,-2,6006,6500,13290,10000,20000,12000,0,-2,-2,-2,0
6485,13,45000,2,2,45000,55000,34,32,28475,5500,8600,-2,18000,40000,45000,30000,-1,60000,85000,-1,-1,-1,-1,974100,-1,175000,-2,130000,-1,-1,-1,122000,-1,-1,133600
6486,13,12000,2,2,12000,6510,16,16,17908,10873,16718,15104,24720,28180,28060,30000,44000,46012,14000,-2,-2,-2,18400,24000,25600,-5,-2,-5,22876,-2,-5,-5,50400,-5,-3
6487,12,12000,3,2,12000,20500,28,20,24353,16313,25000,27000,28000,31000,32076,-2,66200,58000,56050,-5,-5,-5,-5,-5,-5,-5,-5,-5,-5,-5,-5,-5,-5,-5,-5
6488,10,10560,2,1,10560,13000,3,4,5093,15000,30563,33920,5890,15000,18250,15440,24000,25000,27000,29800,38030,14000,34000,21000,30000,35000,30000,40400,35000,53000,75000,33600,-2,30000,48000
6489,13,10560,2,2,10560,13000,10,10,18482,15000,30563,33920,11000,22928,20800,21000,26202,50000,20000,20035,27585,10000,26000,28000,13978,30448,24800,33000,35000,30000,6400,24000,26000,32534,21000
6490,10,-2,2,1,-2,-3,4,7,9723,-3,0,-2,-2,-5,-2,10,0,0,144,0,0,0,0,550,0,0,8830,-5,-2,-5,-2,8400,8688,-2,9396
6491,10,5861,2,1,5861,-3,28,30,37764,3500,6536,6300,6640,11400,24000,14000,10000,-5,16080,13100,-2,11000,-2,-2,22000,10000,0,29000,7000,20000,10000,17000,0,16974,9600
6492,10,3501,2,1,3501,6920,2,8,10830,600,1000,8575,600,-2,-2,-2,-5,-5,-5,-5,-5,-5,-5,-5,-5,-5,-5,-5,-5,-5,-5,-5,-5,-5,-5
6493,10,3501,2,1,3501,6920,3,4,2588,15000,5124,8575,-2,-2,1000,-2,4300,7720,-2,-2,18520,-5,-5,-5,-5,-5,-5,-5,-5,-5,-5,-5,-5,-5,-5
6494,10,-4,2,1,-2,4050,13,7,6911,-3,17000,16003,12219,-2,5000,9000,9000,9000,9000,-5,10200,7500,2000,-1,-5,-5,-5,-5,-5,-5,-5,-5,-5,-5,-5
6495,10,13000,2,1,13000,17700,7,2,3030,23047,14200,16000,26200,37000,30000,37000,29400,25400,-5,99760,11000,32000,20500,-5,-5,-5,-5,-5,93305,-1,24000,2000,0,0,0
6496,10,13000,2,1,13000,9000,8,5,4802,-3,13660,9500,7700,14000,15000,7000,17000,0,10650,27200,25000,6000,0,9500,1220,0,0,-5,-5,-5,-5,-5,-5,-5,-5
6497,10,-2,2,1,-2,16127,45,49,43950,24500,9616,7700,10473,18003,-2,39008,41085,-2,45500,-2,-2,33000,35871,37000,78000,63000,78500,-2,103000,105000,-2,47000,37000,202000,56000
6498,10,-2,2,1,-2,900,18,22,25729,5289,8200,8000,7272,21599,28942,29000,27000,28000,30000,31000,34000,34000,32000,46000,52000,45000,65000,-5,65000,30000,19488,40000,52000,20000,32000
6499,10,-2,2,1,-2,6000,14,13,15450,-3,6000,10150,6220,19403,20000,30000,17228,-2,47000,41800,46000,54000,52000,50000,-5,55000,-2,-2,-2,110000,-2,91500,80000,89000,105225
6500,10,-1,2,1,-1,6000,8,8,7895,-3,500,-2,5000,19403,13500,16000,-2,-5,12000,5000,16500,-2,-2,20000,-5,40000,53000,35000,30000,55000,0,87000,75000,40000,-3
6501,10,-1,2,1,-1,-3,27,24,23671,-3,13000,-2,16000,16188,18000,23030,-5,-1,-1,28000,34000,48000,49827,49000,-5,-5,73000,-5,-5,73608,-2,77001,-5,-5,-5
6502,12,7300,3,2,7300,16000,15,12,14639,8000,21000,19834,35000,30800,28367,30000,30200,33700,45500,-5,-5,-5,-5,-5,-5,-5,-5,-5,-5,-5,-5,-5,-5,-5,-5
6503,13,3000,2,2,3000,-3,19,20,28586,-3,0,-5,4348,2000,7000,13700,7000,9000,-2,19000,-5,-5,-5,21000,-5,-5,-5,-5,-5,-5,-5,-5,-5,-5,-5
6504,10,3000,2,1,3000,2369,27,38,43970,-3,2604,2342,4348,8512,7000,16500,16000,-2,-1,17000,-1,-2,-2,-5,-5,-5,-5,-5,-5,-5,-5,-5,-5,-5,-5
6505,13,-2,2,2,-2,7000,9,7,14353,16000,3604,4404,10539,13116,6766,-2,7200,14099,10000,990,2200,-2,1500,7635,6168,12516,9168,6780,11580,7872,8124,8814,8940,9475,-3
6506,10,10440,2,1,10440,10000,23,32,42774,11700,1780,3200,15300,33500,35000,12200,20530,27150,20520,10500,44240,5000,-2,-2,-5,-2,-2,0,21000,0,10500,-5,-5,-5,-5
6507,10,-3,2,1,-3,10000,3,1,556,11700,8820,-2,-2,14000,3580,-2,255,146,-2,6630,-2,-2,-2,35000,-2,-2,-2,-2,30354,28000,-2,40400,-2,33160,-3
6508,10,-2,2,1,-2,4000,1,4,7317,6000,7923,14068,7148,6190,10075,12300,7082,8700,12184,11672,14110,17970,19000,25000,34600,28000,28800,31200,27000,29000,35000,5400,0,5580,-3
6509,9,-4,3,1,4500,2500,25,23,24669,12500,16538,18547,18500,15800,18500,18500,14500,21000,21000,-5,-5,-5,-5,-5,-5,-5,-5,-5,-5,-5,-5,-5,-5,-5,-5
6510,13,24240,2,2,24240,42000,16,12,17955,23000,22000,26000,-2,1500,10710,14392,18030,23030,28150,17000,18050,29000,32000,45000,30000,62000,28000,69700,81000,96000,90,25500,42660,-2,-5
6511,10,24240,2,1,24240,11450,29,23,34268,8860,18500,18950,16000,17400,19600,16428,19000,27500,43000,21000,23000,-2,-2,26000,52104,36000,43000,43000,53000,43000,58900,48000,57000,70692,-5
6512,12,-4,3,2,8022,8000,73,74,66260,9400,15900,10866,5300,8014,29300,36040,44420,53340,50000,-5,-5,-5,-5,-5,-5,-5,-5,-5,-5,-5,-5,-5,-5,-5,-5
6513,13,5000,2,2,5000,8000,35,31,29595,5000,10460,14000,20000,42000,-2,39000,51000,-5,-5,48530,38400,57000,-2,63500,-5,-5,-5,-5,95000,93000,99000,107000,-2,-5,-5
6514,10,6076,2,1,6076,8600,12,8,17465,25600,10460,21400,10425,10000,8000,-5,-5,17000,21400,-1,-5,-5,-5,-5,-5,-5,-5,-5,-5,-5,-5,-5,-5,-5,-5
6515,13,6076,2,2,6076,8600,29,41,55259,25600,10460,21400,2600,9400,10000,17000,7300,9500,16000,43000,43550,46300,43500,56000,55800,66500,84010,37000,56000,68500,81300,67500,-5,-5,-5
6516,13,17100,2,2,17100,25000,7,7,5177,20000,15000,24000,6760,10732,12000,2576,342,3200,4104,8748,10608,10488,10482,28448,20000,17450,40000,42000,27500,40000,6000,-2,-2,7000,15000
6517,10,17100,2,1,17100,25000,26,21,28134,42320,22200,35440,44000,1700,200,32500,-2,53500,26900,31000,39000,36000,35500,25000,36000,-2,-1,-2,-1,-1,-1,-1,-5,-5,-3
6518,10,8000,2,1,8000,2760,62,80,77548,6600,12550,12000,12000,-5,13500,13500,14900,17400,23510,16100,19500,32005,33000,35100,49000,70000,57000,54500,59500,63500,55000,37000,43000,50400,87000
6519,12,14000,3,2,14000,-3,19,16,19398,10000,26000,9052,18106,21201,10127,19500,17250,18315,30008,-5,-5,-5,-5,-5,-5,-5,-5,-5,-5,-5,-5,-5,-5,-5,-5
6520,12,10000,3,2,10000,27000,38,38,52422,-3,24000,37888,21000,19500,17335,11546,20000,21000,25288,-5,-5,-5,-5,-5,-5,-5,-5,-5,-5,-5,-5,-5,-5,-5,-5
6521,12,-4,3,2,5900,5626,62,55,42027,9200,-2,5400,-2,-2,30269,9983,15976,17400,15000,-5,-5,-5,-5,-5,-5,-5,-5,-5,-5,-5,-5,-5,-5,-5,-5
6522,12,-4,3,2,5000,8400,55,49,58259,17859,11495,6116,5686,5086,5906,8660,12705,17260,22324,-5,-5,-5,-5,-5,-5,-5,-5,-5,-5,-5,-5,-5,-5,-5,-5
6523,12,-4,3,2,1440,-3,1,1,4252,640,0,0,1462,1560,6402,5460,6408,10870,12060,-5,-5,-5,-5,-5,-5,-5,-5,-5,-5,-5,-5,-5,-5,-5,-5
6524,12,2000,3,2,2000,1300,85,73,77929,3000,2000,900,7620,10360,27900,29800,27400,31500,36300,-5,-5,-5,-5,-5,-5,-5,-5,-5,-5,-5,-5,-5,-5,-5,-5
6525,12,6000,3,2,6000,10000,35,36,42880,14000,15000,2876,16000,10584,1636,5136,8116,15146,19848,-5,-5,-5,-5,-5,-5,-5,-5,-5,-5,-5,-5,-5,-5,-5,-5
6526,12,5600,3,2,5600,10000,28,35,43781,14000,180,0,21000,19558,11550,2772,2526,13820,15535,-5,-5,-5,-5,-5,-5,-5,-5,-5,-5,-5,-5,-5,-5,-5,-5
6527,9,3100,3,1,3100,3400,3,8,14532,2856,2856,500,2100,1055,1084,-2,10000,30000,-3,-5,-5,-5,-5,-5,-5,-5,-5,-5,-5,-5,-5,-5,-5,-5,-5
6528,9,13000,3,1,13000,18000,8,5,9018,17000,17900,20000,13400,17500,18300,-2,4500,1000,-2,-5,-5,-5,-5,-5,-5,-5,-5,-5,-5,-5,-5,-5,-5,-5,-5
6529,12,13000,3,2,13000,18000,22,15,15597,17000,17900,20000,20000,28000,12325,12758,14900,14000,57000,-5,-5,-5,-5,-5,-5,-5,-5,-5,-5,-5,-5,-5,-5,-5,-5
6530,9,10950,3,1,10950,11340,22,18,27966,10162,14000,17798,12275,12660,15000,20000,22000,16000,-5,-5,-5,-5,-5,-5,-5,-5,-5,-5,-5,-5,-5,-5,-5,-5,-5
6531,9,-2,3,1,-2,9000,16,17,20760,3290,8000,8924,13000,15000,-2,18500,18000,16200,15430,-5,-5,-5,-5,-5,-5,-5,-5,-5,-5,-5,-5,-5,-5,-5,-5
6532,12,8143,3,2,8143,8000,4,8,8512,1654,6820,11208,13748,16000,2232,6936,5508,12752,7208,-5,-5,-5,-5,-5,-5,-5,-5,-5,-5,-5,-5,-5,-5,-5,-5
6533,12,10968,3,2,10968,8198,10,12,17331,9427,-2,-2,7200,7000,12220,9360,10400,5000,0,-5,-5,-5,-5,-5,-5,-5,-5,-5,-5,-5,-5,-5,-5,-5,-5
6534,12,10968,3,2,10968,8198,8,6,13395,9427,-2,1084,3692,8500,6500,13000,10200,13800,19000,-5,-5,-5,-5,-5,-5,-5,-5,-5,-5,-5,-5,-5,-5,-5,-5
6535,9,-4,3,1,4214,6218,14,18,22628,7536,10812,5688,0,160,4800,-5,-2,-2,1500,-5,-5,-5,-5,-5,-5,-5,-5,-5,-5,-5,-5,-5,-5,-5,-5
6536,12,10968,3,2,10968,8198,16,13,10922,9427,6088,10000,0,480,1500,5080,1300,4057,15468,-5,-5,-5,-5,-5,-5,-5,-5,-5,-5,-5,-5,-5,-5,-5,-5
6537,9,3130,3,1,3130,5612,2,2,1773,7400,5940,3500,18414,8940,1845,9000,12000,28000,12000,-5,-5,-5,-5,-5,-5,-5,-5,-5,-5,-5,-5,-5,-5,-5,-5
6538,12,9576,3,2,9576,9056,10,12,8610,8000,9056,10168,13592,8000,2232,6096,7532,7332,7356,-5,-5,-5,-5,-5,-5,-5,-5,-5,-5,-5,-5,-5,-5,-5,-5
6539,12,-4,3,2,5050,12050,85,81,75933,20500,16000,22303,25773,-2,38900,42600,49150,51010,65050,-5,-5,-5,-5,-5,-5,-5,-5,-5,-5,-5,-5,-5,-5,-5,-5
6540,12,-4,3,2,3375,3425,88,85,80559,23700,30356,34300,37200,45100,47000,57000,56000,60600,61500,-5,-5,-5,-5,-5,-5,-5,-5,-5,-5,-5,-5,-5,-5,-5,-5
6541,12,-4,3,2,3900,50000,58,68,61848,14600,24150,32286,34114,39459,29500,46500,29650,56250,46000,-5,-5,-5,-5,-5,-5,-5,-5,-5,-5,-5,-5,-5,-5,-5,-5
6542,9,-4,3,1,1950,3900,92,90,78879,1610,3100,14027,14520,16650,21425,23000,37900,48300,47500,-5,-5,-5,-5,-5,-5,-5,-5,-5,-5,-5,-5,-5,-5,-5,-5
6543,12,-4,3,2,100,4000,99,99,99344,9000,50000,8700,19324,19100,33708,-2,82400,37400,100000,-5,-5,-5,-5,-5,-5,-5,-5,-5,-5,-5,-5,-5,-5,-5,-5
6544,9,-4,3,1,4975,6000,98,99,94877,5500,15800,18420,4200,23020,26500,30530,43950,52500,50000,-5,-5,-5,-5,-5,-5,-5,-5,-5,-5,-5,-5,-5,-5,-5,-5
6545,12,3682,3,2,3682,5286,99,93,93773,4500,5132,5776,5420,13380,9733,-2,16295,4603,12202,-5,-5,-5,-5,-5,-5,-5,-5,-5,-5,-5,-5,-5,-5,-5,-5
6546,9,-4,3,1,1400,-3,68,74,69836,1500,7400,-2,35000,-2,-2,-2,-3,-1,-2,-5,-5,-5,-5,-5,-5,-5,-5,-5,-5,-5,-5,-5,-5,-5,-5
6547,9,-4,3,1,3150,1500,55,65,63289,1200,34000,8000,18000,8000,10700,17500,19000,22575,23300,-5,-5,-5,-5,-5,-5,-5,-5,-5,-5,-5,-5,-5,-5,-5,-5
6548,12,7900,3,2,7900,9000,-4,-4,-4,9450,10373,10350,16306,19000,21000,21300,23000,24813,24800,-5,-5,-5,-5,-5,-5,-5,-5,-5,-5,-5,-5,-5,-5,-5,-5
6549,12,6000,3,2,6000,5000,-4,-4,-4,-3,5000,2600,2500,5000,-5,-5,15000,26000,13000,-5,-5,-5,-5,-5,-5,-5,-5,-5,-5,-5,-5,-5,-5,-5,-5
6550,9,-4,3,1,1420,1250,87,88,79705,8900,5175,10150,24500,22250,28000,37000,39000,41225,33020,-5,-5,-5,-5,-5,-5,-5,-5,-5,-5,-5,-5,-5,-5,-5,-5
6551,9,17372,3,1,17372,-5,-4,-4,-5,-5,-5,-5,-5,-5,10750,12000,28500,32390,-2,-5,-5,-5,-5,-5,-5,-5,-5,-5,-5,-5,-5,-5,-5,-5,-5
6552,12,17372,3,2,17372,22000,23,17,17237,-3,18020,-2,300,0,5000,-2,0,16656,2832,-5,-5,-5,-5,-5,-5,-5,-5,-5,-5,-5,-5,-5,-5,-5,-5
6553,9,6432,3,1,6432,4800,14,18,13596,9000,11500,14780,12500,8776,7200,7900,12500,14900,15838,-5,-5,-5,-5,-5,-5,-5,-5,-5,-5,-5,-5,-5,-5,-5,-5
6554,12,-4,3,2,4722,6256,16,18,17318,6521,7150,10270,12620,11500,11900,9858,7100,12640,13882,-5,-5,-5,-5,-5,-5,-5,-5,-5,-5,-5,-5,-5,-5,-5,-5
6555,13,9000,2,2,9000,12000,27,28,43405,10000,20724,21000,-2,24000,13000,-2,19600,29566,-2,30057,-2,-2,-2,-2,-2,-2,14700,15000,18538,17000,21760,18000,12000,17000,36000
6556,12,-4,3,2,6800,11425,98,97,92834,6634,25550,25043,42590,42907,33711,25000,28750,34000,37447,-5,-5,-5,-5,-5,-5,-5,-5,-5,-5,-5,-5,-5,-5,-5,-5
6557,9,-4,3,1,3200,2200,62,71,73132,15000,6500,4200,37000,11500,34500,24000,16020,38010,51100,-5,-5,-5,-5,-5,-5,-5,-5,-5,-5,-5,-5,-5,-5,-5,-5
6558,9,-4,3,1,-3,5800,82,77,76276,19100,32800,32100,34000,40500,42400,46800,51000,54500,60500,-5,-5,-5,-5,-5,-5,-5,-5,-5,-5,-5,-5,-5,-5,-5,-5
6559,9,-4,3,1,5632,-3,96,87,88278,-3,19500,21222,29408,32750,36100,36850,38500,36800,31500,-5,-5,-5,-5,-5,-5,-5,-5,-5,-5,-5,-5,-5,-5,-5,-5
6560,9,-4,3,1,5300,2230,84,79,81872,15100,22800,25500,26250,30350,34750,55700,70500,72500,75400,-5,-5,-5,-5,-5,-5,-5,-5,-5,-5,-5,-5,-5,-5,-5,-5
6561,9,-4,3,1,3745,5556,85,90,88542,16000,22050,25030,58500,64500,83300,98200,100001,1057448,146942,-5,-5,-5,-5,-5,-5,-5,-5,-5,-5,-5,-5,-5,-5,-5,-5
6562,9,-4,3,1,4000,5000,81,84,86473,5800,10000,-2,18000,20000,29000,12000,14000,22000,23000,-5,-5,-5,-5,-5,-5,-5,-5,-5,-5,-5,-5,-5,-5,-5,-5
6563,12,-4,3,2,-3,4100,99,98,99785,17433,26400,15590,18550,18460,16200,17300,21912,16200,25268,-5,-5,-5,-5,-5,-5,-5,-5,-5,-5,-5,-5,-5,-5,-5,-5
6564,12,-4,3,2,3400,4600,79,67,68507,9000,11000,13600,13235,13100,15200,14500,15600,18000,146942,-5,-5,-5,-5,-5,-5,-5,-5,-5,-5,-5,-5,-5,-5,-5,-5
6565,12,-4,3,2,-3,3106,89,86,86838,13350,11525,12800,10410,17530,14980,9200,22000,16400,29000,-5,-5,-5,-5,-5,-5,-5,-5,-5,-5,-5,-5,-5,-5,-5,-5
6566,12,-4,3,2,3500,16025,91,84,80895,22117,-2,25050,41000,13590,17150,18100,18075,24800,26400,-5,-5,-5,-5,-5,-5,-5,-5,-5,-5,-5,-5,-5,-5,-5,-5
6567,12,-4,3,2,-3,19300,56,58,49315,22000,19000,31390,27200,29500,35050,36560,37500,39350,42300,-5,-5,-5,-5,-5,-5,-5,-5,-5,-5,-5,-5,-5,-5,-5,-5
6568,12,-4,3,2,-3,75001,85,80,75613,5580,25150,29400,29750,30900,28900,39800,41050,45500,49000,-5,-5,-5,-5,-5,-5,-5,-5,-5,-5,-5,-5,-5,-5,-5,-5
6569,9,-4,3,1,150,1450,85,92,90632,350,-2,11200,4520,5030,5760,15100,44000,74196,65000,-5,-5,-5,-5,-5,-5,-5,-5,-5,-5,-5,-5,-5,-5,-5,-5
6570,9,-4,3,1,1500,2300,88,90,80216,7617,12050,6425,8030,10700,14400,21000,29100,35000,34050,-5,-5,-5,-5,-5,-5,-5,-5,-5,-5,-5,-5,-5,-5,-5,-5
6571,12,-4,3,2,1400,4920,77,74,75776,10051,11860,14000,15029,16125,16280,17600,20000,21200,22901,-5,-5,-5,-5,-5,-5,-5,-5,-5,-5,-5,-5,-5,-5,-5,-5
6572,12,-4,3,2,-2,4950,72,74,58898,5600,13355,15249,12000,19200,18200,21000,21828,21400,26729,-5,-5,-5,-5,-5,-5,-5,-5,-5,-5,-5,-5,-5,-5,-5,-5
6573,9,8000,3,1,8000,-3,18,22,31280,10000,-2,10000,15000,2400,10400,-2,15000,-2,16200,-5,-5,-5,-5,-5,-5,-5,-5,-5,-5,-5,-5,-5,-5,-5,-5
6574,10,-4,2,1,17000,18195,6,7,6144,-3,16135,-2,22000,10000,8470,15000,12000,15000,17000,16145,15680,20210,17000,18000,-2,21000,21000,20000,0,23000,25000,26000,30000,32000,23000
6575,13,8292,2,2,8292,-3,-4,-4,-4,15000,12800,10000,-5,-5,-5,-5,-2,-5,-5,-5,13000,15290,15000,16500,-1,-5,-5,-5,-5,-5,-5,-5,-5,-5,-5
6576,10,8292,2,1,8292,-3,34,29,37420,-3,4200,7800,8619,11000,13000,13000,14375,-5,16385,18000,22000,42000,39500,23000,-2,68000,33000,40000,45000,43700,45419,36800,18996,39060,32000
6577,9,10524,3,1,10524,-3,8,13,12481,7468,10008,-2,15166,16000,15815,11038,16270,13000,25592,-5,-5,-5,-5,-5,-5,-5,-5,-5,-5,-5,-5,-5,-5,-5,-5
6578,12,5141,3,2,5141,27360,4,3,1864,-3,-2,9192,9519,14400,15000,-2,13200,15000,14000,-5,-5,-5,-5,-5,-5,-5,-5,-5,-5,-5,-5,-5,-5,-5,-5
6579,12,6000,3,2,6000,3000,16,18,24493,10100,-2,-2,3204,11000,-2,5024,-2,13800,-2,-5,-5,-5,-5,-5,-5,-5,-5,-5,-5,-5,-5,-5,-5,-5,-5
6580,12,8160,3,2,8160,8637,49,55,68239,325,1228,2000,429,0,7500,-2,-2,8026,13012,-5,-5,-5,-5,-5,-5,-5,-5,-5,-5,-5,-5,-5,-5,-5,-5
6581,9,8272,3,1,8272,6048,1,2,2564,6150,-2,17400,-2,-2,4900,2700,-2,5600,5772,-5,-5,-5,-5,-5,-5,-5,-5,-5,-5,-5,-5,-5,-5,-5,-5
6582,9,8272,3,1,8272,6048,20,27,35011,6150,-2,17400,5866,4800,-2,-2,-2,-2,6700,-5,-5,-5,-5,-5,-5,-5,-5,-5,-5,-5,-5,-5,-5,-5,-5
6583,9,9985,3,1,9985,5300,5,6,10242,5755,6990,9048,6360,37200,-2,20800,15000,17500,13000,-5,-5,-5,-5,-5,-5,-5,-5,-5,-5,-5,-5,-5,-5,-5,-5
6584,9,9985,3,1,9985,5400,6,4,3170,7640,7000,6280,5642,1900,4660,1540,10680,-1,-1,-5,-5,-5,-5,-5,-5,-5,-5,-5,-5,-5,-5,-5,-5,-5,-5
6585,9,-4,3,1,5600,8200,8,8,10153,9994,10500,8078,10200,8700,9600,11000,12000,12000,12199,-5,-5,-5,-5,-5,-5,-5,-5,-5,-5,-5,-5,-5,-5,-5,-5
6586,12,-4,3,2,5600,7500,13,11,15742,9994,11800,8078,10700,4704,1404,4000,7600,5000,6968,-5,-5,-5,-5,-5,-5,-5,-5,-5,-5,-5,-5,-5,-5,-5,-5
6587,13,-4,2,2,8636,15000,-4,-4,-4,4524,6372,5940,5940,8052,7716,7572,7968,8772,7704,7944,7944,7464,7692,9650,-5,-2,5570,6768,7140,8232,-5,-5,-5,-5,-5
6588,9,9072,3,1,9072,-3,18,16,11353,-3,13927,13804,18850,16100,18680,-2,19000,24070,21568,-5,-5,-5,-5,-5,-5,-5,-5,-5,-5,-5,-5,-5,-5,-5,-5
6589,9,9072,3,1,9072,-3,19,18,15063,6600,17000,25000,8000,5440,13500,18000,19000,23500,24000,-5,-5,-5,-5,-5,-5,-5,-5,-5,-5,-5,-5,-5,-5,-5,-5
6590,12,2616,3,2,2616,3600,6,3,2999,2280,9800,5602,13752,4152,4296,5040,5112,14016,17000,-5,-5,-5,-5,-5,-5,-5,-5,-5,-5,-5,-5,-5,-5,-5,-5
6591,12,-4,3,2,0,-3,8,6,2440,7519,10207,5064,627,2376,2628,11048,19722,26800,0,-5,-5,-5,-5,-5,-5,-5,-5,-5,-5,-5,-5,-5,-5,-5,-5
6592,12,2616,3,2,2616,3600,15,11,16709,3480,9800,-2,2934,2532,2628,3876,5796,13420,7476,-5,-5,-5,-5,-5,-5,-5,-5,-5,-5,-5,-5,-5,-5,-5,-5
6593,10,6220,2,1,6220,5200,18,13,12566,9000,7200,52000,8800,11470,6536,13000,13201,10000,13619,18900,17225,14896,14525,4000,-5,-5,37000,-2,5284,26200,12160,14180,10400,8000,-3
6594,10,6116,2,1,6116,650,17,15,16794,-3,2000,7752,7752,3000,-2,400,15000,17000,10000,15000,26000,-2,-2,-2,-2,6700,25248,-2,22988,2370,3050,9616,24384,-2,26080
6595,11,-4,1,1,6380,8480,32,40,32342,20000,16000,20000,20520,-3,-5,10500,18000,20000,26000,-5,32000,46800,47600,49200,-2,90400,-5,-5,-2,113780,115000,146000,-2,-1,-3
6596,10,12000,2,1,12000,30000,32,30,36067,-3,360,7800,-1,-5,-5,-5,-5,-5,-5,-5,-5,-5,-5,-5,-5,-5,-5,-5,-5,-5,-5,-5,-5,-5,-5
6597,10,4800,2,1,4800,-3,91,82,92713,5000,-2,5605,9230,24000,24098,28200,39100,32100,18100,25200,-5,35000,-1,105000,-5,-5,-5,-5,-5,-5,-5,-5,-5,-5,-5
6598,10,7456,2,1,7456,9000,12,11,17150,10776,-5,976,-2,-2,-2,324,760,240,700,2680,0,0,-2,0,-2,210,-2,0,240,0,370,380,374,350,100
6599,13,7320,2,2,7320,-3,1,4,2537,10776,6000,-2,8364,4800,8400,10368,-3,4021,4347,1812,4548,6336,6384,306,-5,-5,-5,-5,-5,-5,-5,-5,-2,-5,-5
6600,10,7380,2,1,7380,1200,22,25,22123,10000,6000,6000,6210,8532,13000,-5,1500,1044,1260,2740,2088,1332,1332,11940,-5,-5,-5,-5,-5,-5,-5,-5,-5,-5,-5
6601,10,-4,2,1,-2,-3,8,12,20812,7000,9065,11404,-2,7537,3216,-2,-2,-2,-2,17760,-2,4000,1524,0,-2,-2,14756,7416,0,-5,-5,-5,-5,-5,-5
6602,13,3480,2,2,3480,-3,8,8,16096,7000,8844,9504,6920,-2,1500,9400,25392,-2,-3,14700,26918,24080,5128,-2,11260,8172,11614,10692,7680,15348,8844,8544,984,-2,10068
6603,10,6000,2,1,6000,8000,17,19,34154,-3,-2,14897,1850,7064,-5,-5,12200,14000,14000,-2,-2,-2,-2,-5,-2,43292,40000,-2,82040,-2,59250,53000,49000,56386,51500
6604,13,8300,2,2,8300,5080,34,26,37001,-3,-2,10000,13800,-3,16700,24030,37000,43500,47000,49025,46000,44800,-2,56000,-5,-5,-5,-2,43600,-2,5856,7000,10140,-1,-3
6605,13,7600,2,2,7600,20000,38,31,25180,-3,2390,-2,-2,-2,4300,4740,7014,20000,20100,-2,14454,17000,17000,17719,18964,24850,29500,33527,39000,43200,45000,42000,46800,43000,42000
6606,13,-3,2,2,-3,-3,32,35,35221,4130,7020,6565,-2,10704,-2,-2,5508,5940,7320,6444,7668,4470,-2,-2,-5,10300,17584,13200,27200,25000,1346,7000,28000,-2,-3
6607,9,25000,3,1,25000,25000,73,78,84381,-3,9203,10000,4000,11950,15185,8125,6858,6000,12000,-5,-5,-5,-5,-5,-5,-5,-5,-5,-5,-5,-5,-5,-5,-5,-5
6608,9,1000,3,1,1000,1569,67,62,70730,8700,37016,7000,7200,16900,-2,13500,16700,-5,-5,-5,-5,-5,-5,-5,-5,-5,-5,-5,-5,-5,-5,-5,-5,-5,-5
6609,12,-4,3,2,2200,25103,-4,-4,-4,-3,17000,16573,20000,24350,14500,26862,22560,-2,52380,-5,-5,-5,-5,-5,-5,-5,-5,-5,-5,-5,-5,-5,-5,-5,-5
6610,12,6000,3,2,6000,10000,22,17,25539,14000,11001,14600,15345,24600,20000,18500,15700,19000,28000,-5,-5,-5,-5,-5,-5,-5,-5,-5,-5,-5,-5,-5,-5,-5,-5
6611,12,6000,3,2,6000,8800,19,17,27305,-3,12000,-2,6140,7005,7353,7700,8860,10480,12530,-5,-5,-5,-5,-5,-5,-5,-5,-5,-5,-5,-5,-5,-5,-5,-5
6612,12,6000,3,2,6000,8000,34,33,41994,-3,-2,15500,14805,15015,17060,17000,23014,22513,23010,-5,-5,-5,-5,-5,-5,-5,-5,-5,-5,-5,-5,-5,-5,-5,-5
6613,12,1000,3,2,1000,75001,75,68,82793,10000,12000,1500,4500,6000,18960,32400,44100,42400,45500,-5,-5,-5,-5,-5,-5,-5,-5,-5,-5,-5,-5,-5,-5,-5,-5
6614,12,10000,3,2,10000,-3,56,63,79924,5000,15000,10000,10000,21000,20800,26500,20500,23000,30000,-5,-5,-5,-5,-5,-5,-5,-5,-5,-5,-5,-5,-5,-5,-5,-5
6615,12,-4,3,2,7280,5800,28,34,32506,8000,9800,10840,29800,26944,-2,30200,12000,-2,43200,-5,-5,-5,-5,-5,-5,-5,-5,-5,-5,-5,-5,-5,-5,-5,-5
6616,12,8120,3,2,8120,15000,73,75,57237,5968,12850,-2,35020,44125,-2,80700,-2,32400,38800,-5,-5,-5,-5,-5,-5,-5,-5,-5,-5,-5,-5,-5,-5,-5,-5
6617,10,4344,2,1,4344,7500,58,53,60222,6828,7900,4676,10000,6684,7000,8800,7380,18000,15000,-5,41768,-2,-2,36000,50000,-5,-2,19200,21500,20040,-2,44200,0,56200,-3
6618,12,-4,3,2,7444,8600,39,37,33451,24300,23800,28000,24890,-5,17625,4520,-2,-2,34060,-5,-5,-5,-5,-5,-5,-5,-5,-5,-5,-5,-5,-5,-5,-5,-5
6619,12,4272,3,2,4272,5000,79,73,82213,5700,4500,5000,5500,10000,4900,3500,-2,-2,30420,-5,-5,-5,-5,-5,-5,-5,-5,-5,-5,-5,-5,-5,-5,-5,-5
6620,9,11000,3,1,11000,14000,8,9,11465,-3,20000,-2,51000,21499,22300,15348,26700,-2,35200,-5,-5,-5,-5,-5,-5,-5,-5,-5,-5,-5,-5,-5,-5,-5,-5
6621,12,9576,3,2,9576,11528,8,5,2013,18000,-2,-2,8000,-5,8425,-5,11260,16000,-3,-5,-5,-5,-5,-5,-5,-5,-5,-5,-5,-5,-5,-5,-5,-5,-5
6622,12,9576,3,2,9576,11528,31,28,36167,18000,8500,4068,5633,9618,10116,8328,11100,12716,14420,-5,-5,-5,-5,-5,-5,-5,-5,-5,-5,-5,-5,-5,-5,-5,-5
6623,9,9576,3,1,9576,11528,32,27,30051,18000,3738,8700,-5,12260,11808,14200,-2,13000,15000,-5,-5,-5,-5,-5,-5,-5,-5,-5,-5,-5,-5,-5,-5,-5,-5
6624,9,9576,3,1,9576,11528,34,35,44477,18000,-2,-2,6000,7000,5000,9000,100,14000,12000,-5,-5,-5,-5,-5,-5,-5,-5,-5,-5,-5,-5,-5,-5,-5,-5
6625,9,9576,3,1,9576,11528,12,11,15306,18000,6000,5000,5000,-2,-2,-2,2593,4200,-2,-5,-5,-5,-5,-5,-5,-5,-5,-5,-5,-5,-5,-5,-5,-5,-5
6626,9,7000,3,1,7000,12000,57,80,70343,4020,6000,-1,5000,5000,11650,22120,25100,45000,61700,-5,-5,-5,-5,-5,-5,-5,-5,-5,-5,-5,-5,-5,-5,-5,-5
6627,12,26200,3,2,26200,37500,98,98,99300,18248,50000,16000,28850,42000,40300,100001,92014,80100,75050,-5,-5,-5,-5,-5,-5,-5,-5,-5,-5,-5,-5,-5,-5,-5,-5
6628,12,3000,3,2,3000,10804,43,39,35159,10112,3918,9517,15500,15740,17970,23500,30000,30200,27000,-5,-5,-5,-5,-5,-5,-5,-5,-5,-5,-5,-5,-5,-5,-5,-5
6629,12,-2,3,2,-2,-3,11,11,8815,-3,2638,-2,4224,5952,7848,11000,8364,14196,12788,-5,-5,-5,-5,-5,-5,-5,-5,-5,-5,-5,-5,-5,-5,-5,-5
6630,12,8160,3,2,8160,-3,27,25,31752,400,17000,26025,-5,-2,17220,30220,30012,-2,-2,-5,-5,-5,-5,-5,-5,-5,-5,-5,-5,-5,-5,-5,-5,-5,-5
6631,12,-4,3,2,6428,18000,87,80,75132,6800,15000,11000,-5,-5,-5,-5,-5,-5,-5,-5,-5,-5,-5,-5,-5,-5,-5,-5,-5,-5,-5,-5,-5,-5,-5
6632,9,6900,3,1,6900,9000,86,92,80871,7200,7000,3000,-5,-5,-5,-5,-5,-5,-5,-5,-5,-5,-5,-5,-5,-5,-5,-5,-5,-5,-5,-5,-5,-5,-5
6633,9,7780,3,1,7780,9054,96,94,95153,11000,9350,10000,6550,23595,33000,31200,35000,82600,93000,-5,-5,-5,-5,-5,-5,-5,-5,-5,-5,-5,-5,-5,-5,-5,-5
6634,9,15500,3,1,15500,12000,5,4,2960,25000,6412,5400,10704,7776,52000,57000,14290,24000,37000,-5,-5,-5,-5,-5,-5,-5,-5,-5,-5,-5,-5,-5,-5,-5,-5
6635,9,15500,3,1,15500,12000,4,6,10567,-3,13000,32000,75001,-2,52000,-2,30900,38050,32087,-5,-5,-5,-5,-5,-5,-5,-5,-5,-5,-5,-5,-5,-5,-5,-5
6636,12,8000,3,2,8000,-3,18,25,22784,-3,11500,-5,-5,-5,-5,-5,0,0,-5,-5,-5,-5,-5,-5,-5,-5,-5,-5,-5,-5,-5,-5,-5,-5,-5
6637,12,8000,3,2,8000,-3,18,26,42125,-3,-2,-2,13957,18392,12000,28600,4683,25500,32100,-5,-5,-5,-5,-5,-5,-5,-5,-5,-5,-5,-5,-5,-5,-5,-5
6638,12,10000,3,2,10000,17440,7,11,7797,0,-2,-1,32800,-2,22000,30450,-2,-2,-3,-5,-5,-5,-5,-5,-5,-5,-5,-5,-5,-5,-5,-5,-5,-5,-5
6639,12,5592,3,2,5592,10000,55,42,33613,-3,10602,-2,12870,17590,16484,-2,27500,40000,-2,-5,-5,-5,-5,-5,-5,-5,-5,-5,-5,-5,-5,-5,-5,-5,-5
6640,9,-4,3,1,14100,-3,49,47,36081,-3,-2,-1,-2,-2,7000,-2,8020,25020,25000,-5,-5,-5,-5,-5,-5,-5,-5,-5,-5,-5,-5,-5,-5,-5,-5
6641,12,-4,3,2,15300,-3,51,35,31928,3944,55063,21754,25148,34940,42000,10000,1040,10548,15000,-5,-5,-5,-5,-5,-5,-5,-5,-5,-5,-5,-5,-5,-5,-5,-5
6642,13,-4,2,2,4002,11183,30,25,22017,14869,9560,8720,-5,37600,-2,-5,-5,18356,-5,10980,55000,-5,189918,-5,17000,-5,-5,-5,-5,-2,12732,-5,-5,-5,-5
6643,14,-4,1,2,-3,2676,59,51,41928,5424,5676,7068,75001,7078,11520,17621,13054,12678,11750,21876,21700,30979,30000,31200,89000,48600,58000,58400,69650,79240,81420,85480,107268,87828,98780
6644,14,-4,1,2,11570,19200,23,22,22705,18000,19800,-2,28925,32025,34295,40000,49232,61850,146942,51000,28600,23000,-5,18700,-5,-5,-5,-5,-5,-5,-5,-5,-5,-5,-5
6645,13,30000,2,2,30000,55000,41,48,45431,-3,-2,21000,70100,35000,80000,57500,84000,92500,60042,-2,839078,160097,64000,47020,-2,94404,156200,-5,223000,215400,-5,142000,162000,170000,243000
6646,13,30000,2,2,30000,55000,46,52,56572,33500,-2,4800,-2,1950,6000,12605,9200,0,18010,18000,30010,-2,-2,102000,-5,-5,-5,-1,87000,-2,121800,92000,111000,48000,60800
6647,13,2000,2,2,2000,-3,19,24,31673,-3,30000,38366,45000,45000,50000,73000,63520,-2,46050,33080,37216,55472,55030,70020,65000,58010,75000,90000,112000,132000,73918,97000,118000,140000,120000
6648,10,-4,2,1,-3,13600,19,26,29107,-3,20700,23000,23000,50000,21000,23000,-2,28800,20000,15500,21000,2712,7670,28000,23000,33800,47800,54891,58000,71000,75956,72000,68510,14000,97968
6649,11,-4,1,1,8700,17630,39,43,34156,-3,37000,12050,7000,11000,26500,32900,20200,8000,8000,-2,4050,22100,8040,23060,24300,27530,31375,12900,115000,38100,53000,45000,9000,18000,21500
6650,10,-1,2,1,-1,-3,25,32,45788,-3,-1,-1,-2,100000,75000,94000,-2,-2,-2,50000,20000,33300,52017,58000,21000,32000,-2,86751,93000,114000,115000,98000,145000,75000,50000
6651,14,17000,1,2,17000,27500,8,6,8626,22000,-2,4600,1500,6970,7000,-2,18300,12000,15000,17000,12000,16800,9400,14000,4800,4500,32000,18200,18000,11868,45000,49000,55000,72000,74000
6652,14,17000,1,2,17000,27500,15,10,12440,22000,-2,-2,37500,12024,10977,12000,13000,18000,17000,22000,80000,-2,20810,-2,24380,35380,26000,-1,112500,50000,37580,40000,50000,60000,60000
6653,11,-4,1,1,9000,-3,-4,-4,-4,7006,-5,12000,-5,18000,-2,22000,24000,28000,-5,-5,8400,0,0,15000,28000,-5,-5,36000,108000,84000,52288,-5,-5,-5,-5
6654,14,-4,1,2,-2,-3,-4,-4,-4,15225,-2,2800,-2,-5,-5,-5,-5,-5,-5,-5,-2,-2,17400,-2,25000,-2,-2,16000,2000,99264,11032,8400,9634,10704,11736
6655,14,-4,1,2,11000,16000,22,29,31755,20024,-2,-2,-1,-2,30000,4000,1828,4984,14000,16200,17000,16002,17117,19000,9001,9600,17680,18324,123600,21120,15080,17040,29940,18000,19776
6656,11,12000,1,1,12000,3850,25,22,23328,36256,-2,4233,4208,13834,23000,23000,33360,43573,43000,35000,48000,45100,51500,-2,-5,-5,-5,-5,-5,-5,-5,-5,-5,-5,-5
6657,11,12000,1,1,12000,-3,33,43,35956,3843,-5,-5,-5,-2,-2,-5,53520,-5,0,-2,0,0,0,4000,-2,-5,-5,-5,-5,-5,-5,-5,-5,-5,-5
6658,14,-4,1,2,-3,-3,7,8,10322,9828,-5,-2,13080,5268,6672,6384,10981,8280,-2,-2,8472,10560,10528,-2,12990,-5,0,17172,8088,9000,13748,11698,-5,-5,-5
6659,14,6500,1,2,6500,8200,4,6,9094,-5,3211,6768,9200,-2,-2,15900,-5,12000,20000,22000,12200,34000,17275,28000,24000,46000,-2,-2,48000,70000,-2,20000,44000,43000,76000
6660,11,6500,1,1,6500,8200,9,7,5547,-5,5000,10175,19000,19000,26980,33248,22000,30200,26000,40300,48100,57200,65000,57035,-5,-5,-5,-5,-5,-5,-5,-5,-5,-5,-5
6661,11,8000,1,1,8000,6624,18,27,29307,3312,40000,10000,-2,10000,13700,-5,18000,-2,16000,-5,11000,18000,22000,24000,29000,-5,53000,-5,40000,-5,30000,-5,-1,10000,30328
6662,14,8000,1,2,8000,6624,25,25,21978,-3,6011,-2,21310,-2,28007,29000,38400,47400,45072,39960,42640,-2,-2,37810,52020,63000,67000,75000,70000,57000,-1,8012,-5,30000,34000
6663,14,8000,1,2,8000,6624,21,26,30570,-3,6011,-2,11310,10015,-2,19500,2000,12000,0,1300,36000,4000,17000,23010,36020,50020,70010,127050,119000,124020,146030,125100,-2,-2,150000
6664,12,2880,3,2,2880,-5,16,21,20301,3660,1520,-2,13240,-5,-5,-5,-5,-5,-5,-5,-5,-5,-5,-5,-5,-5,-5,-5,-5,-5,-5,-5,-5,-5,-5
6665,13,14000,2,2,14000,-3,14,22,23771,11000,-2,-2,11680,-5,-5,55000,-1,-1,-5,-5,-5,-5,-5,-5,-5,-5,-5,-5,-5,-5,-5,-5,-5,-5,-5
6666,13,10300,2,2,10300,11700,7,7,3872,12552,-2,-2,2865,-2,980,7100,-2,-1,-2,-2,-2,-5,4116,1564,11000,2700,-2,6541,15000,-5,11020,2216,12376,13228,-3
6667,13,10300,2,2,10300,11700,28,25,29052,12552,-2,-2,10404,-1,3000,5916,7584,6166,9660,7800,8660,8828,-5,37000,41000,-5,93000,48000,73000,126000,-5,-5,-5,-5,-5
6668,13,10300,2,2,10300,11700,30,27,38079,12552,-2,3390,-2,-2,-2,30000,-1,23010,-5,9036,-1,0,-2,39000,40000,45000,45000,-2,20000,-2,-2,72000,56300,55200,-5
6669,13,75001,2,2,75001,11700,10,10,30087,12552,-2,1846,5520,-2,6924,4784,6956,19500,12124,6504,8820,-5,-2,-2,-5,-5,-5,-5,-5,-5,-5,-5,-5,-5,-5
6670,10,7000,2,1,7000,5500,6,8,15818,-3,700,-2,3000,-2,2950,-5,-2,-2,16000,21036,41500,39900,42200,-2,26000,27000,53000,62000,60000,-2,-2,77460,-2,15000,48000
6671,13,4320,2,2,4320,-3,4,4,745,8544,-2,8093,7450,5684,10160,-2,-5,74504,10300,9120,7920,8700,8472,-2,13644,-5,0,13392,0,7200,-2,7656,8760,0,0
6672,13,-4,2,2,-3,4444,7,7,9487,4616,5844,8304,7588,6744,6984,-5,-5,-5,-5,-5,-5,-5,-5,-5,-5,-5,-5,-5,-5,-5,-2,30000,-1,-1,-3
6673,11,-4,1,1,3976,5000,-4,-4,-4,6890,23686,9050,21174,18000,18000,27200,27000,21100,26000,29632,33000,36000,45000,47000,62000,73000,107300,129000,156000,-5,155000,-5,-5,-5,-5
6674,14,-2,1,2,-2,4000,79,81,74336,7000,-2,23000,-2,-2,30050,45000,42300,57000,50200,64074,62100,-2,70300,140000,121000,117000,-2,36000,-5,46000,43000,-5,62000,-5,-5
6675,14,6000,1,2,6000,4648,79,89,91436,6072,19300,1956,5316,44475,20000,25200,25000,25050,33500,60200,36115,-5,-5,-5,-5,-5,-5,-5,-5,-5,-5,-5,-5,-5,-5
6676,14,-4,1,2,11968,5819,36,44,42926,-3,19608,7404,5484,-2,10552,12076,14608,11652,10741,12032,12040,9672,14918,34025,55030,58020,64720,70000,70720,76142,42000,55000,-2,66220,100015
6677,10,4550,2,1,4550,10569,8,7,13798,6088,5724,4041,7016,7740,10000,-2,27000,15976,7400,-2,3000,9200,8484,17000,30892,38976,49120,64400,73276,80200,97516,53000,-2,0,83200
6678,10,5950,2,1,5950,14937,1,1,3811,7090,5724,-2,-2,-2,-2,-2,0,1000,-2,-2,-2,-1,0,0,4340,127,0,2351,0,-5,2000,0,0,970,2304
6679,11,5796,1,1,5796,15472,11,11,19964,-3,5400,7200,-2,5600,13030,-5,-2,-2,-2,26060,35000,28050,-1,-5,-5,0,9000,18000,11000,10000,3500,22000,24895,-2,-5
6680,11,5796,1,1,5796,11832,14,15,18813,-3,-2,36000,-2,12000,60000,41000,29200,53000,23000,-2,49160,-2,-1,4760,-5,-5,30000,9420,35000,45000,18060,20000,30000,20000,50000
6681,11,5796,1,1,5796,7758,2,1,5070,-5,9000,13000,7000,10000,15000,-3,21500,-2,19200,21900,24000,24000,29000,27000,30000,35000,30000,30000,55000,45000,100000,55000,50000,100000,80000
6682,11,5796,1,1,5796,7758,3,6,5942,-3,-2,-2,-2,-2,-2,-2,-2,4130,2501,-2,4000,3240,2160,4944,12000,6200,7140,-5,0,7476,800,10776,8640,-2,-5
6683,13,-4,2,2,2220,-5,-4,-4,-5,-5,-5,-5,-5,-5,-5,-5,-5,-1,-5,-5,-5,-5,-5,-5,-5,-5,-5,-5,-5,-5,-5,-5,-5,-5,-5
6684,13,-4,2,2,-3,8739,-4,-4,-5,-5,8618,2500,120,6580,1980,5604,3230,4000,9600,6156,5238,3792,8318,1080,9906,6672,12600,-1,8954,-5,-5,-5,-5,-5,-5
6685,12,3200,3,2,3200,-3,19,22,23022,-3,13000,7030,12158,35000,23000,13000,14400,16080,20600,-5,-5,-5,-5,-5,-5,-5,-5,-5,-5,-5,-5,-5,-5,-5,-5
6686,12,3200,3,2,3200,-3,12,8,6638,17000,13000,27000,25000,35000,-2,10000,7000,4000,40840,-5,-5,-5,-5,-5,-5,-5,-5,-5,-5,-5,-5,-5,-5,-5,-5
6687,9,15000,3,1,15000,-5,-4,-4,-4,20000,10000,-2,16000,30000,40000,-2,5000,8000,26000,-5,-5,-5,-5,-5,-5,-5,-5,-5,-5,-5,-5,-5,-5,-5,-5
6688,12,-4,3,2,8830,6400,-4,-4,-4,6356,-5,-5,-5,-5,-5,-5,-5,-5,-5,-5,-5,-5,-5,-5,-5,-5,-5,-5,-5,-5,-5,-5,-5,-5,-5
6689,9,-4,3,1,5300,3240,-3,-3,7929,10600,14000,10556,-2,11000,20700,-2,-5,22012,-1,-5,-5,-5,-5,-5,-5,-5,-5,-5,-5,-5,-5,-5,-5,-5,-5
6690,9,24000,3,1,24000,15160,21,19,23283,20000,25000,39200,-5,25000,30000,-5,-5,-5,0,-5,-5,-5,-5,-5,-5,-5,-5,-5,-5,-5,-5,-5,-5,-5,-5
6691,9,9132,3,1,9132,6680,37,33,26637,-3,15940,40416,-5,-5,-5,-5,-5,-5,-5,-5,-5,-5,-5,-5,-5,-5,-5,-5,-5,-5,-5,-5,-5,-5,-5
6692,12,9132,3,2,9132,6680,16,15,14249,5249,8000,10000,-5,-5,-5,-5,-5,34500,-5,-5,-5,-5,-5,-5,-5,-5,-5,-5,-5,-5,-5,-5,-5,-5,-5
6693,14,4272,1,2,4272,7200,55,67,64711,6500,17120,23835,36042,37400,43160,52500,69350,57000,85400,159805,92232,89316,189918,104500,130000,65000,125000,175000,119000,149926,94000,77000,140000,95000,-3
6694,14,-4,1,2,500,-5,-4,-4,-5,-5,-5,-2,-2,-5,-5,-5,-2,-2,6433,2290,1076,-2,6592,5934,3960,10720,11600,-1,16292,7200,16884,22740,17328,28776,10740
6695,12,8000,3,2,8000,-3,-4,-4,-4,10000,9588,-2,9200,-5,-5,-5,-5,17000,-1,-5,-5,-5,-5,-5,-5,-5,-5,-5,-5,-5,-5,-5,-5,-5,-5
6696,9,8000,3,1,8000,-3,-4,-4,-4,10000,-2,16020,16000,-5,33000,-5,-5,-1,-5,-5,-5,-5,-5,-5,-5,-5,-5,-5,-5,-5,-5,-5,-5,-5,-5
6697,10,8000,2,1,8000,-3,-4,-4,-5,-5,-5,-5,-5,-5,-5,-5,-1,-1,-1,-1,-5,-5,-5,-5,-1,-2,-1,-1,-1,-1,-1,-1,-1,-1,-3
6698,10,6000,2,1,6000,-3,29,39,53571,11000,-3,20500,14000,15000,-5,3050,24000,6100,12602,9766,120,-2,-2,9600,-5,5120,1736,8400,102580,10640,-5,-5,20520,16937,13776
6699,12,7200,3,2,7200,12000,63,65,72305,21000,29000,36000,34000,42000,43200,53000,62200,78000,146942,-5,-5,-5,-5,-5,-5,-5,-5,-5,-5,-5,-5,-5,-5,-5,-5
6700,9,7200,3,1,7200,12000,83,93,96181,5700,5016,15000,9700,15000,8500,10200,14723,-2,18706,-5,-5,-5,-5,-5,-5,-5,-5,-5,-5,-5,-5,-5,-5,-5,-5
6701,9,7200,3,1,7200,12000,81,77,74287,8000,5016,15000,-2,-2,8500,27200,1258,26000,18080,-5,-5,-5,-5,-5,-5,-5,-5,-5,-5,-5,-5,-5,-5,-5,-5
6702,10,8000,2,1,8000,13000,40,50,50989,20000,-5,32000,-5,-5,-5,-5,-5,-5,-5,-5,-5,-5,-5,-5,-5,-5,-5,-5,-5,-5,-5,-5,-5,-5,-5
6703,13,10700,2,2,10700,10000,66,65,63689,-3,10000,-2,-2,-2,28200,29200,36050,-1,-5,-2,45000,-1,-2,-1,-5,-1,-1,-1,-5,-1,-1,-1,-1,-1,-3
6704,14,8000,1,2,8000,-3,1,1,0,13100,-2,-3,-2,-3,14604,19006,16023,17812,-2,8804,8238,18408,-2,7000,-2,17560,18080,-2,15000,-2,-2,13680,13212,-2,-3
6705,11,8000,1,1,8000,-5,9,5,3467,900,7500,-5,21660,21704,22115,42425,46050,58150,35726,31130,34035,37000,41000,39591,54000,58200,43300,60250,57300,-2,81000,53510,80596,-5,-5
6706,11,32000,1,1,32000,-5,80,79,84195,14000,25000,-2,-5,-5,-2,-5,-2,-2,45050,43500,40000,49700,50000,-2,0,100000,84000,100000,131000,145000,36000,80600,78800,-5,-5
6707,13,-4,2,2,3900,4118,50,40,32824,9700,-3,-2,47700,50000,54000,56000,17730,26300,-5,-2,-2,160097,189918,-5,-5,-5,-5,-5,-2,454737,440692,265532,-2,-2,349000
6708,13,-1,2,2,-1,-3,57,69,80783,10500,14000,13000,10000,-2,10000,24006,11500,4800,19494,13812,48000,41840,50000,90000,112500,-2,-2,205000,-2,190000,184000,236000,245800,54500,270000
6709,13,16000,2,2,16000,16000,14,11,7789,-3,-2,12880,23000,24111,26158,23400,19000,25000,15001,4152,16000,21000,21775,31800,29788,32000,47444,32000,40300,45000,49756,45000,65000,58000,18420
6710,10,16000,2,1,16000,16000,35,34,32503,10442,9744,8696,4000,16000,17000,17500,20000,21000,19100,26100,22160,10950,7000,13000,21000,30000,14713,0,13000,25000,23376,0,0,0,-3
6711,14,10384,1,2,10384,-3,42,29,43804,-3,22000,56600,2000,35000,45000,10015,10712,1560,16000,-2,30000,10000,31000,-2,52876,68000,0,38000,85000,89000,-5,-5,105000,125000,138250
6712,14,24000,1,2,24000,19000,49,50,37337,34000,-5,-5,-2,81000,42200,54500,32320,38000,28000,15000,7700,19226,24620,23238,40500,70020,-5,100090,110000,122000,109064,-5,-5,133200,132400
6713,11,24000,1,1,24000,19000,73,66,67851,34000,-5,-5,49000,2000,-5,-5,-5,-5,-5,-5,-5,-5,-5,-5,-5,-5,-5,-5,12000,0,-2,600,2328,-2,-3
6714,12,6096,3,2,6096,-5,-4,-4,-4,-3,2500,7309,5474,6472,5100,20808,12480,16000,3000,-5,-5,-5,-5,-5,-5,-5,-5,-5,-5,-5,-5,-5,-5,-5,-5
6715,14,4800,1,2,4800,2508,-4,-4,-4,615,-5,1600,-5,-5,-5,-5,-5,-5,-5,-5,10400,6417,1434,3637,-3,0,0,-5,360,390,0,-5,780,200,-5
6716,10,8500,2,1,8500,-5,-4,-4,-4,-3,-5,320,-2,2682,3000,6000,7164,8100,-2,-2,-2,-2,-2,11980,2535,0,0,0,-5,0,-5,-5,-5,2376,1188
6717,10,6000,2,1,6000,9000,6,4,3746,-3,10000,32000,32500,31000,37530,32000,12000,15000,-5,-5,4300,-5,14000,25000,0,-2,-2,21500,41600,20700,-2,10356,12432,12024,-3
6718,13,-2,2,2,-2,9000,6,5,6036,-3,-2,6000,-2,10136,-2,14257,-2,5365,-2,5160,-2,-2,2053,-2,4000,-2,-2,0,10000,10000,-2,0,-2,-2,-3
6719,10,6000,2,1,6000,9000,4,8,9356,-3,-2,1032,-2,-2,0,-2,-3,-2,5088,16000,15600,7840,20720,-2,-5,6480,6732,7980,9200,-2,12400,11280,13268,11378,-3
6720,13,-2,2,2,-2,3000,6,9,9804,-3,22506,1825,-2,-2,8500,8000,-2,-2,10000,16600,14000,18700,15000,14000,7000,0,0,1620,0,0,-5,0,2190,7200,-3
6721,10,6360,2,1,6360,-3,6,4,5553,-3,-2,-2,-2,-2,20000,14000,24000,18000,25000,6000,11000,16000,-2,22000,-2,-2,-5,-2,45000,-1,-5,-5,-5,-5,-3
6722,13,-1,2,2,-1,30000,4,4,2326,4191,2844,3120,3696,10135,8208,26530,35568,30000,34000,38000,45000,33000,-2,40005,-5,-5,-5,-5,-5,50000,46000,-5,65000,-5,-5
6723,10,3000,2,1,3000,-5,-4,-4,-4,12000,26000,-5,-5,-5,-5,-5,-5,-5,-5,-5,-5,-5,-5,-5,-5,-5,-5,-5,-5,-5,-5,-5,-5,-5,-5
6724,10,6798,2,1,6798,3200,16,5,3490,2300,3000,-2,-2,-2,-2,1400,14000,-2,-1,159805,-2,-2,-2,0,0,-5,0,-5,-5,-5,-5,-2,-1,-2,-3
6725,14,9000,1,2,9000,6500,1,1,0,-3,-2,2156,-2,3252,3000,5150,5424,-2,-2,1788,2436,5388,4773,5556,-5,0,0,0,0,0,-1,2400,0,-2,-5
6726,14,10000,1,2,10000,-5,-4,-4,-5,-5,-5,-5,-5,-5,-5,-5,-5,-5,-5,-5,-5,-5,-5,-5,-5,-5,-5,-5,-5,-5,-5,-5,-5,-5,-5
6727,14,15000,1,2,15000,14000,44,57,61790,-3,22000,19000,-2,37000,26400,-2,21628,-2,39000,32000,27700,24355,-2,18007,20000,49000,27600,-2,41100,35992,-2,38000,79000,130500,117000
6728,10,8520,2,1,8520,9500,23,25,31131,10555,19760,6996,1850,-2,6000,-5,-5,19000,-1,22000,19000,19000,15000,45000,-5,-5,-5,19158,45500,-2,-2,-5,-5,4008,2304
6729,10,6120,2,1,6120,0,24,32,44543,10555,4560,1200,-2,-2,10000,21000,8000,6000,17000,8000,10000,7000,7167,15000,0,12000,27500,47337,33220,38800,59400,40000,36160,30180,118000
6730,13,-2,2,2,-2,14000,66,67,69700,15000,-2,32000,25000,36000,32500,31584,43000,44344,44527,-2,-2,-2,22500,23500,-5,26000,22000,2811,0,10870,10560,-5,12744,-5,13032
6731,13,12600,2,2,12600,11900,25,29,31928,13000,15000,16000,17000,-2,16590,-2,-5,-3,29100,-5,-5,-2,-1,-1,-5,-5,-5,-5,-5,-5,-5,-5,-5,-5,-5
6732,10,12600,2,1,12600,11900,20,29,40738,13000,15000,-2,-2,-2,16000,60000,18000,58500,13300,37000,57000,20000,40000,28000,0,18000,-5,24000,40000,60000,50000,-5,-5,-5,-5
6733,10,5064,2,1,5064,4000,16,17,14560,9000,2890,20000,-2,-1,15000,-2,7000,8000,-5,26000,-2,18000,22644,-2,-5,24000,-5,-5,-5,-5,-5,-5,-5,-5,-5
6734,13,6500,2,2,6500,900,12,13,12999,-5,-5,-2,15000,-2,-3,22000,31200,-1,-5,-5,-5,-5,-5,-5,0,-5,-5,-5,-5,0,-2,31080,3000,2376,-3
6735,10,-2,2,1,-2,6000,17,20,21527,5434,-2,6224,7800,-2,11000,-2,33020,50200,41023,78012,-2,86000,30000,24512,30000,28000,40000,45852,43000,-2,-5,-5,-5,-5,-5
6736,10,5580,2,1,5580,12980,30,23,21619,7000,8400,9202,12000,10238,20000,10400,20000,0,12000,15000,50000,37000,28000,48000,27000,47000,52000,28000,30000,0,84000,45000,37000,42000,37580
6737,14,-4,1,2,3900,9050,82,80,82082,6600,10800,14000,15800,17200,7000,32200,28200,32100,33000,23000,26000,42000,44000,71000,80000,40300,-5,-5,-5,-5,-5,-5,-5,-5,-5
6738,14,15000,1,2,15000,25000,28,30,30017,12000,30000,35000,40000,-2,75000,20000,-2,-2,146942,-2,-2,-2,23300,49000,62000,68000,-5,-2,64500,70000,0,15600,14400,0,14400
6739,11,15000,1,1,15000,25000,32,31,37507,12000,30000,35000,40000,30000,75000,-2,-2,30100,57700,75505,-2,-2,-2,-2,-2,47000,-2,40000,-2,43200,-2,220000,45000,40000,50000
6740,14,2812,1,2,2812,3504,9,11,11970,-3,35000,2724,5112,-2,8616,11952,14020,1925,0,1224,1680,7824,1956,-2,0,8000,4776,18960,0,19248,20400,19920,15660,-5,-5
6741,14,2812,1,2,2812,4316,14,13,9853,-3,35000,40000,-2,3456,-2,-2,-2,-2,200,254,1521,11144,-2,4680,-2,50000,59000,60000,65000,-2,43013,-2,-1,1358,0
6742,14,10372,1,2,10372,6000,29,25,27353,-3,4000,6000,8930,7820,9100,10944,15768,11940,5632,8376,11136,14044,14460,7428,4988,7800,191400,8244,15280,14640,5880,9588,16977,19683,9504
6743,11,10372,1,1,10372,1200,24,22,27392,-3,-2,6000,12067,15780,15500,-5,16826,-5,-5,-5,-5,-2,-2,-2,-2,-1,80000,0,27500,25000,-5,-5,-5,-5,-5
6744,14,10372,1,2,10372,1200,15,15,16919,-3,1626,6216,26544,7404,7728,-5,-2,5496,6250,6000,423,9048,9504,14147,6210,0,30000,60800,51500,-2,-2,-5,-2,40000,78000
6745,14,10372,1,2,10372,1200,16,18,27638,-3,-2,6000,6072,5894,43400,50600,47000,55348,46560,-2,82000,57000,62060,32000,200,47500,57599,50574,54000,46000,57500,64000,65000,159500,78500
6746,10,10483,2,1,10483,-3,-4,-4,-4,15000,-2,22000,22000,-2,12000,12000,40000,10000,32565,-5,60300,0,0,0,0,-2,0,0,-2,29149,-2,8400,8868,14898,-3
6747,13,1275,2,2,1275,-3,12,11,16853,-5,4464,-5,-1,12504,-5,-5,-5,-5,-5,-5,-5,-5,-5,-5,-5,-5,-5,-5,-5,-5,-5,-5,-5,-5,-5
6748,10,3300,2,1,3300,-5,-4,-4,-5,-5,5000,5000,-2,-3,6000,-5,-5,-5,-5,-2,-2,-1,-2,7000,13000,12000,-2,-5,-2,-5,-5,-5,0,-5,277000
6749,13,-2,2,2,-2,-5,-4,-4,-5,-5,-5,8184,-5,28800,-5,-5,-5,9168,11076,11280,11652,8076,9540,-5,0,-5,-5,43000,-5,-5,-5,-5,-5,-2,64000
6750,13,6000,2,2,6000,7000,35,42,51208,-3,4500,20000,7641,14700,17145,21001,23800,-5,-5,26100,0,0,-5,36000,-5,-5,-5,-5,-5,-5,-5,-5,-5,-5,-5
6751,10,11550,2,1,11550,15000,57,65,67690,13631,16000,16500,32100,20000,22000,47700,-2,23000,25015,18500,22700,48000,58600,57320,70000,88100,110000,134800,163000,208000,49200,50000,215000,213000,238000
6752,13,8000,2,2,8000,-3,16,37,38327,-3,18000,15000,24851,6000,16042,16873,10560,5976,5760,7012,10420,14848,18393,27044,26220,-2,30336,28900,16464,13472,14364,24971,15060,33888,21769
6753,13,-1,2,2,-1,-5,54,61,63455,15000,17500,22150,35350,37300,41358,-5,67000,-5,-5,-5,-5,-5,-5,-5,-5,-5,-5,140600,-5,274000,-5,-5,-5,-5,-5
6754,13,15000,2,2,15000,6484,38,35,50627,8000,4000,2574,6000,48016,-2,43050,36200,36100,38100,-5,-2,52150,47200,28840,54020,105000,-5,100000,50500,-5,-5,-5,-5,126400,190100
6755,13,15000,2,2,15000,6484,26,26,39188,17000,4000,-2,-2,-2,27100,24450,54600,-2,-2,-2,-2,-2,-2,-2,38000,36000,47000,60000,65000,-1,-5,-5,-5,-5,-5
6756,13,-2,2,2,-2,-3,17,24,18213,2500,0,5300,6228,-2,19000,-2,-2,-2,27200,-2,-1,19500,21200,21500,23000,3000,-2,30000,31000,31000,34000,37000,43000,61000,46300
6757,13,-2,2,2,-2,-3,16,15,14902,-3,5023,5004,11522,13112,12000,-2,-2,23023,8400,4172,13880,18340,19678,24001,54576,-5,65550,68440,74640,100000,-5,-5,108400,-5,29095
6758,13,-4,2,2,12000,12000,41,42,30658,15000,20000,42100,39200,39833,-5,-5,-5,33000,35500,38400,39100,46075,49350,-5,-5,-5,-5,-5,-5,-5,-5,60000,-5,-5,-5
6759,10,-1,2,1,-1,-5,2,2,3094,-3,3728,-1,-2,-2,4000,-2,3200,10000,5960,13000,13000,-2,-2,19684,0,15000,30000,-1,32500,-2,48000,20000,20000,34280,-3
6760,10,5122,2,1,5122,3000,5,7,7419,2400,5512,-2,-2,-2,10360,-2,15000,-2,28100,46000,45000,-2,34075,38000,3000,-2,-2,-2,35600,53000,35000,47924,31400,-2,0
6761,13,5640,2,2,5640,-3,3,3,3009,-3,4752,12000,-2,10000,5940,7212,2388,3228,5064,5100,4080,4200,3144,-2,1044,1908,0,6588,0,6360,1800,0,1800,-2,-3
6762,10,7200,2,1,7200,-3,1,1,5126,4800,13000,12000,-2,10000,19900,-2,8180,21360,33000,-2,-2,14300,13200,-5,-5,-5,-5,-5,-5,-5,-5,-5,-5,-5,-5
6763,14,-2,1,2,-2,-3,-4,-4,-4,-3,11000,-2,6720,15600,16085,17000,18000,19000,20000,21025,-1,25000,24025,29000,19000,27015,0,0,0,2000,0,-5,0,0,-5
6764,11,7344,1,1,7344,-3,3,3,2042,-3,-3,-2,-2,-2,7500,6796,-2,28912,16920,13028,17520,17800,-2,-2,-2,-2,-1,-2,61000,62000,57875,75000,-2,-2,-3
6765,14,3120,1,2,3120,2400,20,21,25937,-3,-2,845,4424,-2,-3,12000,19025,18500,21000,22000,17482,41006,36005,38000,-3,-2,21800,42000,28500,32400,28600,50000,62000,79600,89000
6766,12,-4,3,2,-3,9980,42,40,36396,10000,15992,12290,-2,95000,15625,-2,-5,43410,-5,-5,-5,-5,-5,-5,-5,-5,-5,-5,-5,-5,-5,-5,-5,-5,-5
6767,12,-4,3,2,6700,-3,65,66,63912,-3,-2,33000,30000,40000,35000,-2,26000,20509,22697,-5,-5,-5,-5,-5,-5,-5,-5,-5,-5,-5,-5,-5,-5,-5,-5
6768,11,17500,1,1,17500,20000,50,75,80070,21000,24000,11000,42000,18500,45000,-2,-2,-2,-2,35200,30025,34587,64500,57100,-2,54000,-2,72000,-2,-2,-5,-5,-5,144500,-5
6769,10,0,2,1,0,5600,25,37,31677,7040,5000,13000,26750,-2,40000,-2,20000,25050,30000,27000,75000,80000,99000,97000,-2,332808,-2,139400,116000,-2,175000,160000,150000,-2,-3
6770,10,-3,2,1,-3,-3,19,18,25494,-3,7500,9000,10200,10500,-2,31020,-2,62000,-2,25000,29400,32050,40020,55050,46000,72200,58350,63400,86100,110000,118000,105000,120000,110200,113500
6771,10,-4,2,1,2908,3276,6,10,6064,5853,5511,3127,-2,9057,12360,-2,2936,-2,29066,55100,-2,-2,10357,-2,-2,7692,-2,0,-2,8400,-5,-5,-5,-5,-5
6772,14,-4,1,2,1500,3276,-4,-4,-4,6408,5511,-2,-2,9057,-2,-2,6240,7800,7800,8638,9672,9880,-2,15220,0,2531,12000,11830,14000,-2,-5,-2,-2,-2,10000
6773,14,-4,1,2,2154,3636,1,4,6980,4896,3846,3516,9984,7127,6720,-2,14060,4088,6912,8424,3744,7776,7740,6624,-2,1296,9000,21360,27500,0,2400,2400,1450,8796,10704
6774,14,6216,1,2,6216,2500,16,17,17270,8400,11300,15573,-2,8177,11118,7980,13704,22036,-2,29516,-2,28952,15048,8352,15902,13796,12000,17640,17000,23000,26000,30000,30000,33000,103000
6775,11,6216,1,1,6216,5000,1,1,2770,-3,6000,8000,6750,8000,20000,-2,-2,-2,-2,-2,-2,9,0,0,0,-5,-5,0,2100,-5,-2,600,0,0,0
6776,11,3600,1,1,3600,9669,71,79,73191,-3,-2,17728,4000,18000,37000,43000,74075,52100,60300,56020,60050,-2,71800,82036,123000,181400,-1,-2,130000,-2,-2,-2,150000,100000,171200
6777,14,75001,1,2,75001,12000,5,4,3685,10000,11200,9000,-2,-5,-5,-5,-5,-5,-5,-1,-5,-5,-5,-5,-5,-5,-5,-5,-5,-5,-5,-5,-5,-5,-5
6778,11,7264,1,1,7264,-3,7,6,9362,10000,3000,11000,8796,42000,6756,10000,-5,-5,-5,-5,-5,-5,-5,-5,-5,-5,-5,-5,-5,-5,-5,-5,-5,-5,-5
6779,10,4600,2,1,4600,5276,50,56,52617,4200,8000,7000,11275,-2,23910,-2,31227,-2,-2,32022,35000,-2,-2,115300,93000,-2,-2,-2,104050,115000,-2,80000,-2,90000,164000
6780,14,5600,1,2,5600,-5,9,8,10385,-3,4248,3848,-2,-2,-5,5208,6576,-3,6456,7476,7152,4872,6108,-2,0,0,-2,30000,0,6085,13560,12684,14200,10800,-3
6781,10,13000,2,1,13000,-5,-4,-4,-5,-5,120,7000,8900,36000,19000,21200,-2,-5,-5,-5,-5,-5,-5,35000,39000,45000,70020,65000,70000,70000,-1,-5,-5,-5,-5
6782,9,-1,3,1,-1,15795,66,63,58447,25000,28000,-1,30000,40000,18150,-5,-5,-5,-5,-5,-5,-5,-5,-5,-5,-5,-5,-5,-5,-5,-5,-5,-5,-5,-5
6783,14,-2,1,2,-2,-3,24,28,25638,-3,13000,-2,5728,6659,7319,-2,16100,20400,14461,13463,3728,-2,15327,-5,36000,-5,-5,-5,-2,23332,13400,56000,65304,-2,71000
6784,11,17000,1,1,17000,20000,30,38,47834,19000,-2,-2,8500,12500,17000,8000,16000,17000,-5,-2,24000,23000,25000,32000,-5,36000,-5,-5,-5,95000,-5,-5,-5,-5,-5
6785,11,7236,1,1,7236,-3,2,7,7493,-5,-5,-5,4760,11000,7500,7000,22000,-2,-2,22000,31000,40325,50000,28900,-1,-2,-2,-2,12500,-1,20000,52512,-1,0,-3
6786,11,7236,1,1,7236,9993,5,9,7825,-3,-5,-5,4760,14000,-2,-2,-2,9000,-2,-2,7800,12500,10000,-1,8088,0,-5,1562,8000,753,-2,2400,12321,-2,-3
6787,14,-4,1,2,5340,355,12,13,7897,11174,14064,0,0,0,1673,1300,-2,-2,35200,45912,-2,48000,-2,52000,50000,-1,61500,64060,64160,-2,-2,-2,3000,-2,-3
6788,14,3240,1,2,3240,-5,3,5,3577,7296,-5,0,500,0,5301,-5,-5,-5,-5,-5,-5,-5,-2,9000,-5,-2,14376,14952,0,12328,39662,18996,12384,-2,-3
6789,11,-4,1,1,6834,8848,14,17,22977,9000,10900,-5,-2,30000,-5,70000,-2,-2,26800,10164,31228,25900,-2,30276,29624,26600,146496,20980,479983,33200,25200,29997,23016,28480,32400
6790,11,6528,1,1,6528,-3,8,8,9356,11000,3174,6480,10600,8600,-2,-2,12000,16400,20800,20000,26000,28740,27860,25000,-5,-5,32000,32420,32000,32000,20719,62378,-5,-5,-5
6791,11,6528,1,1,6528,-3,8,9,10713,11000,3174,-2,-2,35000,-5,-5,-5,-1,-5,70500,-5,-5,-5,-1,-5,-5,-5,-5,-5,-5,-5,-5,-5,-5,-5
6792,11,4704,1,1,4704,-3,10,13,20124,8280,14500,2000,8000,-2,12500,-2,19000,14000,18000,47200,42300,38000,32000,54000,58000,46200,45000,68000,38000,50000,54000,59200,40000,39180,46000
6793,14,4750,1,2,4750,-3,8,9,6624,400,-2,6500,0,0,579,932,-5,-2,0,-2,0,-2,6000,1000,-2,-5,-2,8000,0,3960,-5,-5,-5,-5,-5
6794,11,4750,1,1,4750,-3,-4,-4,-4,4000,-2,-2,-2,7500,-2,6000,10170,-5,-5,-5,0,-2,-2,-2,-2,-5,-5,-5,0,465,-5,-5,-5,-5,-5
6795,11,-3,1,1,-3,14995,19,34,23759,-3,16000,-2,-1,21300,-2,30000,28000,26700,24400,26500,30000,34000,28000,33134,34000,42000,51000,54000,50000,201080,-5,30072,37272,-2,26000
6796,11,6175,1,1,6175,-3,24,23,22114,12000,11760,14400,-5,15000,-2,30000,-2,1057448,1000,42000,65800,62300,-2,-5,4500,14400,-5,61000,85000,117000,32000,53400,89702,40000,-5
6797,14,6175,1,2,6175,-5,-4,-4,-5,-5,-5,-5,-5,-5,-5,-5,-5,-5,-5,-5,-5,-5,-5,-5,-5,-5,-5,-5,-5,-5,-5,-5,-5,-5,-5
6798,14,6175,1,2,6175,-5,-4,-4,-5,-5,-5,-5,-5,-5,-5,-5,-5,-5,-5,-5,-5,-5,-5,-5,-5,-5,-5,-5,-5,-5,-5,-5,-5,-5,-5
6799,10,4060,2,1,4060,5000,19,16,16868,16000,7408,13520,18600,21600,-2,-2,22000,-5,-2,29752,17625,17550,-2,11500,13000,24000,22000,8631,0,29600,31000,41000,35000,49000,50000
6800,11,13000,1,1,13000,-3,55,63,56485,8000,8253,10621,16000,-2,15300,28000,22600,55000,30090,57060,60000,100,55000,35000,151000,60000,70200,159440,157200,150000,-1,497763,-1,-5,300000
6801,11,9000,1,1,9000,-3,29,26,26806,5206,6300,8700,16000,-2,-2,-5,38000,20000,9100,11800,25000,-5,9400,20000,9000,15000,33000,52000,-5,50000,52000,75000,85000,78000,93000
6802,10,17400,2,1,17400,65000,38,40,39342,21000,30000,-2,30270,35000,-2,56000,77000,21000,84000,-5,81000,68000,90000,105000,40000,-2,36990,47000,-2,120000,65000,97052,90000,50000,100000
6803,11,17100,1,1,17100,21010,95,85,77242,24000,24800,29000,22300,-2,40000,39900,41200,45800,146942,-2,52000,64000,64000,70000,77000,90000,114000,96000,90000,94000,92000,163060,132000,115000,270000
6804,13,-4,2,2,-3,2400,2,6,7401,-3,3180,2781,5700,6256,6372,6312,6540,6780,-2,1860,2028,7680,9456,13668,7992,4194,15559,18200,17500,19000,17000,19548,14850,-2,33600
6805,11,16000,1,1,16000,-3,31,34,47029,20000,-2,13000,15950,16500,17000,13020,16500,14650,28300,17000,21600,32171,44842,38900,45500,62000,-2,85000,106000,133000,-2,156000,154000,169000,184000
6806,11,1000,1,1,1000,9000,6,12,12185,30000,-2,20000,-2,3200,2560,360,-2,20000,29360,-2,27772,46000,28000,-2,30000,-2,10000,86000,47700,-2,10000,22000,20000,12000,17500
6807,14,7911,1,2,7911,9216,65,62,71577,2373,5052,23000,-2,800,30000,20800,15000,-2,-2,-2,32000,33200,36000,46354,-2,25000,-2,34000,27990,47000,52000,48000,43398,-2,0
6808,11,2220,1,1,2220,-3,67,75,72782,5000,0,6643,7972,8615,48000,31500,36098,42100,41000,41000,10500,12500,14000,31300,28000,59000,-2,8500,12102,47000,-5,38000,39400,33092,38400
6809,11,6020,1,1,6020,7000,42,43,42493,-3,-5,-2,13500,40000,46000,38500,-5,27000,33500,24560,9900,13920,-5,-5,-5,-5,-5,-5,-5,-5,-5,-5,-5,-5,-5
6810,14,6020,1,2,6020,246,10,13,13250,0,-5,8388,5052,5784,4833,1884,-5,1980,3408,2284,-5,-5,-5,-5,-5,-5,-5,-5,-5,-5,-5,-5,-5,-5,-5
6811,11,6020,1,1,6020,7000,53,71,79509,3507,10000,12000,12000,10000,-2,-2,12200,21050,16425,19955,26052,16800,18005,32005,28000,29500,43000,28605,22100,37199,-5,-5,-5,-5,-5
6812,14,3000,1,2,3000,2000,6,9,1980,3948,-2,16600,4788,15000,25000,-2,37297,-2,26500,-2,-2,-2,-2,-2,-2,-5,3484,-5,45000,50226,0,16152,-2,-2,24000
6813,10,-1,2,1,-1,18000,8,9,12416,12000,-2,-2,14000,20000,-2,15000,17000,17300,14000,19000,-5,-5,-5,-5,-5,-5,-5,-5,-5,-5,-5,-5,-5,-5,-5
6814,13,5500,2,2,5500,-3,9,11,9764,12000,-2,-2,-2,4080,20236,0,6408,-5,-5,-5,-5,-5,-5,-5,-5,-5,-5,-5,-5,-5,-5,-5,-5,-5,-5
6815,11,4080,1,1,4080,3720,17,23,24585,3712,-2,5136,2040,2940,-1,-2,13960,16800,-3,-2,20650,17500,22000,22000,0,24000,33000,43000,43902,41000,41000,43000,50000,53000,49649
6816,14,11000,1,2,11000,16000,69,72,66927,12000,38000,34300,39600,47050,51000,63906,56540,71400,47902,56731,60435,58838,5998,79150,77000,171000,189000,160800,180150,-2,201099,203100,216000,190000,200250
6817,14,13900,1,2,13900,16000,73,86,88573,12000,26110,40000,54000,68500,60500,46198,-2,-2,52140,70150,76000,160097,75200,-2,100484,166884,130000,140500,149250,166952,181650,205100,214000,236000,241065
6818,14,11000,1,2,11000,16000,48,46,54285,12000,30500,40000,54000,68500,60500,52000,16000,26400,25800,25100,28100,32150,38000,40000,47200,-2,59000,64000,55000,50000,55000,57000,58000,129000,135000
6819,10,1440,2,1,1440,5000,13,12,34967,3712,-2,6000,5500,7000,20000,24024,8000,-2,8000,5000,0,21110,-5,-2,-5,-2,-2,-2,26000,-2,4123,23432,33018,-2,41360
6820,14,-1,1,2,-1,40000,9,5,2966,50000,75001,-1,-2,-2,-2,38800,-2,-2,-2,38000,-2,19920,33840,-5,-5,-5,-5,-5,-5,-5,-5,-5,-5,-5,-5
6821,9,7000,3,1,7000,17500,94,87,88773,10000,16000,39000,-2,-2,-1,50700,30400,39500,36200,-5,-5,-5,-5,-5,-5,-5,-5,-5,-5,-5,-5,-5,-5,-5,-5
6822,12,-1,3,2,-1,21824,59,53,56405,14000,15000,51600,-2,49000,48000,57000,68500,69500,76000,-5,-5,-5,-5,-5,-5,-5,-5,-5,-5,-5,-5,-5,-5,-5,-5
6823,14,13580,1,2,13580,14000,57,53,69622,17000,25000,13000,10000,-2,-2,43200,19150,24250,20100,23150,23168,23000,-2,-2,45000,51000,53000,60100,70000,108050,117000,-1,120000,113396,40000
6824,11,-4,1,1,9000,9000,16,12,9302,6662,15430,12000,13000,14000,19000,-2,21000,30000,41000,46000,40000,24000,29000,-1,34000,38000,57000,18000,29000,32000,38000,-5,-5,-5,-5
6825,14,-4,1,2,16432,-5,5,7,7759,-3,884,3544,3900,4692,6624,6036,1764,-2,8566,-2,8108,9432,7276,-2,20000,16000,23000,-1,-2,110000,22320,55640,90000,111000,89000
6826,14,16000,1,2,16000,20000,73,85,92001,25000,26000,25000,15000,16000,-2,-2,-2,-2,10500,-5,33825,32100,189918,-2,-2,-2,195000,214000,254000,454737,440692,497763,595986,922631,-3
6827,9,5052,3,1,5052,6000,43,34,48683,6000,6000,15000,8490,-2,-2,18000,45000,46800,46400,-5,-5,-5,-5,-5,-5,-5,-5,-5,-5,-5,-5,-5,-5,-5,-5
6828,14,-4,1,2,4464,-5,19,19,10178,5320,5608,-2,-2,-2,8957,12444,14000,12500,15000,16000,16000,-2,-2,49600,25000,32000,40000,35000,49200,-5,-5,-5,-5,-5,-5
6829,14,-2,1,2,-2,0,-4,-4,-4,43400,49910,46903,-2,62596,72400,83000,76500,78400,-2,54000,67300,21500,-2,-2,-1,-2,-1,-1,-1,-1,36000,-1,-1,30250,-3
6830,12,14000,3,2,14000,11000,10,6,12123,-3,-3,28000,23000,30000,-2,62100,65300,74500,52200,-5,-5,-5,-5,-5,-5,-5,-5,-5,-5,-5,-5,-5,-5,-5,-5
6831,12,5000,3,2,5000,4000,-4,-4,-4,6000,500,10000,-1,-2,-2,35000,42000,47000,75200,-5,-5,-5,-5,-5,-5,-5,-5,-5,-5,-5,-5,-5,-5,-5,-5
6832,14,-4,1,2,7500,-3,-4,-4,-4,-3,-5,-5,-5,-5,-5,-5,-5,-5,-5,-5,16500,13600,13500,12000,-5,-5,-5,-5,15000,0,-5,-5,-5,-5,-5
6833,10,18200,2,1,18200,-5,-4,-4,-4,22000,35000,75000,-5,14000,-2,20800,-5,20000,18000,-1,-5,-5,-5,-5,-5,-5,-5,-5,-5,-5,-5,-5,-5,10056,-5
6834,10,-2,2,1,-2,16200,5,8,8118,8000,5000,5700,-2,10000,-2,0,-2,150,-2,-2,-2,-2,5000,-5,-5,-5,-5,-5,-5,-5,-5,-5,-5,-5,-5
6835,14,13508,1,2,13508,12500,42,35,44380,-3,48000,28000,45000,-2,-2,-2,37405,24100,47000,56005,62100,66000,57005,66020,-2,-2,134000,70200,51000,-2,75000,35144,45000,65300,46504
6836,11,13508,1,1,13508,68000,12,12,7362,-3,-2,28000,-2,-1,40000,-2,-2,-2,-2,-2,41000,160097,-2,-2,40000,-2,-2,40000,72000,-2,99000,497763,78000,35000,-3
6837,10,28400,2,1,28400,23000,50,45,50345,-3,35000,22000,26000,-5,-5,-5,-5,44080,44580,36652,43000,47000,62000,63500,63000,60000,85000,38000,42000,40000,50000,55000,57000,60000,59000
6838,10,28400,2,1,28400,35000,34,29,41577,-3,35000,42000,51553,55000,-2,23000,-2,42010,20000,25000,27993,33024,39000,45400,50000,47000,53700,38000,60000,63027,72017,87029,88104,84040,89000
6839,13,-1,2,2,-1,37600,26,40,43258,47000,50000,49663,50000,4400,42000,90200,91000,47100,37010,37000,36000,35200,44652,40000,48000,43000,87000,-1,106600,-2,-2,188400,158000,178000,179536
6840,10,-1,2,1,-1,37600,20,28,48172,47000,55000,50000,5438,9812,75000,89500,79000,84000,146942,80200,16000,-2,-2,-2,-2,28020,33200,55000,-5,1500,2296,104806,149000,78000,-3
6841,10,10000,2,1,10000,800,26,30,43332,14500,-1,-5,23732,4000,6000,-5,-5,-5,-5,-5,-5,-5,-5,-5,-5,-5,-5,-5,-5,-5,-5,-5,-5,-5,-5
6842,13,35000,2,2,35000,-5,76,85,86873,31500,-1,-1,9000,-5,-5,26500,28350,34300,53000,68500,839078,160097,-2,974100,97700,-2,0,-5,479983,0,-1,-1,-1,-1,-3
6843,10,40000,2,1,40000,50000,80,82,84964,55000,69500,2900,4000,-5,6700,14000,56000,77500,74600,159805,839078,160097,91000,54000,111000,101000,140000,118000,131000,165500,178549,186000,192000,222000,226000
6844,10,32000,2,1,32000,38000,56,64,64985,25000,40000,20000,5650,-2,-2,-2,4000,25000,-1,-1,-2,-2,-5,-5,-5,-5,-5,-5,-5,-1,-5,-5,-1,-1,-3
6845,13,-1,2,2,-1,40000,20,21,14822,16606,13560,15884,-2,23001,22000,35000,34200,27010,21000,31828,31852,24200,-2,44334,-2,88000,-2,-2,93305,50400,64400,45000,55000,50000,55000
6846,10,-1,2,1,-1,40000,8,15,11511,50000,20000,2512,55000,-2,9240,965,4510,0,336,0,0,6096,6120,12384,-5,-2,6540,6540,1464,14064,19740,10680,10800,11092,9000
6847,13,10000,2,2,10000,6000,-4,-4,-4,800,802,1011,1608,2520,6352,1740,6708,6698,5861,5360,6960,4704,12272,0,39000,14920,16370,21000,-5,-5,-5,-5,24000,-5,-5
6848,14,30000,1,2,30000,29196,60,57,65558,33000,30000,41000,50000,55000,45000,50000,65268,73009,77000,70100,80000,0,80000,82000,-2,17000,47000,60000,-2,-2,-2,52904,4000,30000,18000
6849,10,4728,2,1,4728,8400,48,44,42811,2910,-2,2400,280,16040,-2,25050,20500,4000,55032,17000,6000,6480,5796,22400,22000,21000,27330,5000,8501,7200,5400,400,10000,10000,2400
6850,10,4728,2,1,4728,8400,84,78,81271,-3,40400,10000,-2,16040,16000,17500,15500,17000,45000,50600,55000,-2,-2,68000,-2,-5,-5,-5,-1,-5,-5,-5,-5,-5,-5
6851,10,5200,2,1,5200,6000,-4,-4,-4,-3,24000,-2,-2,-2,600,2000,-2,0,-2,27000,28000,20800,-2,-2,-5,25000,0,0,-5,0,-5,-5,-5,-5,-5
6852,13,17000,2,2,17000,10830,75,74,63053,12150,9625,10002,8900,25000,13050,55100,62700,62800,69900,74000,69000,73600,70100,77550,83500,87500,96000,97200,100000,101000,106000,123687,123134,-5,-5
6853,10,-2,2,1,-2,32000,65,58,61223,-3,30000,25000,-2,400,30000,-2,52000,65200,53100,67100,90100,62000,69200,74800,90000,100600,106000,110000,121000,141000,163000,188000,201000,200000,210000
6854,13,35000,2,2,35000,37000,47,42,40249,39520,45000,60000,52000,15419,18500,17750,28000,31000,8000,16327,24150,24000,17500,26950,31200,35000,28000,36600,87600,72000,53000,63500,32400,-5,-5
6855,13,35000,2,2,35000,1500,83,80,79020,2000,45000,15954,20370,28420,26000,30300,-2,29000,34300,35000,37000,-1,48500,51000,57025,59500,77000,80000,51000,112000,66868,90000,103000,196200,-5
6856,14,-2,1,2,-2,20000,-4,-4,-4,-3,-5,-5,-5,-5,-5,-5,-5,-5,-2,-5,-5,500,-2,-5,-5,-5,-5,-5,-5,8500,600,-1,-2,-5,-5
6857,11,25000,1,1,25000,30000,32,23,24730,32000,40000,6000,8000,-3,12700,44100,37000,39000,45100,27000,46800,42500,44200,38000,38000,-5,40000,57000,88000,100000,-5,-5,-5,68000,62000
6858,13,15000,2,2,15000,-3,7,9,5837,5136,6528,7952,-2,10784,10184,12084,12288,8586,-2,-2,29680,5652,4816,23052,15000,47036,-2,43568,43100,53115,-2,7200,70000,71000,73000
6859,10,26000,2,1,26000,-3,59,61,63460,40000,30000,-2,7500,26000,45000,6000,15000,-5,529,-2,15000,-2,-2,10000,-2,29200,25000,30000,35000,-2,-2,26832,20112,39020,-5
6860,10,26000,2,1,26000,-3,43,42,45145,40000,30000,-5,13000,10700,8500,-2,15082,25000,-2,19000,21000,21800,78000,-2,-1,65000,65400,65000,25000,74000,-2,23870,46000,-2,58000
6861,10,26000,2,1,26000,20000,35,32,40648,40000,2516,6584,13000,35000,14078,-2,-5,3500,1100,9000,22000,-2,-5,15100,-5,15000,-2,-2,37000,69596,-2,-2,-2,-2,-3
6862,13,-4,2,2,11000,17465,27,35,27877,4502,10635,15436,41500,44405,39430,-2,51880,1057448,-2,45000,52000,20620,32000,-2,12600,-2,69000,-2,-1,100900,36480,18000,19200,21144,-3
6863,10,7618,2,1,7618,0,26,35,43006,6016,5000,-2,11000,4200,12810,20800,-2,-2,4242,16010,22000,2300,11050,25000,-2,-2,53000,28700,56200,65000,68100,75000,85000,52400,2090
6864,10,-4,2,1,0,5500,6,5,11029,6500,-2,45550,11000,20000,15000,7100,-5,-5,-5,-5,-5,-5,-5,-5,-5,-5,-5,-5,-5,-5,-5,-5,-5,-5,-5
6865,10,6500,2,1,6500,-5,11,16,12741,7720,-5,-5,5492,5220,5400,-3,-2,-5,5112,483,320,1200,4352,1996,6000,200,10800,7680,6768,12808,8436,12456,10836,10770,9564
6866,13,6500,2,2,6500,-5,2,6,10551,-3,-5,-5,-2,10188,-2,7032,1416,18408,4915,5940,-2,5952,6628,7500,-2,-2,-2,-2,25900,27680,20000,19000,36000,51000,35000
6867,10,6500,2,1,6500,3600,36,36,41554,5200,-5,200,7250,4000,60000,6000,-2,-2,-2,0,12000,0,-2,-2,-2,15000,0,5000,0,30000,0,10000,14280,17400,-3
6868,10,29000,2,1,29000,19050,20,12,17721,17000,20200,2738,6480,8416,-2,-2,59800,1057448,74000,43100,40000,41000,42000,45010,54000,63000,63000,73800,63000,73000,68000,45000,60000,73000,73000
6869,13,11000,2,2,11000,-3,30,34,26806,-3,40000,30000,38000,50000,50000,-5,25000,-5,-5,-2,-1,0,30000,38100,-1,40000,-5,-5,-5,-5,-5,-5,-5,-5,-5
6870,13,11000,2,2,11000,-3,51,52,51893,-3,40000,30000,-2,22000,-5,-5,-5,-5,-5,-5,-5,-2,30000,-2,100000,-5,-2,-5,-5,-5,-5,-5,-5,-5,-5
6871,10,11000,2,1,11000,-3,22,31,32412,-3,-5,-5,-5,-5,-5,-5,-5,-5,-5,-5,-5,-5,-2,-2,-5,-5,-5,-5,-5,-5,-5,-5,-5,-5,-5
6872,10,6000,2,1,6000,13000,6,8,4224,11007,12000,13004,15000,16000,13000,17000,20000,19000,22000,22000,25000,25000,25000,0,27760,27000,35000,-2,50000,45000,46000,48500,0,0,0
6873,10,6000,2,1,6000,13000,24,25,30548,3846,9200,6080,8500,-5,-5,-5,-5,29000,37000,30000,27000,40500,43000,53500,64000,58000,66000,76000,103200,-2,91000,-2,84000,50000,57600
6874,12,9000,3,2,9000,15000,21,18,24927,22000,-5,-2,12000,18000,29000,36000,42000,53500,-2,-5,-5,-5,-5,-5,-5,-5,-5,-5,-5,-5,-5,-5,-5,-5,-5
6875,14,30600,1,2,30600,27000,5,6,7020,-3,5820,-2,-2,10000,7236,-2,6800,15400,18530,20400,21000,0,-5,-5,-5,-5,-5,-5,-5,-5,-5,-5,-5,-5,-5
6876,13,8000,2,2,8000,10955,67,64,78921,-3,46000,-2,-2,300,24000,23570,7068,12000,5800,10080,19000,21000,18000,35810,44300,55650,55000,46200,34000,50000,50000,52000,57500,54000,60000
6877,14,11000,1,2,11000,-3,-4,-4,-4,9000,10095,10000,15000,13100,-5,-5,12100,16010,18000,-5,-5,-5,-5,-5,-5,-5,-5,-5,-5,-5,-5,-5,-5,-5,-5
6878,10,38000,2,1,38000,888,16,25,25036,-3,7010,-2,25000,38000,5688,10400,18500,1057448,33368,34000,37800,38030,38000,43000,-2,-2,-2,-2,27000,32000,41000,37000,-2,-1,-3
6879,13,38000,2,2,38000,26000,22,22,31540,9000,15000,15000,17400,29000,65000,17200,-2,24000,-2,26000,26000,-2,29700,-2,34000,44000,53000,61000,80000,-2,-2,84000,83000,83000,88000
6880,14,15000,1,2,15000,10000,29,27,24650,22000,40000,45000,-5,-5,40000,75100,-5,-5,-5,50000,26600,-5,13000,100,4200,-5,-2,6500,5500,10700,17000,16000,22000,23000,25000
6881,13,5200,2,2,5200,-3,22,20,14744,1200,20000,35200,-2,20000,22000,32935,52100,-2,-2,-2,-2,-2,-2,-2,31000,97000,100000,105000,42500,90200,100000,84000,122000,128000,115000
6882,10,5200,2,1,5200,-5,-4,-4,-5,-5,-5,-2,25000,-2,20000,40000,42100,7200,22400,-1,22000,25000,-2,17950,-5,-5,64000,74000,78000,51000,85000,93000,-5,-5,-5
6883,10,5200,2,1,5200,-3,15,16,23158,12000,-2,3606,7756,7835,9210,15997,25200,-2,-2,23000,-5,32000,-2,35100,94005,-5,-5,-5,-5,211000,210000,-5,-5,300000,-5
6884,11,-2,1,1,-2,10000,20,14,9369,14000,-2,1100,25000,40000,70000,51200,12000,14000,25500,-2,7000,-2,-2,-2,15600,-2,40000,50000,42000,35000,30904,30000,21000,28000,40000
6885,14,-3,1,2,-3,10000,13,8,8324,14000,-2,1100,-2,-2,-2,-2,-2,11000,-2,14000,14000,19000,7500,-2,1000,16000,32000,45000,28000,-2,27400,13000,21800,-5,55000
6886,11,21450,1,1,21450,30000,22,19,23420,20000,75000,75001,50000,50000,90000,70100,-5,1057448,-5,1200,1800,0,-2,8366,-2,17000,90000,82000,60000,60000,51000,118000,50000,40000,75000
6887,14,21450,1,2,21450,30000,28,41,37664,20000,75000,75001,50000,50000,90000,56200,-2,95100,146942,76727,73000,36027,36580,37300,39000,70800,44000,90000,104300,-2,-5,-5,110000,-5,98000
6888,11,35000,1,1,35000,40000,2,1,2648,7000,30000,44000,24000,70000,100001,17000,17200,26200,35000,40000,30000,35000,64000,-2,58800,104000,90000,113000,133000,46000,-2,90000,-2,27014,-3
6889,11,35000,1,1,35000,-5,-4,-4,-4,7000,-3,36440,18000,50000,100001,75000,77000,-2,-2,-2,24000,22000,16000,24000,19000,-2,-5,1300,14000,16400,30000,10000,19500,23000,20000
6890,14,35000,1,2,35000,40000,1,1,1723,-3,3000,40000,62000,17000,26000,-2,-2,23000,27000,35080,33116,39056,42500,-2,30000,42000,-1,25000,25000,0,-5,-5,-5,-5,29000
6891,14,35000,1,2,35000,35000,1,4,3453,7000,22100,40000,62000,70000,100001,34520,-2,25000,20000,45600,30000,30000,47000,39000,20000,54000,55000,80000,101000,116000,102000,119940,79500,125000,120000
6892,11,21000,1,1,21000,36000,46,43,38982,30000,30000,34000,40000,55000,75000,82100,22050,-2,40080,70541,48650,-5,44790,53150,64280,63300,75500,81700,76250,65600,59279,55050,66000,65000,70000
6893,14,21000,1,2,21000,-3,42,27,27877,30000,30000,34000,52500,60000,65000,65000,-2,22000,79350,67580,79025,69740,-2,28000,15000,-5,-2,97000,128300,88500,101000,131700,57050,-5,60000
6894,10,-2,2,1,-2,18000,11,13,21181,-3,35000,70000,12000,8000,-2,-2,-5,52000,51000,54000,44000,29200,26000,57000,57000,32000,35000,-2,65000,104200,117000,128000,145000,155000,155000
6895,13,-2,2,2,-2,18000,29,49,58042,-3,35000,70000,50000,-2,-2,-2,-2,-2,-2,-2,-2,-2,-2,-2,-2,38000,-2,45000,45000,0,25200,-5,-5,-5,25000
6896,10,35000,2,1,35000,36000,79,85,79821,45000,55000,40000,40000,25000,25200,100001,75000,80000,60000,90000,72000,84000,75000,-1,-2,-5,-5,-5,110000,-1,100000,497763,-1,-1,-3
6897,10,6000,2,1,6000,-3,15,22,31351,-3,-2,14500,38000,37500,28000,36100,36000,29000,59500,45000,70200,69600,81600,-2,80100,85000,-2,97000,-2,115100,122000,130000,155000,135000,172000
6898,10,6000,2,1,6000,-3,4,10,17681,-3,-2,-2,16500,40000,28000,10000,23000,12000,-2,41130,60000,-2,-2,16050,-5,-5,7584,7200,0,-2,0,0,21360,-1,-3
6899,10,-4,2,1,15508,8575,2,3,6134,0,8000,-2,-2,6000,13000,11504,13000,27000,30000,27000,30808,4296,10305,3816,-2,30000,32000,32000,7800,7900,-5,-5,-5,-5,-5
6900,10,6700,2,1,6700,6516,11,15,18831,7000,-1,2630,-2,700,-2,-2,-2,0,-5,-5,-5,-5,-5,-5,-5,-5,-5,-5,-5,-5,-5,-5,-5,-5,-5
6901,13,6181,2,2,6181,2563,11,7,9902,10000,-2,12040,75001,12000,15000,-2,-2,-2,-1,-2,-2,-2,10212,-2,-2,-2,-2,30000,33842,34000,47000,20904,0,21462,21345
6902,10,17000,2,1,17000,-3,17,24,25208,16000,20000,11000,-2,20000,45000,38500,51000,-2,-2,49000,15000,15000,15000,4520,21594,18380,26600,27400,24780,-2,20593,-2,23796,9364,0
6903,10,20000,2,1,20000,29000,13,17,14991,31000,40000,-2,50000,-2,24000,100001,-2,48500,53500,-5,-5,-5,-5,-5,-5,-5,-5,-5,-5,-5,-5,-5,-5,-5,-5
6904,10,20000,2,1,20000,29000,1,1,1397,27000,40000,-2,50000,-2,-2,-2,0,27000,18500,20000,30000,46000,30000,-2,-5,-5,-5,-5,42000,-1,-5,-5,-5,-5,-3
6905,13,20000,2,2,20000,29000,6,8,8202,27000,40000,-2,50000,-2,27000,7500,76000,13000,-2,71000,-2,10000,-1,-2,-1,-5,-5,-1,21000,29000,-2,-1,11460,11520,0
6906,10,20000,2,1,20000,27000,2,1,1784,27000,40000,-2,21000,18000,25000,18000,19000,20000,29500,19000,31000,18000,32000,30000,-5,-5,-5,-1,40000,47000,60000,57000,27000,0,-5
6907,10,20000,2,1,20000,29000,2,1,1625,27000,40000,-2,50000,-2,-5,100001,-2,-2,-2,52000,57000,47226,42694,70000,72000,-2,-2,88000,105000,-1,50000,60000,68000,70000,75000
6908,10,21500,2,1,21500,-3,38,49,49643,16000,8145,5000,2750,17100,24450,34140,35092,43341,47000,46800,52000,51000,54800,57000,58600,68000,74000,64000,70000,95000,0,81000,80000,75000,80000
6909,10,6500,2,1,6500,4000,17,17,27057,9000,1607,1500,-2,17000,30000,-2,-2,7000,-2,-5,8000,19800,-2,45000,33500,41000,51740,58000,-5,-2,-2,-2,-2,100000,102000
6910,11,12100,1,1,12100,-3,49,52,60054,14000,3000,7500,7680,9020,60266,-2,85000,2340,-2,53030,-2,41000,47001,55600,65800,43400,-2,50000,60000,-5,67000,-2,-5,-5,-5
6911,11,12100,1,1,12100,-3,17,19,40913,14000,18000,20000,30000,36000,60266,49280,82000,18000,9600,-5,-2,-2,10000,10000,12000,10000,21000,39000,-5,28000,-2,3000,38688,15054,15204
6912,10,15000,2,1,15000,15000,49,58,67524,-3,23000,-2,42000,50000,57000,100001,64000,25200,64100,-2,-2,-2,29000,88300,84000,110200,-2,181000,80000,34042,42545,85000,58000,60000,21800
6913,13,18788,2,2,18788,2200,35,43,42081,10000,13021,12025,9812,13875,-2,21400,31400,38000,35500,27300,49220,36600,46680,42929,-2,-2,8300,84472,28000,45500,27200,61660,50800,60000,43300
6914,10,18788,2,1,18788,23000,7,6,22004,24000,35000,35000,30000,65000,4212,15600,100001,63000,146942,159805,839078,50000,38100,52000,51000,51000,55000,62000,112000,124000,133000,-2,140000,182000,198000
6915,14,-2,1,2,-2,-3,-4,-4,-4,11700,20690,75001,-2,80000,-2,-2,48630,-2,-2,-2,-2,-2,60000,48300,-3,42000,-5,3500,-5,25000,30000,17000,1842,4700,-5
6916,12,-4,3,2,5604,7704,5,4,2982,5316,9949,6676,10176,8172,10044,14944,12120,17408,49224,-5,-5,-5,-5,-5,-5,-5,-5,-5,-5,-5,-5,-5,-5,-5,-5
6917,12,28000,3,2,28000,5618,38,32,29144,29500,29800,19790,13860,1724,24940,9650,17560,27000,27700,-5,-5,-5,-5,-5,-5,-5,-5,-5,-5,-5,-5,-5,-5,-5,-5
6918,9,3300,3,1,3300,-3,35,29,38873,0,-2,19000,0,20000,27000,25520,10900,15000,14000,-5,-5,-5,-5,-5,-5,-5,-5,-5,-5,-5,-5,-5,-5,-5,-5
6919,12,7829,3,2,7829,-3,19,22,26383,10178,5752,-2,5284,-2,3000,-3,4164,5464,0,-5,-5,-5,-5,-5,-5,-5,-5,-5,-5,-5,-5,-5,-5,-5,-5
6920,12,7829,3,2,7829,4500,29,25,23858,800,-3,1200,3500,1009,1000,-5,10260,7980,10416,-5,-5,-5,-5,-5,-5,-5,-5,-5,-5,-5,-5,-5,-5,-5,-5
6921,12,7829,3,2,7829,24000,24,17,25016,34487,1017,864,2800,7005,26449,33000,37000,-5,-5,-5,-5,-5,-5,-5,-5,-5,-5,-5,-5,-5,-5,-5,-5,-5,-5
6922,9,-2,3,1,-2,17000,46,53,53154,15000,14000,13000,11900,25000,16300,31050,21000,-2,19300,-5,-5,-5,-5,-5,-5,-5,-5,-5,-5,-5,-5,-5,-5,-5,-5
6923,12,40000,3,2,40000,-3,49,50,52562,50000,58000,66500,28050,22000,35000,45000,55200,52200,56600,-5,-5,-5,-5,-5,-5,-5,-5,-5,-5,-5,-5,-5,-5,-5,-5
6924,9,40000,3,1,40000,-3,14,12,15962,50000,58000,66500,-2,-5,-5,-5,-5,-2,-2,-5,-5,-5,-5,-5,-5,-5,-5,-5,-5,-5,-5,-5,-5,-5,-5
6925,12,7140,3,2,7140,17000,27,26,30194,-3,23000,-2,20000,-2,90000,38500,46000,53500,69000,-5,-5,-5,-5,-5,-5,-5,-5,-5,-5,-5,-5,-5,-5,-5,-5
6926,9,7140,3,1,7140,17000,27,32,44044,-3,23000,-2,20000,55000,90000,46700,29200,27000,38000,-5,-5,-5,-5,-5,-5,-5,-5,-5,-5,-5,-5,-5,-5,-5,-5
6927,9,8284,3,1,8284,9626,24,32,31684,9678,10525,15132,20000,24000,55428,27760,51150,62850,52304,-5,-5,-5,-5,-5,-5,-5,-5,-5,-5,-5,-5,-5,-5,-5,-5
6928,9,8284,3,1,8284,927,17,22,32014,-3,20000,21360,32548,59000,-2,59973,100000,55000,-2,-5,-5,-5,-5,-5,-5,-5,-5,-5,-5,-5,-5,-5,-5,-5,-5
6929,12,-4,3,2,-3,7014,60,58,55574,12997,14121,7770,53740,13908,29100,20056,17700,31850,33135,-5,-5,-5,-5,-5,-5,-5,-5,-5,-5,-5,-5,-5,-5,-5,-5
6930,14,-4,1,2,-2,-3,-4,-4,-4,6000,10000,11000,13000,13000,12000,13270,-3,17091,28600,30000,29400,21750,27150,34660,31400,35400,38400,22400,35000,40000,40000,36000,53486,64240,113800
6931,14,9000,1,2,9000,4000,-4,-4,-4,11000,11000,14000,15000,24000,15500,19000,22003,20000,23000,18020,22000,20000,20300,-2,8600,-5,-5,20000,-5,12000,31260,40000,30300,-5,38000
6932,13,-2,2,2,-2,5522,38,52,49239,7500,8300,8000,11000,13250,14900,17000,20395,22500,22400,25500,28300,-1,30800,-1,-1,-1,38000,39000,-1,45500,-2,44000,41000,49000,54000
6933,13,-3,2,2,-3,50000,29,39,46589,50000,50000,75000,-2,100000,100000,-2,30000,28600,24010,33000,-5,-5,-5,-5,-5,-5,-5,-5,-5,-5,-5,-5,-5,-5,-5
6934,13,50000,2,2,50000,50000,51,46,49384,3500,7000,75000,-2,-2,90000,60200,-2,20000,-3,25000,19000,19000,20000,27000,28000,-5,35000,-5,-5,-5,-5,-5,-5,-5,-5
6935,9,7200,3,1,7200,15000,27,21,14270,24000,26056,14584,-5,20500,-5,-5,-2,27700,33000,-5,-5,-5,-5,-5,-5,-5,-5,-5,-5,-5,-5,-5,-5,-5,-5
6936,12,7200,3,2,7200,15000,63,62,73890,1400,65000,8502,9869,3329,8500,4800,-2,11600,26200,-5,-5,-5,-5,-5,-5,-5,-5,-5,-5,-5,-5,-5,-5,-5,-5
6937,12,7200,3,2,7200,15000,11,13,17992,30000,65000,-2,11500,4714,-1,-2,-5,-2,-2,-5,-5,-5,-5,-5,-5,-5,-5,-5,-5,-5,-5,-5,-5,-5,-5
6938,11,10000,1,1,10000,-3,39,35,45080,18000,24500,25000,58000,58000,87000,100000,16100,-2,-2,-2,53000,53200,-2,-2,-2,72000,82000,87000,117500,114200,125500,134120,161000,161200,168000
6939,14,45000,1,2,45000,51500,27,23,12328,70000,75000,-2,-2,-2,100001,-2,89000,18298,-1,88200,84310,160097,-2,-2,-2,-2,-2,14028,0,-2,27600,62400,-2,-2,-3
6940,14,45000,1,2,45000,51500,15,12,11067,70000,75000,-2,-2,-5,-5,-5,-5,70500,-5,-2,-1,-1,-5,-2,-5,-2,-2,-2,-1,190000,105000,90000,-5,120000,65000
6941,11,45000,1,1,45000,5253,19,21,20101,70000,75000,75001,-2,-2,100001,85000,100001,-2,-2,-2,839078,-3,-5,-2,-2,-2,22800,19560,115144,133448,10860,27160,36076,10726,10548
6942,11,45000,1,1,45000,51500,38,41,51713,70000,75000,-2,17000,16560,100001,41000,46050,57250,62200,69000,82000,-2,99000,120500,244343,83165,162200,245870,164550,-2,-2,270000,102480,115000,116000
6943,12,34000,3,2,34000,-3,19,21,12830,-3,-2,-2,-2,30300,-2,-2,38000,40000,42353,-5,-5,-5,-5,-5,-5,-5,-5,-5,-5,-5,-5,-5,-5,-5,-5
6944,12,34000,3,2,34000,-3,19,27,29072,-3,10000,-5,-5,-5,-5,-5,-5,-5,-5,-5,-5,-5,-5,-5,-5,-5,-5,-5,-5,-5,-5,-5,-5,-5,-5
6945,12,34000,3,2,34000,-3,24,24,23327,-3,-2,-2,-5,-5,-5,-5,19000,17500,29000,-5,-5,-5,-5,-5,-5,-5,-5,-5,-5,-5,-5,-5,-5,-5,-5
6946,10,20000,2,1,20000,25000,16,18,22245,-3,1181,-2,12280,13129,24020,25550,36400,27050,31060,36100,39230,50600,-5,-5,-5,-5,-5,-5,-5,-5,-5,-5,-5,-5,-5
6947,10,20000,2,1,20000,25000,8,6,5814,20000,30000,25000,20000,5500,-2,-2,4000,-2,-2,-2,-2,-2,-2,6500,-5,0,-2,7800,0,0,25560,12000,-5,-5,-5
6948,13,24000,2,2,24000,18100,6,5,2866,25640,20000,30500,30000,22000,40000,41200,-5,-5,-1,-1,39200,36000,-2,-5,-2,-5,-5,-5,-1,-1,-1,-1,-1,-5,70000
6949,13,-2,2,2,-2,-3,15,19,25517,23000,18000,31000,-2,45000,26200,33000,-2,-2,-2,-2,39000,40000,-5,-5,-5,-5,-5,48000,50000,50000,55000,42000,46000,52000,55000
6950,13,-3,2,2,-3,-3,14,20,22880,7000,18000,31000,-2,40000,-2,100001,-2,-2,-2,-2,-2,-2,-2,24500,24000,91000,-5,-2,-1,-2,-2,-2,42000,-1,-3
6951,14,30000,1,2,30000,26000,24,30,41494,27000,30000,-2,35850,22000,-2,-2,56500,59000,66000,73000,80000,88000,95000,123000,125000,145000,-5,-5,-5,-5,-5,-5,-5,-5,-5
6952,13,19000,2,2,19000,-3,14,13,14920,35000,40000,-2,-2,11000,11220,15400,-2,9000,3800,22000,14000,8000,11606,29000,28000,-5,18000,19000,23000,40000,0,32000,41000,48000,42000
6953,13,19000,2,2,19000,-3,28,42,67753,35000,26000,37000,40000,9000,15500,17500,17900,21500,28000,28000,-2,-2,29870,35790,27900,28900,32900,71000,82000,81000,65000,-2,23400,23484,-3
6954,11,28000,1,1,28000,14000,49,57,51079,16000,18735,20150,20615,20830,23000,25000,33000,32100,-5,37000,42000,40040,37000,55000,59000,-2,80000,35000,42000,42000,-5,-5,-5,-5,70000
6955,11,28000,1,1,28000,20000,11,13,13880,40000,75001,44408,75001,70000,100001,100001,100001,50000,46000,159805,66000,160097,-2,-2,43035,-2,31040,34000,24050,59515,33000,85380,43000,31000,32000
6956,12,31500,3,2,31500,27000,55,42,41958,18000,43000,12125,19000,43800,16600,27200,30000,44200,20000,-5,-5,-5,-5,-5,-5,-5,-5,-5,-5,-5,-5,-5,-5,-5,-5
6957,13,31500,2,2,31500,27000,23,27,33366,35000,43000,-2,-2,30600,10000,83000,95000,94000,82625,159805,-2,97000,94000,56000,24400,36200,64000,-5,58000,71827,-5,-5,24000,-5,-3
6958,11,7000,1,1,7000,11000,28,42,42710,6000,7000,-2,500,-5,4340,4705,-2,780,3848,5000,9000,8898,2000,1747,-2,15000,20000,-2,32000,47880,50000,45000,30810,27600,19200
6959,11,7000,1,1,7000,11000,68,70,69371,8000,8000,21456,0,-5,-5,-2,0,7600,22400,0,29800,-3,-2,-2,-5,38000,72748,5000,35000,26968,-2,54000,-1,92920,-3
6960,11,7000,1,1,7000,11000,28,36,57451,6000,8000,-2,1220,9200,13596,14000,20000,14000,17000,23000,17000,20000,18000,26000,-5,60000,-2,75000,88000,-2,82000,91000,54400,55000,54000
6961,10,-1,2,1,-1,-5,6,6,3277,-3,-5,-5,-5,-5,-5,-5,-5,-5,-5,-5,-5,-5,-5,-5,0,50,24000,45960,57300,-5,-5,-5,-5,-5,-5
6962,13,9000,2,2,9000,-5,5,3,7538,-5,-5,-5,-5,-5,-5,-5,-5,-5,-5,-5,-5,-5,-5,-5,0,0,-5,-5,15000,0,-2,-2,2280,2289,0
6963,12,8620,3,2,8620,3200,4,7,11713,2180,1753,6228,7848,6360,7730,8340,4020,8976,4752,-5,-5,-5,-5,-5,-5,-5,-5,-5,-5,-5,-5,-5,-5,-5,-5
6964,10,-2,2,1,-2,18000,9,8,14361,6000,-2,10828,11360,15152,25940,30600,38000,31867,36000,38177,-2,27440,14000,-2,27000,-2,13000,-2,30000,-2,19135,30000,-5,22000,-3
6965,12,4020,3,2,4020,4696,53,59,74029,7664,2517,2520,9600,20000,-2,13200,10400,28040,23880,-5,-5,-5,-5,-5,-5,-5,-5,-5,-5,-5,-5,-5,-5,-5,-5
6966,13,3800,2,2,3800,4500,19,23,31710,3226,4718,-2,1860,5978,6324,-2,-2,-2,5496,7392,6384,3465,6676,3900,4104,-2,8000,13488,3840,300,600,0,0,0,7584
6967,13,17790,2,2,17790,0,2,4,5710,4656,2520,2064,6348,2868,4758,10428,5352,3816,6816,7404,9396,6600,12720,6684,11235,6800,7252,10920,0,5640,5628,5400,8500,7549,2304
6968,13,14180,2,2,14180,25000,25,29,26670,-3,18000,22600,-2,-2,24500,33550,19000,-3,23600,24012,27000,30000,28025,-2,34000,35000,41200,42120,47000,57400,62000,67600,-1,75400,75000
6969,10,2212,2,1,2212,-3,19,23,33217,3920,15000,-2,-2,-2,10980,12200,-3,-5,-5,-2,-2,-2,7000,-2,7652,12000,-5,12000,9000,11300,21430,-2,0,11231,13141
6970,13,-4,2,2,6264,-3,2,2,2351,1327,1047,550,-1,19852,8900,6668,13872,30000,15648,32252,13133,15000,44524,23000,24688,42400,30000,40000,4800,40000,42000,40000,40000,40000,-3
6971,13,9800,2,2,9800,12000,54,45,45968,8500,9653,18622,10550,8629,8780,10560,13950,28600,19120,12200,18000,18000,17328,15000,13603,18580,11000,20868,18000,19000,21240,15000,13000,20000,26000
6972,10,-3,2,1,-3,11000,3,4,7946,8150,6560,5624,14328,-2,4000,7000,-2,26918,25060,23650,22520,23206,22400,23910,43600,-2,13667,12000,14000,18000,-2,62000,74000,74000,102000
6973,12,-4,3,2,3320,4510,84,85,82404,40000,40000,13040,3000,-5,12000,-5,-5,-5,-5,-5,-5,-5,-5,-5,-5,-5,-5,-5,-5,-5,-5,-5,-5,-5,-5
6974,9,-4,3,1,6397,11400,72,88,88109,3300,6392,6307,4500,2518,10000,18550,40300,83500,146942,-5,-5,-5,-5,-5,-5,-5,-5,-5,-5,-5,-5,-5,-5,-5,-5
6975,9,-4,3,1,3900,2100,72,82,80411,5500,9700,10600,12095,13750,13800,14000,16100,16050,17011,-5,-5,-5,-5,-5,-5,-5,-5,-5,-5,-5,-5,-5,-5,-5,-5
6976,12,-4,3,2,4480,75000,75,67,77083,75000,9000,7600,6700,5700,10795,21000,21000,35500,-3,-5,-5,-5,-5,-5,-5,-5,-5,-5,-5,-5,-5,-5,-5,-5,-5
6977,12,-4,3,2,1260,2700,87,87,80605,61000,-1,-5,-5,-5,-5,-5,-5,-5,-5,-5,-5,-5,-5,-5,-5,-5,-5,-5,-5,-5,-5,-5,-5,-5,-5
6978,12,-4,3,2,-3,3800,67,67,62670,-3,-2,48000,20060,20400,36150,34000,-3,74000,71000,-5,-5,-5,-5,-5,-5,-5,-5,-5,-5,-5,-5,-5,-5,-5,-5
6979,12,-4,3,2,2700,2402,59,73,59591,35000,-5,-5,-5,-5,-5,-5,-5,-5,-5,-5,-5,-5,-5,-5,-5,-5,-5,-5,-5,-5,-5,-5,-5,-5,-5
6980,12,-4,3,2,-3,3100,56,73,62594,15830,16000,10000,17000,19134,-2,23500,28000,28500,31000,-5,-5,-5,-5,-5,-5,-5,-5,-5,-5,-5,-5,-5,-5,-5,-5
6981,12,-4,3,2,3800,3132,33,32,20908,5500,7640,-2,-2,2240,6235,25756,25100,32000,12500,-5,-5,-5,-5,-5,-5,-5,-5,-5,-5,-5,-5,-5,-5,-5,-5
6982,12,-4,3,2,6260,16230,57,67,59541,13000,13000,13310,12418,12400,19659,18090,20090,23650,25800,-5,-5,-5,-5,-5,-5,-5,-5,-5,-5,-5,-5,-5,-5,-5,-5
6983,12,-4,3,2,600,3200,75,77,60473,2598,-2,-2,64000,-5,-2,40000,-2,-2,63600,-5,-5,-5,-5,-5,-5,-5,-5,-5,-5,-5,-5,-5,-5,-5,-5
6984,12,-4,3,2,850,2100,62,64,60966,4100,8800,14310,12100,13020,6666,18200,15620,16915,40000,-5,-5,-5,-5,-5,-5,-5,-5,-5,-5,-5,-5,-5,-5,-5,-5
6985,12,-4,3,2,-3,1900,43,43,51451,2639,11000,14000,16000,20050,15030,22540,54000,63500,52600,-5,-5,-5,-5,-5,-5,-5,-5,-5,-5,-5,-5,-5,-5,-5,-5
6986,12,-4,3,2,-3,13200,59,58,61672,1800,55000,15000,11800,16000,23500,54100,-2,-2,36150,-5,-5,-5,-5,-5,-5,-5,-5,-5,-5,-5,-5,-5,-5,-5,-5
6987,9,-4,3,1,6500,20000,91,84,77244,60500,75001,75001,75001,66000,52000,50000,36000,52000,60000,-5,-5,-5,-5,-5,-5,-5,-5,-5,-5,-5,-5,-5,-5,-5,-5
6988,10,20000,2,1,20000,22000,24,29,31135,18000,28000,17000,29301,30000,10576,32020,32050,15040,14000,20900,-2,-2,15000,-2,47600,-2,24000,35000,40000,25000,-2,25000,30300,40000,15000
6989,13,-4,2,2,-2,8328,28,39,40117,6300,7934,2672,5220,5814,6479,6064,8976,9836,23492,9600,10113,10740,-2,0,5920,3850,10072,-2,5000,9000,20000,15000,23012,19000,8500
6990,13,39000,2,2,39000,38000,38,40,33938,50000,51000,61000,62070,50000,300,68170,53615,50210,53500,57510,62210,64530,62330,77535,-2,-2,95030,-2,-2,-2,-2,-2,-2,130000,122050
6991,10,39000,2,1,39000,38000,21,21,17668,50000,51000,61000,75001,22200,100001,18290,23500,39000,37500,36000,39000,22500,24720,24200,24500,26000,32012,24000,28000,29000,27000,30000,23000,28000,24000
6992,13,12000,2,2,12000,24000,27,40,51246,-3,39000,37000,42200,42000,50000,45476,-2,21200,27900,25200,27950,26000,29920,34800,-2,42500,52560,50560,37488,48504,65000,-5,-5,178084,-5
6993,10,8000,2,1,8000,-3,3,3,3843,-3,40000,-2,-2,1200,-2,15000,-2,-2,-2,3120,72000,-2,-2,-2,-5,12000,-5,-5,-5,-2,25000,-5,21000,-5,18000
6994,13,-4,2,2,7084,12300,15,12,12605,17500,32000,50000,57400,21350,22800,24000,31000,24280,24600,25000,24500,-2,26280,77100,59525,-5,-5,24000,-5,-5,30000,16190,23000,50000,25000
6995,13,-4,2,2,-2,-3,4,4,2400,8652,8000,6100,9000,10765,2430,-3,5230,8296,-5,6132,-2,-2,-2,5568,-2,10692,7056,7596,8172,8280,12768,14220,-2,9912,10092
6996,10,-2,2,1,-2,25100,42,47,59063,16000,22000,24000,40000,30000,12800,25299,30000,14500,-2,53500,-5,-5,52000,93000,111000,94000,0,70000,132000,149000,150000,122000,190000,225000,766958
6997,13,24000,2,2,24000,24000,7,6,4899,-3,8400,6000,-2,3500,5300,4500,-2,-2,3000,-2,-2,-2,-2,0,3000,34,-2,0,1993,-2,8400,0,17304,-2,-3
6998,10,18700,2,1,18700,27000,32,37,41885,33000,32000,35000,35000,50000,75500,41000,35700,41000,17500,39000,50000,49000,52000,69800,89000,90500,133000,129202,67000,-2,197800,-2,-2,-2,369900
6999,13,18700,2,2,18700,27000,14,14,20764,33000,22000,26000,35000,40000,9000,18700,53000,56000,50000,-2,60000,20000,-2,21000,45500,-2,87500,-2,75000,80000,85000,127000,75000,109000,95000
7000,13,-4,2,2,1357,5610,32,28,22925,-3,5616,-3,-2,-2,-2,-2,5388,5508,-2,2480,-1,-2,-3,-2,-2,-2,-2,-5,-5,-5,-5,-5,-5,-5,-5
7001,9,18000,3,1,18000,18000,-4,-4,-5,-5,-5,12500,19000,17500,23500,27000,24900,14000,29000,-5,-5,-5,-5,-5,-5,-5,-5,-5,-5,-5,-5,-5,-5,-5,-5
7002,13,-1,2,2,-1,-3,24,22,25114,-3,875,2224,56400,2000,11585,10700,-3,5832,47500,49000,49700,47700,52500,18700,-5,-5,29625,25000,27500,32000,34000,38500,-1,44500,32900
7003,10,9072,2,1,9072,16000,21,38,43516,27000,18184,20750,-2,2668,10240,-3,-5,7466,11000,13000,15000,-2,-2,-2,0,-5,-5,-5,-5,26000,-2,24000,1300,-2,13500
7004,10,9072,2,1,9072,16000,19,21,23578,27000,-1,8500,3741,25000,43000,67000,19000,28000,34000,35000,47500,24000,39500,29000,43000,75000,74000,36400,56500,34000,33500,-5,-5,-5,66800
7005,13,10263,2,2,10263,7022,8,8,4907,-3,8008,9000,9000,8001,12658,10020,10000,15100,16300,22000,23100,23000,-2,23000,21672,35892,167000,37040,30000,30000,30000,21623,16176,15393,19494
7006,12,5328,3,2,5328,15735,87,78,81443,6070,12976,12598,13731,15320,16100,14618,20011,19000,24500,-5,-5,-5,-5,-5,-5,-5,-5,-5,-5,-5,-5,-5,-5,-5,-5
7007,9,5192,3,1,5192,4800,82,86,93787,-3,6412,-2,6000,5400,5300,4900,8624,20300,21230,-5,-5,-5,-5,-5,-5,-5,-5,-5,-5,-5,-5,-5,-5,-5,-5
7008,10,23000,2,1,23000,-5,24,25,22470,20000,1456,0,699,3736,4460,2500,6000,3800,15000,0,0,111,-2,-2,8000,8000,6000,12000,-2,6600,-2,12360,24152,10668,10644
7009,10,23000,2,1,23000,20000,32,34,29808,20000,18000,-2,-2,-2,7000,20684,-2,-2,-5,11288,-2,24000,18000,0,13000,29200,39740,64880,45000,46000,48000,52000,-5,-5,45000
7010,10,23000,2,1,23000,20000,22,27,29487,20000,-2,-2,-2,-2,6000,6584,17000,23000,22000,-2,19800,25000,29000,32000,59000,-5,-5,-5,-5,-5,-1,80000,36000,34000,-3
7011,9,10000,3,1,10000,15000,83,80,81683,19000,10000,6500,9000,2500,16515,35150,38300,34200,31400,-5,-5,-5,-5,-5,-5,-5,-5,-5,-5,-5,-5,-5,-5,-5,-5
7012,12,-4,3,2,-3,8429,35,32,26139,-3,-2,7314,6144,9987,18700,25000,20000,27000,30000,-5,-5,-5,-5,-5,-5,-5,-5,-5,-5,-5,-5,-5,-5,-5,-5
7013,9,-4,3,1,22150,2600,70,69,57022,21500,28400,20800,23200,29500,40000,100001,47000,37000,61500,-5,-5,-5,-5,-5,-5,-5,-5,-5,-5,-5,-5,-5,-5,-5,-5
7014,9,5000,3,1,5000,6000,49,54,67447,6500,9000,7100,9500,12000,-2,12720,8950,30100,37000,-5,-5,-5,-5,-5,-5,-5,-5,-5,-5,-5,-5,-5,-5,-5,-5
7015,12,-4,3,2,-3,6648,31,26,23588,6012,6764,7116,8244,8786,9072,9012,21456,19600,17608,-5,-5,-5,-5,-5,-5,-5,-5,-5,-5,-5,-5,-5,-5,-5,-5
7016,12,-4,3,2,12650,-3,94,85,87019,28480,75001,47175,41000,42000,62500,54500,52000,50000,61500,-5,-5,-5,-5,-5,-5,-5,-5,-5,-5,-5,-5,-5,-5,-5,-5
7017,12,4700,3,2,4700,6856,49,49,48931,4184,4178,9138,11108,13411,11813,15066,12609,14329,24404,-5,-5,-5,-5,-5,-5,-5,-5,-5,-5,-5,-5,-5,-5,-5,-5
7018,11,3000,1,1,3000,6684,10,12,11553,8000,-2,5150,5600,8000,-2,15000,17500,700,-5,0,-5,-2,-2,15000,20000,17712,16000,18000,0,18000,-2,20304,11520,-5,-5
7019,12,-4,3,2,5501,7500,89,68,66884,9005,7500,8010,-2,24921,29437,29000,8860,15771,10015,-5,-5,-5,-5,-5,-5,-5,-5,-5,-5,-5,-5,-5,-5,-5,-5
7020,12,-4,3,2,2548,3000,46,35,30820,-3,11254,13000,15300,8620,-5,10000,16000,-5,-5,-5,-5,-5,-5,-5,-5,-5,-5,-5,-5,-5,-5,-5,-5,-5,-5
7021,12,-2,3,2,-2,1665,26,28,32813,250,6000,600,15000,20000,16000,-2,-2,-2,-2,-5,-5,-5,-5,-5,-5,-5,-5,-5,-5,-5,-5,-5,-5,-5,-5
7022,12,12000,3,2,12000,5000,8,10,8100,1598,5628,7356,8880,7632,8460,9512,-2,0,7804,-5,-5,-5,-5,-5,-5,-5,-5,-5,-5,-5,-5,-5,-5,-5,-5
7023,9,-2,3,1,-2,-3,11,12,12805,6500,4049,734,7377,7718,8990,-2,23000,21200,26000,-5,-5,-5,-5,-5,-5,-5,-5,-5,-5,-5,-5,-5,-5,-5,-5
7024,12,8000,3,2,8000,10800,42,41,55626,-3,-2,26943,15500,25000,9500,8000,18050,20000,16020,-5,-5,-5,-5,-5,-5,-5,-5,-5,-5,-5,-5,-5,-5,-5,-5
7025,11,25000,1,1,25000,14000,30,33,25796,12094,19094,29000,45630,43000,47000,45000,55000,59400,55200,73500,66200,71000,74300,90300,78200,92000,94000,93000,111000,103000,87000,94800,105000,117000,114700
7026,9,8000,3,1,8000,1694,49,49,51838,12000,7345,6992,11560,9000,9000,12400,25000,12000,14040,-5,-5,-5,-5,-5,-5,-5,-5,-5,-5,-5,-5,-5,-5,-5,-5
7027,9,8000,3,1,8000,-3,46,36,42938,-3,4000,-2,-2,-1,-5,0,-1,-2,-5,-5,-5,-5,-5,-5,-5,-5,-5,-5,-5,-5,-5,-5,-5,-5,-5
7028,12,8000,3,2,8000,-3,28,23,25470,12000,-2,-2,-5,1000,96,0,4570,6984,7788,-5,-5,-5,-5,-5,-5,-5,-5,-5,-5,-5,-5,-5,-5,-5,-5
7029,9,5000,3,1,5000,7600,12,10,4110,238,27940,5115,5880,1300,-3,2100,-5,-5,-5,-5,-5,-5,-5,-5,-5,-5,-5,-5,-5,-5,-5,-5,-5,-5,-5
7030,12,7500,3,2,7500,7932,49,42,54621,9010,2365,17000,15000,5109,8084,8804,-2,13000,12000,-5,-5,-5,-5,-5,-5,-5,-5,-5,-5,-5,-5,-5,-5,-5,-5
7031,12,7500,3,2,7500,7932,60,54,71841,9010,-2,17000,15000,7248,-2,-2,-2,-2,-3,-5,-5,-5,-5,-5,-5,-5,-5,-5,-5,-5,-5,-5,-5,-5,-5
7032,12,-4,3,2,3500,2600,38,39,44039,4700,1333,3328,14505,11107,15694,55440,20933,20018,12286,-5,-5,-5,-5,-5,-5,-5,-5,-5,-5,-5,-5,-5,-5,-5,-5
7033,9,15737,3,1,15737,13905,5,6,7737,9027,12600,10000,10505,1865,6019,6035,-3,12950,23872,-5,-5,-5,-5,-5,-5,-5,-5,-5,-5,-5,-5,-5,-5,-5,-5
7034,12,15737,3,2,15737,13905,8,12,19260,9027,12600,-3,-5,-5,1084,3600,-2,-2,7644,-5,-5,-5,-5,-5,-5,-5,-5,-5,-5,-5,-5,-5,-5,-5,-5
7035,9,-2,3,1,-2,12014,34,30,32760,13003,21500,15617,18072,-2,25020,20000,23000,21000,24200,-5,-5,-5,-5,-5,-5,-5,-5,-5,-5,-5,-5,-5,-5,-5,-5
7036,12,-2,3,2,-2,3205,21,18,23761,13740,7551,7150,31116,14010,16076,19326,21137,38012,22000,-5,-5,-5,-5,-5,-5,-5,-5,-5,-5,-5,-5,-5,-5,-5,-5
7037,9,-2,3,1,-2,13220,14,15,24980,-3,21500,10000,-2,16014,17975,23200,27000,51500,22500,-5,-5,-5,-5,-5,-5,-5,-5,-5,-5,-5,-5,-5,-5,-5,-5
7038,12,-2,3,2,-2,13220,14,8,8291,12000,0,49000,7001,20005,19807,23008,26000,29300,38000,-5,-5,-5,-5,-5,-5,-5,-5,-5,-5,-5,-5,-5,-5,-5,-5
7039,12,3040,3,2,3040,12000,48,39,41554,15000,5700,25000,6832,4860,8616,4742,-2,10728,15710,-5,-5,-5,-5,-5,-5,-5,-5,-5,-5,-5,-5,-5,-5,-5,-5
7040,12,9324,3,2,9324,8500,59,61,53843,11000,11000,7140,9113,8200,8869,-2,12000,23500,27002,-5,-5,-5,-5,-5,-5,-5,-5,-5,-5,-5,-5,-5,-5,-5,-5
7041,9,-4,3,1,14001,13680,62,58,50870,10712,11554,8218,10059,17160,22230,25357,30000,34013,49000,-5,-5,-5,-5,-5,-5,-5,-5,-5,-5,-5,-5,-5,-5,-5,-5
7042,12,-4,3,2,14001,13680,32,32,37555,1794,11554,8218,10059,17160,21760,24919,30015,35013,47000,-5,-5,-5,-5,-5,-5,-5,-5,-5,-5,-5,-5,-5,-5,-5,-5
7043,9,-4,3,1,3600,35000,94,93,89836,14275,17050,16445,21605,24025,22462,29010,27180,33800,66000,-5,-5,-5,-5,-5,-5,-5,-5,-5,-5,-5,-5,-5,-5,-5,-5
7044,9,-4,3,1,15000,15892,45,46,41815,13635,20064,22925,34806,36390,39000,39900,24800,27000,35000,-5,-5,-5,-5,-5,-5,-5,-5,-5,-5,-5,-5,-5,-5,-5,-5
7045,12,-4,3,2,29461,15363,50,52,36697,14443,-3,22925,34306,36390,39000,37970,24800,27000,35000,-5,-5,-5,-5,-5,-5,-5,-5,-5,-5,-5,-5,-5,-5,-5,-5
7046,14,35000,1,2,35000,30000,32,27,35957,30000,5400,9686,17540,27800,23968,30150,32450,28007,20900,25500,29050,22115,27000,45400,41000,-2,43000,36000,38000,53000,40000,55000,88000,60000,-5
7047,11,43000,1,1,43000,-5,-4,-4,-4,-3,2400,5900,17540,27800,23000,22050,32450,33500,22020,24110,21840,-2,30000,36000,-2,38000,20000,32400,28600,31900,28000,-5,-5,-5,-5
7048,14,13788,1,2,13788,19000,52,63,79076,20053,23300,22000,25000,31200,30000,35500,61001,31403,34390,-2,18075,10000,16500,26015,35000,32035,32400,77500,51500,88000,93500,86000,90100,94000,104200
7049,14,21000,1,2,21000,11840,40,59,69863,26070,21297,17654,11445,13000,12700,15000,22000,30050,32000,36000,34000,58000,58000,72500,121000,66000,33000,0,33000,27000,31100,7900,43800,25096,40000
7050,14,21000,1,2,21000,21000,19,22,28098,24000,24718,-2,13305,13000,19060,11768,15104,18000,22500,-2,-2,10500,-2,10000,12000,12000,12000,16000,18000,18000,19000,18000,19409,15000,20000
7051,12,5400,3,2,5400,5837,6,4,6126,6493,20600,18010,-5,-5,-5,-5,15100,-2,-5,-5,-5,-5,-5,-5,-5,-5,-5,-5,-5,-5,-5,-5,-5,-5,-5
7052,12,5490,3,2,5490,5837,16,16,15680,8522,-2,1151,14000,6818,20416,11775,-2,18580,15600,-5,-5,-5,-5,-5,-5,-5,-5,-5,-5,-5,-5,-5,-5,-5,-5
7053,12,-4,3,2,-3,2096,11,7,5865,6968,5409,0,21161,20872,26125,6500,23650,14000,26800,-5,-5,-5,-5,-5,-5,-5,-5,-5,-5,-5,-5,-5,-5,-5,-5
7054,14,-3,1,2,-3,15000,54,35,33623,9194,4068,-2,-1,3000,-2,7852,15000,16000,17000,15498,13500,21111,15258,23000,23000,-2,55000,69000,78000,121290,55000,47000,107000,110000,71200
7055,12,9000,3,2,9000,12000,48,41,46843,26000,19500,17000,32100,2153,4248,4824,15830,24740,-2,-5,-5,-5,-5,-5,-5,-5,-5,-5,-5,-5,-5,-5,-5,-5,-5
7056,9,9000,3,1,9000,12000,31,32,43997,26000,19500,17000,6500,13000,10000,14600,-2,36180,30574,-5,-5,-5,-5,-5,-5,-5,-5,-5,-5,-5,-5,-5,-5,-5,-5
7057,9,-4,3,1,1746,1100,4,5,4997,3000,0,3396,3288,4272,4800,5484,5760,6060,6000,-5,-5,-5,-5,-5,-5,-5,-5,-5,-5,-5,-5,-5,-5,-5,-5
7058,12,12000,3,2,12000,11000,26,23,20777,-3,-2,4200,4164,4440,4552,-3,5170,1057448,5220,-5,-5,-5,-5,-5,-5,-5,-5,-5,-5,-5,-5,-5,-5,-5,-5
7059,9,12000,3,1,12000,11000,16,18,17279,7328,-2,3812,4500,8500,14000,-2,-2,-2,13300,-5,-5,-5,-5,-5,-5,-5,-5,-5,-5,-5,-5,-5,-5,-5,-5
7060,9,-2,3,1,-2,20000,85,74,68932,15000,23000,24000,-2,25000,21000,18000,19050,22040,24060,-5,-5,-5,-5,-5,-5,-5,-5,-5,-5,-5,-5,-5,-5,-5,-5
7061,9,-2,3,1,-2,20000,96,97,96573,16000,-2,20000,30000,8653,11030,11550,14000,36525,45030,-5,-5,-5,-5,-5,-5,-5,-5,-5,-5,-5,-5,-5,-5,-5,-5
7062,9,9870,3,1,9870,7662,72,65,53131,-3,16000,10100,12521,12000,14900,23000,18000,22000,23500,-5,-5,-5,-5,-5,-5,-5,-5,-5,-5,-5,-5,-5,-5,-5,-5
7063,9,-2,3,1,-2,32750,60,58,67560,5350,4332,3540,-2,3811,1202,10892,-2,10000,13000,-5,-5,-5,-5,-5,-5,-5,-5,-5,-5,-5,-5,-5,-5,-5,-5
7064,13,13000,2,2,13000,2288,13,13,14461,2816,5368,7174,5248,4800,7632,4800,5848,6312,5900,5532,839078,5616,6804,7708,15232,-2,4630,6744,7361,84,11424,9564,4700,0,8196
7065,13,13000,2,2,13000,-3,10,10,5236,-3,3504,4068,4140,4248,4572,-2,6684,7728,8400,8832,8556,-3,-3,-2,36900,-1,-1,40000,43000,-1,-1,-1,50000,-2,73000
7066,14,-4,1,2,5364,5904,12,16,20472,13769,13128,14604,11576,32836,13628,19652,-2,13199,22776,9192,11688,18276,21359,-2,5928,6744,6010,-2,19586,7476,9576,9888,10576,18068,9672
7067,13,5240,2,2,5240,7000,49,47,40242,17000,12000,2047,13200,15000,12696,4498,6994,5722,18553,19788,12010,17184,20184,20896,22838,7234,2686,9264,-5,-5,-5,-5,-5,-5,-5
7068,10,-1,2,1,-1,6000,3,4,4489,-3,-1,5990,-2,13936,16500,-2,-2,-2,-1,-1,25000,-2,-2,5000,30000,-5,-5,-5,20000,40000,-2,-2,-2,-2,-3
7069,10,6000,2,1,6000,10020,17,16,15671,8000,21660,-2,-2,22000,-2,-2,11000,-2,-2,-2,6000,-2,-2,6215,-2,254,-2,1620,16236,7584,-2,-2,-2,8876,10020
7070,10,6000,2,1,6000,10020,7,4,3180,15050,16100,17150,13000,20000,20000,29800,29000,32800,35200,50000,40300,-2,39000,25000,14000,37000,18000,41000,19000,33000,-2,33200,-2,17000,98000
7071,10,6000,2,1,6000,10020,9,10,13268,25000,17000,176,3284,2781,4108,-5,2676,3724,-2,1000,0,-2,-2,-5,240,0,0,0,0,20800,-2,1400,0,280,870
7072,10,-2,2,1,-2,1195,8,8,7795,11881,624,-2,2353,-3,-2,-2,-2,6878,11000,18534,10200,8760,-2,12000,-3,24064,21000,14000,21000,-1,20000,0,10560,-2,11388
7073,13,603,2,2,603,5088,21,25,29398,5088,8310,930,5057,3168,5680,-2,-2,-2,10000,13000,19000,13527,17804,22462,22000,24000,25000,30000,42500,43000,48320,7485,47784,16200,16200
7074,13,-2,2,2,-2,-3,62,58,54606,5642,5268,6850,4500,0,0,1000,2000,9465,18630,15100,12000,18000,25696,-2,4636,12600,22400,27500,20464,25500,27000,-2,-1,-3,20988
7075,13,-2,2,2,-2,-3,59,56,68723,12000,-2,-2,40000,-2,49000,44500,-2,-2,53000,-2,64000,-2,-2,-2,-2,-2,-2,83000,92000,118000,130000,117000,125000,113000,115500
7076,10,-2,2,1,-2,-3,96,92,91145,12000,-2,-2,40000,-2,-2,12810,1102,8300,11692,4425,7012,11400,26000,22600,33240,28000,22000,30000,30000,30000,36800,18840,12304,26534,18000
7077,13,-2,2,2,-2,13192,32,25,17776,14209,6301,5088,6737,3543,10636,1980,9952,8056,16140,38386,27500,30600,23992,60000,63500,32000,42500,41000,45000,60000,70000,65000,65000,87000,0
7078,10,-2,2,1,-2,6000,23,13,10852,6335,628,5000,3980,2052,2000,-2,18000,4000,2000,2500,7100,14100,-2,17000,6000,-5,-5,15000,23000,15305,20000,28600,16290,-5,-5
7079,10,-2,2,1,-2,6000,49,44,59989,6335,9665,2200,-2,10200,10000,10200,11000,13000,15180,-2,18000,27125,-2,24000,15000,-5,-5,28000,30000,28000,36020,-1,10000,23976,36000
7080,10,-2,2,1,-2,-3,46,46,49828,7806,-2,-2,-2,-2,-2,58020,22000,31000,-2,30000,5000,5000,36000,19000,44000,-2,-1,70000,115000,188443,-2,50000,144000,-2,-5
7081,13,-2,2,2,-2,6000,33,30,38547,6335,9665,6638,6752,5756,9557,31345,33000,-2,68040,12182,14400,-2,-2,18000,37200,32000,-2,-2,92500,-2,94670,-2,94000,111008,101000
7082,10,-4,2,1,-3,17900,33,32,30086,8000,-1,-2,-2,-2,-2,-2,21000,22000,21000,22660,28200,22000,32600,-2,33000,36000,34000,60000,64800,53000,-2,71048,-2,102000,94000
7083,10,19000,2,1,19000,20000,1,2,2440,20000,-2,25000,-2,33022,5326,8856,7896,-2,1200,-5,216,-2,1000,0,0,20000,70000,-5,18000,250,0,3200,4500,263360,14616
7084,13,-2,2,2,-2,-3,58,56,48411,16000,38000,28700,31000,40960,-2,36035,46040,42025,64530,64050,71025,70100,71025,90100,110100,133050,110000,139000,138500,185500,200100,187000,160000,200000,766958
7085,13,-2,2,2,-2,-3,13,14,18119,-3,6000,9000,-2,10000,-2,30360,-2,19482,28288,-2,35000,14310,15656,15088,11000,10000,-2,-2,117280,-2,-2,-2,-2,0,-3
7086,13,-2,2,2,-2,-3,25,22,23727,16000,38000,-2,53000,35000,-2,38440,27500,34005,33800,34000,34010,40000,-2,22020,-2,-2,-2,-2,75000,95050,-2,-2,50030,-2,-3
7087,10,-2,2,1,-2,-3,87,84,79253,16000,38000,-2,53000,9610,-2,10000,11000,14000,-2,-2,-2,-2,45222,-2,53000,50000,50000,60000,72000,63000,62192,70000,82064,73000,73000
7088,13,-4,2,2,-2,-3,7,11,13071,-3,15000,21205,-2,-3,-5,21500,-5,-5,-5,-5,-5,-5,-5,-5,-5,-5,-5,-5,-5,-5,-5,-5,-5,-2,-5
7089,13,-4,2,2,-2,-3,1,2,5625,4439,5052,5844,6592,6888,6984,6792,15000,17600,16300,17730,16000,16570,18200,-2,-2,2500,-2,7300,7400,6500,8644,7528,6000,13000,18000
7090,10,-1,2,1,-1,-3,25,24,25361,4380,6650,6750,8000,8787,-2,-2,-2,-2,-2,3720,-5,-5,-5,-5,-5,-5,-5,-5,-5,-5,-5,-5,-5,-5,-5
7091,10,12000,2,1,12000,-3,76,65,51750,-3,14680,-1,-2,27720,-2,-2,-2,-2,-2,-2,-2,12000,-5,-5,-5,-5,-5,-5,-5,-5,-5,-5,-5,-5,-5
7092,13,-2,2,2,-2,-3,74,72,82060,-3,-2,29000,4816,9400,-2,15000,-2,-2,-2,11848,7878,12000,25000,26000,30000,6160,21000,9865,32000,31000,15480,4600,22800,8734,22328
7093,10,-2,2,1,-2,-3,49,55,69579,12000,15000,10000,18000,18000,19000,32060,10720,28485,-3,1130,9112,25592,-2,13308,13120,12144,-5,7320,0,9180,8088,10680,10416,22784,-5
7094,13,-2,2,2,-2,3800,3,6,2252,-3,-2,26000,-2,-2,-2,6404,7824,25844,-2,8640,21308,16064,8778,-2,16196,-2,17008,-2,4920,-2,5476,47924,-2,20376,-3
7095,13,-2,2,2,-2,25012,16,11,6832,55000,28000,24000,-2,-2,-2,28000,-2,-2,-2,-2,1332,-2,-2,-2,3500,5000,-2,5600,13000,11898,14000,19000,26500,26000,9000
7096,13,-2,2,2,-2,40000,55,48,40828,30000,9068,14000,8076,9812,17700,39610,42500,31500,54500,32600,43700,46000,21000,23000,27000,35000,37000,26000,47400,-2,-2,-2,-2,20160,23647
7097,13,-4,2,2,118,-3,25,18,13039,9000,6916,7337,18245,9127,2465,6519,18905,18000,-2,19500,-2,-2,23000,-2,14000,14000,20000,20000,30000,0,24348,19248,-2,-2,-3
7098,12,-4,3,2,800,4716,1,1,6760,4788,12064,9640,14500,8,18000,-2,-2,11000,-2,-5,-5,-5,-5,-5,-5,-5,-5,-5,-5,-5,-5,-5,-5,-5,-5
7099,10,38000,2,1,38000,55000,74,78,63990,75001,5983,39200,24544,28150,31100,-3,70300,70400,84050,91020,93100,98100,189918,109300,138100,156500,178500,220000,238000,262500,440692,497763,294000,276000,340400
7100,10,38000,2,1,38000,44000,48,44,46716,75001,53000,60000,50000,55000,65000,71100,50000,54800,72958,97000,-2,78264,-2,55288,-5,-5,-5,-5,-5,-5,-5,-5,-5,-5,-5
7101,10,-4,2,1,14900,16100,-4,-4,-4,6600,40000,16300,22000,29000,35800,-2,43000,51200,54000,53000,58000,58000,60000,24148,28000,56600,98220,102500,87000,60000,61000,60500,57000,100000,81876
7102,13,30000,2,2,30000,22000,62,57,51795,3500,10000,-2,2000,6350,5936,-2,-2,-2,8322,10350,-2,18500,-2,25050,27000,32300,37600,56000,47750,52500,59826,52500,54000,-2,84000
7103,10,42000,2,1,42000,50000,38,46,43654,5500,3000,25100,-5,-5,-5,-5,-1,-2,-2,-1,-2,-1,-1,-2,-1,-1,-2,-1,93305,-1,-1,-1,140000,125000,100000
7104,10,4000,2,1,4000,50000,25,31,39625,55000,57000,-2,70000,100001,100001,73500,73500,71000,95000,24700,839078,160097,68000,76000,83000,160000,390662,186060,231000,245000,440692,497763,240000,285000,280000
7105,13,34000,2,2,34000,25000,38,35,26302,39956,45000,48237,51354,58500,50000,17000,23000,24000,25320,27516,31000,32000,32000,35002,38010,-5,-5,-5,-5,-5,-5,-5,-5,-5,-5
7106,13,34000,2,2,34000,30000,37,45,62363,39956,45000,-2,12300,58500,7000,7100,-5,20900,23150,26000,24000,27500,35000,75000,88900,84000,75805,75000,87000,115000,128000,-5,188800,-5,225000
7107,13,3000,2,2,3000,20000,76,88,89254,35000,53000,2805,40000,-2,80000,-2,69001,29010,18439,16343,21106,20015,24002,25010,28212,35012,46500,61330,58010,62500,59000,86100,90000,90000,106000
7108,9,-4,3,1,4756,7200,53,63,45973,12000,6025,8500,16000,-5,15850,17250,19500,21000,20000,-5,-5,-5,-5,-5,-5,-5,-5,-5,-5,-5,-5,-5,-5,-5,-5
7109,9,5995,3,1,5995,7000,39,34,36594,27000,5500,14000,2330,8850,16130,-5,-5,-5,-5,-5,-5,-5,-5,-5,-5,-5,-5,-5,-5,-5,-5,-5,-5,-5,-5
7110,9,5995,3,1,5995,7000,22,25,30192,27000,5500,14000,6000,-2,52000,4480,40200,21266,7112,-5,-5,-5,-5,-5,-5,-5,-5,-5,-5,-5,-5,-5,-5,-5,-5
7111,12,-3,3,2,-3,5578,25,27,42010,4572,-2,15100,40784,-2,8000,7194,6336,10398,7927,-5,-5,-5,-5,-5,-5,-5,-5,-5,-5,-5,-5,-5,-5,-5,-5
7112,9,3290,3,1,3290,5700,26,23,30648,6720,5000,8040,8824,-2,10300,8909,-2,28000,-2,-5,-5,-5,-5,-5,-5,-5,-5,-5,-5,-5,-5,-5,-5,-5,-5
7113,10,3800,2,1,3800,5000,8,13,15933,5716,1300,-2,4339,-2,-2,-2,4000,-5,-3,-5,800,0,1100,23332,14820,8000,13440,0,14000,3300,-2,3400,2480,46000,7911
7114,10,6500,2,1,6500,7700,69,77,90958,6000,11000,3016,15512,11000,7239,10000,10000,-5,26410,13600,22815,15000,23100,22500,-2,-2,24500,22477,24649,-2,-2,-2,-2,25328,-3
7115,13,6500,2,2,6500,7700,40,50,59362,-3,11000,15930,18628,18724,18000,5012,15740,34302,10000,5789,7212,12490,8460,35760,17500,25888,24800,19000,22450,47000,-2,-2,26000,93000,78000
7116,13,-4,2,2,10004,16520,75,71,55695,6320,7764,8612,12036,11000,31918,39000,35030,35000,36070,37000,37560,30000,36000,36300,50600,50200,52000,70000,75000,75000,90000,80000,105480,48384,54000
7117,10,17000,2,1,17000,140,-4,-4,-5,-5,-5,-5,-5,-5,-5,-5,-5,-5,-5,-5,-5,-5,-5,-5,-5,-5,-5,-5,-5,-5,-5,-5,-5,-5,-5
7118,13,17000,2,2,17000,10000,20,18,21046,21000,20000,2700,-2,4000,3789,8270,8273,-5,-5,-5,-5,-5,-5,5560,-5,-5,-5,16900,-5,-1,-1,30000,45000,-5,-3
7119,10,50000,2,1,50000,50000,91,90,97474,58000,65000,75001,75001,90000,90000,68000,96200,-2,41000,-2,839078,63100,46000,-1,105000,165000,222000,55200,95100,181170,-2,-2,-2,-2,-5
7120,13,-4,2,2,-3,28000,37,39,43896,4000,10800,11200,10401,11000,14300,16000,16000,25000,20000,17000,14000,21000,19000,30000,32000,45000,42000,47400,46000,54300,-5,-5,75000,60000,70000
7121,10,50000,2,1,50000,60000,26,29,24178,50000,75000,73300,2750,12600,-2,17000,18000,20000,16000,28000,98000,80000,189918,100000,135000,0,120000,118000,138000,165000,190000,199000,210000,250000,215000
7122,10,4750,2,1,4750,13000,14,15,10077,-3,10331,1335,5600,3000,10000,15300,3800,6447,9000,9654,25000,-2,4000,17000,15000,-2,-2,-2,-2,-1,13000,-5,-5,-5,-5
7123,13,4750,2,2,4750,5380,17,18,14979,9500,10331,3000,11000,10250,11000,-5,6604,16440,15776,17040,16768,10852,13984,19181,17500,18532,22500,28960,35200,36500,31500,23530,28800,64500,38400
7124,13,-4,2,2,2952,4121,12,9,4015,18472,35736,46944,42600,41812,51100,49000,-2,59000,59300,60000,64126,71758,77005,-2,75000,68000,109000,110000,118000,44000,64000,58400,60000,74700,307200
7125,10,-4,2,1,6365,20500,43,36,34772,11542,28348,33000,25456,5061,13000,21600,24350,14500,32200,13000,14200,17000,-2,17500,22000,22000,-2,41200,35000,49236,50196,60268,42000,-2,-3
7126,13,-4,2,2,-2,3612,11,14,11095,18500,28348,5380,8052,8244,8098,7355,21481,26428,-2,13416,-2,-2,17437,18500,17640,18380,42000,33000,42000,45000,47000,52000,77000,-2,85000
7127,13,27000,2,2,27000,20000,3,5,3685,895,4068,6167,6372,5784,8397,10452,8004,14376,8660,11604,-2,-2,13354,9095,10458,12564,18700,-2,25000,19900,2948,31994,22904,13000,0
7128,13,27000,2,2,27000,20000,21,21,21982,5064,4548,6720,24964,28328,6114,5916,8232,6144,12172,8598,13128,13000,-2,16000,19370,-2,-2,59216,45000,60000,67000,65000,65000,67000,90000
7129,10,27000,2,1,27000,20000,19,19,22749,22000,4025,14000,-2,12435,9650,17700,21200,35000,39000,48000,55000,52000,-1,54950,60000,74000,-5,-5,-5,-5,-5,-5,-5,-5,-5
7130,13,-3,2,2,-3,-3,18,15,17405,7159,7243,7788,8316,5148,6260,5568,5508,6540,7200,4025,7428,7694,9348,13436,7608,8196,-2,10186,28000,24300,22000,5160,34000,33000,32000
7131,10,18500,2,1,18500,22000,38,46,41601,21532,16000,20871,21000,15000,24000,10620,11000,35000,-2,39110,-2,-2,-2,-2,-2,41000,58000,57000,66640,55000,-5,52000,-1,-1,-3
7132,10,3960,2,1,3960,5460,1,5,8089,9521,5736,10260,2822,7860,7992,4080,-2,4965,4680,0,0,-2,-2,-2,6000,6500,-2,13584,0,0,4800,11432,24012,9828,24968
7133,10,13000,2,1,13000,28000,22,23,29178,25000,800,21774,14000,4200,6700,13500,-2,-2,19500,10000,-5,13800,-5,12000,-5,-5,19000,18000,21000,23000,8576,15000,15000,17970,17500
7134,10,12700,2,1,12700,10000,2,2,3095,-3,10000,9000,16723,4764,8000,12000,12000,11040,4540,25000,38000,-2,-2,-2,-2,-2,-5,-5,0,0,0,-5,12000,16000,23000
7135,10,12700,2,1,12700,10000,10,10,7790,9296,116,4230,540,4998,3200,3400,2640,4416,4632,0,0,7044,6342,5928,5808,6000,6768,2340,7044,7704,8244,8688,8568,-2,-3
7136,10,24000,2,1,24000,13000,39,47,58299,20000,24000,22817,12600,20000,16000,17208,7000,34340,40500,36100,49000,45914,44574,14969,13500,0,8000,8000,5000,70000,36150,24200,18552,9576,11049
7137,13,24000,2,2,24000,13000,24,21,25292,-3,24000,22817,1200,22000,1200,6000,7000,7000,6000,8000,8000,2220,14820,11640,13088,17920,20752,21510,16000,17450,26408,19288,-5,-5,-5
7138,13,-4,2,2,2964,4392,12,7,3457,5631,4872,5076,5316,-1,28630,-5,19000,-2,-2,-2,-1,-2,-2,13000,-1,35000,-2,-2,-2,-1,-2,-1,-1,9000,-3
7139,13,-4,2,2,-3,48,2,5,9557,2202,8534,11518,3420,5584,7824,8388,-2,-2,12516,4092,1902,3840,103,1288,9296,7828,-2,5536,7476,-2,32964,19104,-2,9120,10300
7140,10,-4,2,1,640,1000,10,9,6823,-3,1970,3500,1400,9528,10904,11056,1788,2712,2604,7500,-2,12768,25616,25572,23900,18000,0,28960,9060,48824,47860,16104,15312,20121,-3
7141,10,14000,2,1,14000,7000,4,4,4018,1000,2280,700,7284,10162,10000,4320,2000,30000,0,12204,18900,-2,0,0,-5,0,18000,13000,12000,11000,15000,0,20760,45600,43760
7142,10,14000,2,1,14000,24600,6,13,13978,30000,-3,-2,2818,2827,-2,1188,4152,4614,-2,-2,6500,-2,-2,300,-2,-2,56376,1500,17040,16080,26760,0,8928,1272,9012
7143,10,17000,2,1,17000,20000,77,77,77973,23000,-3,-2,28000,8912,17750,35500,42300,47460,53800,52075,61150,67250,72700,-2,87130,95400,62609,70205,75500,83100,229100,-2,-2,164560,200500
7144,14,20000,1,2,20000,15000,39,57,59727,-3,13482,-2,-2,-2,1500,-2,-2,11064,6079,7200,11365,10100,18000,14400,5000,-5,12000,5000,13000,7000,13000,55000,49000,50000,52000
7145,11,20000,1,1,20000,15000,42,43,54835,20000,-2,-2,-2,45000,6600,36800,12002,12366,14505,19000,22000,-2,53000,58000,-1,74000,-5,-1,64000,64000,64000,-2,-1,-5,-5
7146,13,25000,2,2,25000,25000,30,34,39289,40000,30500,-2,-2,-2,7173,4004,7500,14800,23000,37000,32000,30100,5910,15000,19000,-2,26460,25700,29000,41907,20000,19000,18000,22000,28000
7147,13,8220,2,2,8220,11000,35,29,39482,12000,15000,13000,-2,12000,-2,29050,-2,-2,-2,-2,31000,26439,33700,30020,-1,-1,-1,-1,-1,-1,-1,-1,-1,33000,46720
7148,13,5000,2,2,5000,4000,49,62,56327,8000,17000,-2,10000,10000,13000,46240,14000,16000,146942,19200,30000,31000,26600,28000,39440,42000,46000,45960,46000,54000,45000,40748,48000,45000,52000
7149,10,2500,2,1,2500,3000,18,19,12002,3000,-2,-2,10000,10000,-2,5104,-2,-2,-2,6000,9986,-2,-2,-2,-2,20000,15000,5000,22000,24000,13000,25040,44000,45000,0
7150,10,1900,2,1,1900,15000,54,73,67269,9500,12159,14800,15200,18300,19200,21003,47200,55900,-2,61000,-2,63100,-2,40400,-2,57800,72000,71000,83000,60000,65000,64800,70000,66800,73000
7151,10,-1,2,1,-1,-3,10,9,9545,12000,17150,20000,24500,25271,25000,-5,48000,7620,57000,56000,25800,25000,-2,32000,-2,90000,83200,39000,-1,137000,-2,-1,75000,-5,-3
7152,13,-4,2,2,-3,4432,16,19,26154,7532,7200,8000,8089,12613,11000,19465,28462,52152,46072,52200,53830,59950,62200,122400,55308,42814,21354,72048,58604,73538,-2,107092,58200,77182,64572
7153,13,-2,2,2,-2,-3,13,13,10911,-3,-1,-1,-2,-2,6050,18200,17200,10200,16000,19000,18200,1298,12000,20568,-2,28000,35000,28782,36000,26616,55000,35000,35000,-2,65000
7154,10,-1,2,1,-1,-3,12,15,21624,-3,-1,-3,5120,-2,-2,-2,-2,-2,-2,159805,35000,32000,-2,60000,58000,100000,-2,75000,42000,104000,-1,40000,65000,68000,94000
7155,10,-4,2,1,5775,8260,83,65,70352,10000,-2,16600,11043,12009,15000,20600,23332,46762,28074,36260,35000,45044,42174,40842,-2,55000,59200,79558,71080,54000,53000,25200,27000,84837,89800
7156,13,10389,2,2,10389,15000,28,32,49665,15885,14600,-2,16000,3014,6040,6258,6656,7004,8496,8648,11520,12868,14254,19512,-2,32500,19000,19000,19500,28000,45000,39000,-5,-5,-5
7157,13,-4,2,2,-3,3792,6,8,8769,3792,3924,2592,2592,2724,5141,8472,9000,10200,13188,11296,2600,12159,-5,-5,-5,-5,-5,-5,-5,-5,-5,-2,24000,22000,-3
7158,13,5000,2,2,5000,6000,4,3,4744,3400,4260,3649,5400,4932,3708,16290,7400,7880,5700,3300,-2,-2,-2,9216,6048,8576,5200,7952,6888,15800,3023,2900,13152,10968,10189
7159,13,-1,2,2,-1,-5,-4,-4,-5,-5,-5,-1,-1,-2,-2,-2,-2,-2,53200,68400,75700,-2,-2,8600,-2,-5,-5,-5,-5,-5,-5,-5,-5,-5,-5
7160,13,-1,2,2,-1,-5,-4,-4,-5,-5,-5,-1,-1,-2,-2,-2,-2,-2,-2,-2,-2,-2,-2,34500,17500,16500,-2,-2,28000,25000,30430,35000,40720,40000,42000
7161,10,-2,2,1,-2,-3,6,7,5404,-3,-2,17008,-5,-5,-5,-5,-5,4000,49500,15000,4000,13000,6000,22000,10000,7027,65000,-2,-5,42000,13144,17400,31500,25200,-3
7162,10,16000,2,1,16000,17000,35,29,27504,13500,-2,-2,-2,16400,-2,-2,-2,-2,25015,-2,20000,23000,-2,-2,-2,-2,-2,-2,41000,454737,30000,33600,-2,0,38124
7163,13,-2,2,2,-2,8900,34,25,21663,10900,-2,14000,7334,7392,6012,5652,-2,6048,7680,6900,10404,32464,33616,33732,42000,55000,44000,72600,49000,54000,51000,48000,46976,-2,-3
7164,10,35000,2,1,35000,-3,43,38,26056,25000,-2,55000,-2,-2,-2,73000,-2,-2,6000,-2,-2,-2,-2,-2,-2,648,0,0,0,0,0,50000,30000,0,-3
7165,10,-1,2,1,-1,-3,19,17,23361,-3,-1,-2,-2,-2,-2,-2,15000,-2,-1,-2,-2,-2,-2,-2,-2,-1,-1,-1,-1,-1,-1,-2,-1,-1,80000
7166,13,15000,2,2,15000,12000,49,56,71783,14000,-3,20000,25000,-2,4415,41500,38333,-2,44724,54440,839078,-2,-2,79120,118000,118186,122200,120000,69935,137000,132000,497763,134970,129000,766958
7167,12,-4,3,2,4524,4000,7,10,4265,-3,100,5574,10385,11500,7500,-2,7800,9146,5200,-5,-5,-5,-5,-5,-5,-5,-5,-5,-5,-5,-5,-5,-5,-5,-5
7168,9,-4,3,1,5860,35000,99,97,94999,-3,10550,6945,5650,9500,11518,14200,20000,24310,9260,-5,-5,-5,-5,-5,-5,-5,-5,-5,-5,-5,-5,-5,-5,-5,-5
7169,12,-4,3,2,-3,4608,8,12,9312,5577,12000,15000,15492,6720,9372,10848,8088,9508,10116,-5,-5,-5,-5,-5,-5,-5,-5,-5,-5,-5,-5,-5,-5,-5,-5
7170,13,8500,2,2,8500,10992,10,7,5687,2000,5748,14394,17165,12000,25023,-2,-2,-2,-2,-2,300,900,0,-2,10940,3200,400,0,0,-2,-2,8376,10276,8720,0
7171,13,8500,2,2,8500,10992,3,3,2975,0,75001,14394,17165,12000,25023,-2,-2,-2,-2,-2,-2,-2,-2,-2,-2,-2,12300,25432,0,7476,8288,8364,8433,17158,-3
7172,13,11000,2,2,11000,-3,13,11,15179,-3,10500,14394,17165,12000,25023,-2,-2,2688,5492,-2,-2,-2,-2,-2,-2,-2,10000,-2,21500,-2,23912,20826,11052,11052,28340
7173,10,11000,2,1,11000,10992,16,13,12020,2000,10500,14394,17165,5304,25000,3000,-2,-2,3000,0,3000,-2,5000,8500,-1,10944,6480,7020,9744,8868,10440,28472,21176,83536,30920
7174,13,5903,2,2,5903,6780,2,2,990,8100,7200,9000,-2,3300,11000,12800,4000,2100,7200,3200,13500,12500,36000,-2,-5,40000,-5,-5,-5,-5,-5,-5,-5,-5,39000
7175,13,16000,2,2,16000,14000,28,27,28220,28000,-2,-2,-1,-2,34000,-2,-2,-2,45500,-2,-2,9740,33000,38850,42000,41000,44000,46000,56000,54000,54000,49000,66000,32000,41600
7176,10,3728,2,1,3728,4620,-4,-4,-4,-3,4000,3800,6200,11660,9400,8316,4488,4560,7692,3744,-2,5180,2180,9324,5688,6144,6996,6768,8568,8196,8040,8040,-5,-5,-5
7177,13,-2,2,2,-2,6000,35,33,37318,7100,8500,11000,11000,17156,-2,16700,15000,16000,-2,159805,22000,21000,28268,22000,26000,27000,31601,29500,36000,34000,-5,-5,-5,-5,-5
7178,13,5784,2,2,5784,7000,1,2,3080,3840,7850,5952,-2,-2,5500,3530,-2,7864,4844,14280,1332,4832,3108,1380,1464,1488,-2,2000,7940,3944,2400,7620,7452,9048,0
7179,13,5784,2,2,5784,-3,2,1,3122,6200,14000,6740,5835,-2,8435,18702,12500,16300,17000,15000,19480,21900,16477,-2,30700,4800,10000,15600,6000,6923,5270,2000,60,2898,2451
7180,13,6500,2,2,6500,10000,2,3,760,-3,-2,-2,13000,-5,18200,17656,-5,-5,18000,0,7584,8400,0,700,-1,-2,28000,13000,36000,13000,29000,32000,49000,19000,-3
7181,13,6000,2,2,6000,10000,16,12,8709,-3,3660,6050,5556,6277,6178,4692,4944,5136,11450,9540,14914,13000,17928,21666,-2,15000,18000,22000,23000,32000,32000,62000,19200,40200,20000
7182,10,6000,2,1,6000,10000,7,6,7448,12500,8500,-2,-2,8500,17000,-2,15000,13000,-2,-2,18040,20844,18720,-2,-2,-2,-1,-1,80000,25000,0,-2,-2,-2,2400
7183,13,10000,2,2,10000,-3,19,18,25157,18000,16500,14000,9742,7810,14300,3828,-2,10200,8240,8628,3708,9140,10708,10660,9216,17000,21000,35700,24525,27000,25000,25000,28000,28150,28000
7184,13,10000,2,2,10000,12000,2,1,172,16600,16500,14000,6645,6268,6802,2032,6216,8292,8228,7920,9296,10100,10355,10556,14646,21200,15600,26899,26600,25376,23000,23000,25965,31200,32000
7185,10,20000,2,1,20000,22000,73,84,82205,24000,26000,22000,17300,-2,-2,42050,32200,40100,39000,41000,50000,52000,-2,56000,-2,90000,90000,123000,138500,141000,150000,190000,176200,200500,-3
7186,13,20000,2,2,20000,22000,1,3,1738,24000,26000,-1,-1,-2,-2,-2,-2,-2,-2,-2,-2,-2,-2,-2,11904,12000,15900,12000,10788,3264,-2,18120,31824,3624,0
7187,10,16000,2,1,16000,18000,18,11,14143,18000,18000,-2,860,1818,-2,15094,-2,-2,-2,-2,-2,-2,424,15000,3600,-2,7000,11000,17764,3962,0,8820,10500,18000,9000
7188,10,16000,2,1,16000,18000,10,8,14984,-3,-2,-2,-2,-3,-2,-2,0,-5,-2,6840,24856,16405,-2,12000,13000,31196,19000,26000,12000,40000,49100,28256,0,0,27000
7189,13,7000,2,2,7000,15000,10,10,5977,-3,14000,-2,1986,3624,-2,4356,4464,-3,6456,8148,7668,7596,7140,7608,9732,4922,8000,14028,19000,4332,0,2400,2840,-2,-3
7190,10,7000,2,1,7000,15000,71,73,68639,4868,14000,5268,9720,12162,2380,15000,-2,-2,5133,10500,17000,-1,19500,-2,34000,-2,50000,84570,60000,-1,65872,60000,66000,34000,95000
7191,10,7000,2,1,7000,15000,11,15,23512,4868,14000,-1,-2,-2,-2,7110,-2,4416,5432,204,900,8656,5204,5460,5760,-2,-2,6400,-5,-2,8088,5600,-2,21300,-3
7192,13,-4,2,2,3704,15721,8,10,12168,-3,5808,13865,-2,-3,12836,9720,11144,12460,16324,7537,31212,20097,29585,12000,16000,36000,18000,32000,-2,45000,20000,2400,9672,10365,11244
7193,9,-4,3,1,2300,29000,70,58,50633,28000,35000,37800,33500,40000,32500,38500,-2,33900,34225,-5,-5,-5,-5,-5,-5,-5,-5,-5,-5,-5,-5,-5,-5,-5,-5
7194,13,12000,2,2,12000,8000,-4,-4,-4,19000,-2,-2,20000,-2,3000,5412,6336,7226,7699,19580,20000,-1,-1,31000,33000,-2,45000,49400,62000,61000,65000,70000,78000,94515,195000
7195,10,12000,2,1,12000,8000,-4,-4,-4,19000,25000,-2,20000,-2,-2,-2,48000,13000,16000,-5,-5,-5,-5,-5,-5,-5,-5,-5,-5,-5,-5,-5,-5,-5,-5
7196,10,12000,2,1,12000,7000,26,19,29379,10000,-2,15700,15962,13136,19000,20060,20000,23000,-2,18280,-2,-2,-2,-1,6000,27000,24340,43000,44000,28000,-2,36000,72001,71000,-3
7197,13,-2,2,2,-2,7000,1,1,866,3000,5480,5556,5592,6156,-2,-2,-2,-2,-2,-2,-2,-2,15438,-2,0,-5,-2,-2,72752,28000,19650,6355,8892,8836,9000
7198,13,9444,2,2,9444,7000,30,24,27809,-3,-2,-2,-2,-2,24000,48000,-2,-2,43000,-2,44000,47000,46928,-2,49000,56000,62500,67000,74000,95000,-2,61050,57000,41680,86500
7199,13,30000,2,2,30000,15000,17,16,10023,42000,52000,40000,48000,30000,24959,19300,52522,-2,31600,-2,-2,32040,-2,41976,20000,-5,39000,36000,54000,54000,55000,32000,22364,58692,151000
7200,10,15000,2,1,15000,20000,14,13,9270,17620,-2,-2,29000,-2,20000,-5,-5,-2,-5,-5,20000,-5,-5,-1,-2,-2,-5,-5,45000,-1,37000,-2,42000,4000,53000
7201,13,15000,2,2,15000,20000,83,92,94132,20001,-3,28000,20000,3625,1860,7500,9000,25200,26700,23150,25100,32025,30030,98200,12500,75500,26500,87000,138000,135300,127500,161000,115000,146000,145000
7202,12,21500,3,2,21500,-3,57,65,57604,24000,-3,-2,-5,-1,-5,-5,-5,-1,-1,-5,-5,-5,-5,-5,-5,-5,-5,-5,-5,-5,-5,-5,-5,-5,-5
7203,9,21500,3,1,21500,-3,46,55,46373,3700,60000,-2,-2,-1,-2,-5,27000,27500,32000,-5,-5,-5,-5,-5,-5,-5,-5,-5,-5,-5,-5,-5,-5,-5,-5
7204,9,21500,3,1,21500,-3,38,36,26425,24000,-2,-2,-2,-2,45000,49300,63000,65500,65500,-5,-5,-5,-5,-5,-5,-5,-5,-5,-5,-5,-5,-5,-5,-5,-5
7205,9,21500,3,1,21500,18000,66,66,70199,24000,60000,-2,-2,-5,-5,-5,-2,-5,48324,-5,-5,-5,-5,-5,-5,-5,-5,-5,-5,-5,-5,-5,-5,-5,-5
7206,12,21500,3,2,21500,-3,23,25,25904,24000,-3,-2,-2,-1,-2,-2,-2,-5,15000,-5,-5,-5,-5,-5,-5,-5,-5,-5,-5,-5,-5,-5,-5,-5,-5
7207,14,-4,1,2,-3,11480,13,8,8974,10500,28700,19712,3936,19499,-2,36340,49000,52000,40020,37075,48000,56000,52000,52000,57000,-5,-5,208000,114000,28400,-2,7432,22000,30000,32000
7208,11,-4,1,1,-3,19000,4,2,4859,10917,7804,5256,2000,7000,8500,29400,8000,11000,10112,15000,16000,34000,22200,31836,43000,-5,45000,44000,49000,50000,46000,-5,46000,46000,50621
7209,14,-4,1,2,-3,-3,1,2,3915,10917,7804,5940,-2,6833,8500,29400,-2,11000,2367,15000,0,-2,24200,29560,44000,0,45000,43000,46000,67000,42000,-2,48800,47000,-3
7210,11,-2,1,1,-2,8000,13,12,12569,7080,-2,8000,11900,14500,16100,26000,-2,19000,19000,21031,26000,31000,31030,39000,40000,42000,50000,52070,54000,60000,60000,54000,53000,56000,56000
7211,13,8000,2,2,8000,13000,27,25,35765,20000,12000,13500,16000,30000,35000,39920,12112,17000,62050,92388,30856,23000,-1,23000,36000,-2,25732,140000,74000,86000,89000,80000,65000,55000,267000
7212,13,2000,2,2,2000,2000,30,28,26645,2000,-2,-2,2000,-2,4000,6000,4600,40000,40640,35000,-2,-2,47400,-2,-2,62400,57500,60000,56000,20500,-2,86700,87600,87600,85000
7213,11,6000,1,1,6000,-5,15,19,10218,4800,16000,6000,11800,16000,21000,-2,-5,20000,24000,-2,-5,27000,28000,-5,52500,-5,-5,-5,-5,-5,-5,59000,80000,-5,-5
7214,14,9000,1,2,9000,30000,30,26,37784,16000,12000,17000,23500,16500,-5,17500,19000,20000,25500,25025,27000,32000,34000,35000,36000,-2,0,-2,60000,152000,-1,232000,236500,210000,63000
7215,13,9060,2,2,9060,8000,26,45,43488,-3,4000,5000,13400,20000,15193,20000,32000,35000,38000,47000,-2,51000,40000,48500,58500,61000,62300,73000,73000,78300,105000,107150,89851,111000,119000
7216,13,-2,2,2,-2,2856,2,2,1413,-3,6290,-2,10936,6916,-2,4480,4884,4610,7180,3600,10000,9000,18000,8500,13000,38000,78000,81000,-2,-1,-1,0,-2,-2,23200
7217,13,-4,2,2,-2,4512,3,4,7455,0,4920,7548,8028,8220,9528,9288,-2,-2,13476,9244,9842,14628,14796,13692,15396,6144,-2,6768,6912,7476,0,8376,11630,-2,-3
7218,10,8000,2,1,8000,-3,12,12,8499,11412,-2,18528,18000,25056,24528,12080,14700,22000,39000,38000,24000,42000,55500,45400,44000,35000,34000,93000,105000,93000,51936,81000,74000,122000,94000
7219,10,8000,2,1,8000,-3,6,4,3084,9000,12000,15000,16000,-2,13000,15000,3144,7566,-2,-2,-2,-3,-3,-2,22000,32000,25000,-2,68500,66050,65000,-2,55000,52000,73000
7220,13,-3,2,2,-3,-3,2,4,1557,5000,8000,-3,3744,7344,9516,8741,8880,5000,8856,9816,12360,-3,-3,-5,-2,7200,-2,0,36000,11000,35800,42000,26000,2500,22793
7221,10,5000,2,1,5000,6000,9,9,12586,7000,8000,8500,-2,-2,45000,1848,-2,-2,-2,-2,-2,-2,-2,4000,1192,12000,30000,16000,0,13000,-2,12000,-2,-2,22000
7222,10,5000,2,1,5000,5000,5,4,4976,7000,8000,8500,-2,-2,45000,9000,-2,25000,-2,12000,-2,-2,15000,13000,10540,24000,25000,34000,55000,53000,29500,0,-5,-5,-5
7223,10,5000,2,1,5000,5000,6,7,6670,7000,8000,-2,-2,-2,45000,-2,4800,15766,39026,-5,-5,-5,-5,-5,-5,-5,-5,-5,-5,-5,-5,-5,-5,-5,-5
7224,13,5000,2,2,5000,5000,17,18,27203,7000,8000,8500,15000,-2,45000,-2,15076,19416,23600,-2,-2,23045,5652,21000,21000,24000,26000,40036,29000,29000,32000,-5,-5,-5,-5
7225,10,7000,2,1,7000,-3,10,8,3189,24000,25500,24000,21000,4000,45000,13388,-2,-2,20612,12500,16470,18617,-2,675,0,8400,9216,9216,360,9600,-2,-2,-2,-2,-3
7226,13,7000,2,2,7000,-3,11,6,15291,9400,14000,-2,20000,4690,4764,7764,6624,6756,7092,7380,7320,7632,12108,-2,7200,29640,12400,-2,29059,-2,-2,-2,9840,11088,36566
7227,10,7000,2,1,7000,-3,32,29,35420,-3,-2,6000,20000,15000,-2,1175,15369,-2,19878,18000,-2,-3,-5,0,-5,-5,-5,-5,-5,-5,-5,-5,-5,-5,-5
7228,13,17000,2,2,17000,23000,19,19,29876,23000,25000,-1,20000,-2,-2,1944,3922,6420,6108,2280,9840,-2,9823,13824,12432,55000,53000,57000,68000,87000,97000,98000,91000,102000,106000
7229,10,10000,2,1,10000,60000,30,25,20473,30000,30000,8910,18000,-2,-5,-2,44000,47500,52000,60100,59000,58000,61000,-1,-1,-1,-1,-1,-1,-1,-1,-1,-1,-1,-3
7230,10,25000,2,1,25000,-3,38,51,41920,15000,20000,16000,35911,8049,11020,10750,11000,19000,16400,21200,15835,15130,14000,16000,20300,-5,-5,-5,-5,-5,-5,-5,-5,-5,-5
7231,13,25000,2,2,25000,26000,30,29,34426,25000,30000,10000,18000,-2,-5,-2,34300,-2,46800,45000,-2,-2,17000,15000,25760,29656,-2,37000,55500,79604,-2,47000,45000,-5,-5
7232,13,17000,2,2,17000,13000,12,13,14322,-5,2100,400,-1,4536,15000,-2,4896,4908,10910,5028,5600,-2,-2,-2,6106,14400,29000,24000,29000,25408,22000,18024,20402,12000,9000
7233,12,-2,3,2,-2,26000,-4,-4,-5,-5,-5,-5,54100,55000,64100,65000,-2,84000,87000,-5,-5,-5,-5,-5,-5,-5,-5,-5,-5,-5,-5,-5,-5,-5,-5
7234,11,22000,1,1,22000,-3,28,21,27482,-3,-1,-5,-5,-2,32000,43000,16000,-5,-5,-5,-5,-5,-5,-5,-5,-5,-5,-5,-5,-5,-5,-5,-5,-5,-5
7235,14,20000,1,2,20000,-3,10,5,8601,-3,34000,20000,40000,38000,-2,16000,15000,17000,-2,0,20000,20000,20000,-2,20000,-5,-5,33000,22000,34000,33000,37000,32000,33000,37000
7236,14,20000,1,2,20000,19000,38,27,35882,300,32000,24000,31000,42000,60000,57500,27500,56000,-5,-5,16500,15000,61000,53500,51115,49500,64000,64000,103000,110000,18108,250000,-5,77000,85000
7237,14,20000,1,2,20000,25000,10,13,19961,35000,18000,15000,-5,16600,-2,44000,46600,63680,64800,-5,-5,-5,-5,-5,-5,-5,-5,-5,-5,-5,-5,-5,-5,-5,-5
7238,11,-4,1,1,35000,-3,1,1,396,-3,23000,-2,17510,23000,20000,-2,35200,36000,-2,-2,-2,-2,19000,-5,-5,-5,-5,-5,-5,-5,-5,-5,-5,-5,-5
7239,11,-4,1,1,-3,9000,1,1,419,10000,15000,14000,13400,-5,6560,6040,6000,10000,-5,-2,-5,-5,-5,-5,-5,-5,-5,-5,-5,-5,-5,-5,-5,-5,-5
7240,11,20000,1,1,20000,23000,56,61,58110,29000,33788,40000,43000,15000,82000,-2,22500,54800,38015,21020,48150,55050,60893,48500,60000,55000,70500,70000,80100,118000,133000,143000,160000,173000,156000
7241,14,20000,1,2,20000,23000,22,21,21489,29000,33788,40000,43000,15000,80200,-2,21000,58025,67699,73200,100000,68015,66140,58500,107000,61400,-5,72000,131362,147000,145805,144000,42000,135600,-3
7242,11,7000,1,1,7000,-5,3,1,0,-5,-5,-5,-5,-5,-5,-5,-5,-5,-5,-5,-5,-5,-5,-5,-5,-5,-5,-5,-5,-5,-5,-5,-5,-5,-5
7243,11,-2,1,1,-2,5100,22,25,31936,-3,20000,1820,5452,3275,11252,7428,33400,11000,22100,27000,36000,38000,32736,38000,40000,-5,-5,-5,-5,-5,-5,-5,-5,-5,-5
7244,14,-2,1,2,-2,5100,13,9,11852,600,3744,-2,-2,7807,99998,14000,7586,7730,8316,9192,10630,15544,9528,9600,800,2000,-5,2400,0,10000,4509,-2,0,5462,-3
7245,14,7600,1,2,7600,10000,13,14,10536,-3,-1,11908,2911,-1,-5,-5,-5,12502,-2,22560,-1,31140,5768,43000,48000,61000,64580,-2,76000,85900,107000,112000,66000,18348,65404
7246,14,7600,1,2,7600,10000,20,13,11708,-3,-5,23000,23953,-2,26000,13150,19300,18550,24600,27100,52600,45000,49600,61900,-5,-5,-5,-5,37000,235000,45400,18000,20040,116400,40200
7247,14,9000,1,2,9000,-3,11,8,7962,-5,-5,-5,-5,-5,-5,-5,-2,-3,-5,23840,9824,4000,12001,1560,21900,19000,4802,43632,7824,9100,10884,-2,11568,-1,-3
7248,10,46000,2,1,46000,40000,58,50,53319,-3,50000,-2,31000,40000,-2,36000,39000,38900,65400,68000,68000,90000,82900,92300,106000,88000,155200,183500,168000,210100,235011,172000,172000,172700,193096
7249,14,-4,1,2,7000,20800,8,1,331,0,-2,3152,-5,4500,3200,32000,0,40000,29000,0,25000,-2,50000,40000,-2,30500,0,80000,44200,60000,48000,75000,50000,60000,70000
7250,10,-3,2,1,-3,20000,9,11,10060,32000,-2,10000,-2,-2,22000,-2,-3,-2,3361,48150,3000,18000,-5,-5,-5,-5,-5,-5,-5,-5,-5,-5,-5,-5,-5
7251,10,7000,2,1,7000,20000,34,37,43640,32000,-2,1324,7532,-3,34000,5700,15000,13000,-5,22000,-3,23000,28000,29000,30000,-5,-5,-1,63000,60000,40300,64000,74000,99000,-5
7252,13,-4,2,2,300,-5,-4,-4,-5,-5,-5,5928,-2,4944,5256,5892,6036,4956,8100,1300,3360,5344,-2,-1,-2,10000,-1,-1,10000,-1,-1,-2,-1,-1,30000
7253,13,10000,2,2,10000,10700,8,7,14460,-3,2203,5640,5604,5808,5842,7560,-2,11640,7044,8940,9000,5472,1800,1428,-2,-2,545,6600,0,7020,9780,9696,-2,-2,9360
7254,10,10000,2,1,10000,10700,3,3,3417,-3,-3,-1,-2,-2,19000,-2,-2,-2,-2,-2,180,-2,-2,28500,-5,-5,-2,-5,-5,-5,0,9804,10260,-5,9132
7255,13,6000,2,2,6000,-3,29,23,29197,-3,4620,9920,9756,-2,-3,-2,12000,-2,25000,26000,-5,-1,37000,38936,-5,-5,-5,55000,48000,58000,-2,-2,57000,59000,-5
7256,13,6000,2,2,6000,-3,9,7,12490,-3,4620,-2,7424,-2,-2,-2,-2,-2,9072,9384,10260,15564,13326,17302,-2,5728,3000,20876,1300,-2,-2,-2,2401,-2,-3
7257,10,6000,2,1,6000,12000,11,7,9106,20772,29000,-2,-2,-2,4500,-2,5472,5640,5856,-2,0,6312,13527,5640,13608,16008,7800,12600,13806,12924,15744,13200,10668,-2,-3
7258,13,6000,2,2,6000,12000,14,9,7941,20772,29000,-2,-2,6000,7884,6528,8400,-2,7848,8825,16176,22680,28332,13736,11764,6260,0,8960,9800,7600,14404,29476,34800,30000,35000
7259,13,6000,2,2,6000,-3,12,14,25240,20772,29000,-2,-2,3900,-2,15480,-2,15144,9012,-2,-2,-2,12286,-2,25600,19404,17000,38833,29953,34000,33572,76000,70000,56000,-3
7260,10,10000,2,1,10000,8645,15,8,6557,-3,3000,68060,45900,-5,-5,-5,-5,-5,-5,-5,-5,-5,-5,-5,-2,-5,-5,-1,86500,100000,60000,30000,0,47000,50000
7261,10,10000,2,1,10000,8645,11,7,7479,30540,21000,75001,75001,90000,-2,-5,95500,-2,100000,159805,-2,-2,-2,0,0,0,-2,-1,0,24000,0,0,45000,22000,62000
7262,10,10000,2,1,10000,8645,12,13,14639,30540,21000,65000,75001,90000,-2,6000,-2,-2,84000,61000,-2,-2,13000,-2,13000,-5,-5,-5,-5,-5,-5,-5,-5,-5,-5
7263,13,800,2,2,800,-3,12,6,6523,2400,-3,-2,-2,-2,-2,-2,10788,8232,4632,14280,9336,11808,8892,6696,4056,1524,3000,1692,0,3000,2400,2700,7116,5316,8304
7264,13,9000,2,2,9000,10000,12,15,19216,16000,4500,-2,18000,2783,5580,5000,6000,-5,-5,-5,-5,-5,-5,-5,-5,-5,-5,-5,-5,-5,-5,-5,-5,-5,-5
7265,10,9000,2,1,9000,10000,21,23,30699,16000,6290,5694,18000,20000,11000,11614,-2,26000,27000,33504,-2,33000,33000,40000,25000,25000,26000,3500,10000,-2,-2,59900,-2,-1,-3
7266,10,4200,2,1,4200,5000,15,19,29164,4000,10000,4680,12200,8320,9090,13400,11800,8300,9400,10000,19000,-2,23400,15000,11000,34000,-5,-5,-1,53000,121000,72000,133000,-5,-5
7267,10,5000,2,1,5000,4308,20,14,10814,18000,-2,25000,32000,-2,49000,-2,-2,-2,-2,28000,-1,-1,-2,-2,-2,32000,-1,-1,32000,46000,35000,-1,-1,-1,-3
7268,10,5000,2,1,5000,4308,8,9,20557,3700,9000,-1,18985,20000,49000,81000,26620,46362,39400,42500,45000,45000,50500,58699,57000,60500,66600,78000,83000,49000,48000,48000,52000,50000,49000
7269,11,-4,1,1,5925,-5,-4,-4,-5,-5,-5,-5,-5,-5,-5,-5,-5,-5,6510,5748,12100,13520,20000,28000,23000,27300,13012,-5,88800,-5,-5,-5,-5,-5,-5
7270,9,-4,3,1,3100,1200,90,91,87786,5600,3000,35000,-2,8050,40000,-1,-3,-1,-1,-5,-5,-5,-5,-5,-5,-5,-5,-5,-5,-5,-5,-5,-5,-5,-5
7271,13,-4,2,2,-3,13520,81,81,69321,16000,21500,21600,-2,55000,31600,35150,37050,38600,39600,48100,44100,51050,48075,54200,58600,75000,75500,84000,85400,98000,133550,31200,32000,20000,-3
7272,10,12000,2,1,12000,11780,3,3,3685,-3,1560,6000,19000,26000,35000,-5,2880,650,0,0,1332,4082,3484,-2,5356,-5,-5,-5,-5,6912,10667,-5,-5,-5,-5
7273,10,1000,2,1,1000,46000,71,68,68913,60000,70000,75001,4500,-5,6700,-5,-5,-5,-5,17000,19000,22000,24000,25000,21000,26000,-5,-5,30000,35000,20610,0,30000,45000,55000
7274,13,42000,2,2,42000,-3,84,85,93698,55000,-2,60000,65000,4500,9461,-2,-2,88040,92000,12000,12000,37000,44000,52000,68400,80200,100000,105000,200000,-2,145200,150000,151000,151100,161000
7275,13,18000,2,2,18000,16566,20,13,15803,13500,24000,8000,10000,10000,-2,-2,43300,-2,61706,7464,-2,-2,-2,14772,20600,19600,33000,26030,21500,32000,38000,33000,31000,32600,34000
7276,13,14000,2,2,14000,16566,17,9,13037,18000,24000,8000,10000,10000,15000,67200,40000,-2,-2,-2,18920,18100,-2,23440,24400,16800,-5,39000,36000,48000,60000,62000,65000,62000,70000
7277,10,18000,2,1,18000,16566,21,20,24777,13500,25000,8000,10000,10000,45000,-2,-2,14175,-2,-3,-3,90,-2,-2,22000,27000,26000,0,24000,0,23000,20000,20000,-5,35000
7278,13,18000,2,2,18000,20268,11,6,6391,5184,4956,6552,6120,12396,7794,8072,9628,8776,9420,9472,7284,12188,11368,7428,9384,28800,-2,15000,15500,15000,35000,-2,38400,36000,-3
7279,10,18000,2,1,18000,20268,23,23,19722,23700,35300,37369,31576,43177,44400,24000,19500,17500,17500,10000,15000,-2,15000,-2,15000,30000,20800,41577,30000,25000,30000,30000,32000,35000,40000
7280,10,18000,2,1,18000,20268,12,11,18122,23700,35300,37669,31576,43177,45500,-2,-2,-2,-2,-2,-2,25000,-2,25000,26000,32000,27000,83000,-2,1161,-2,2400,2364,2364,1176
7281,10,18000,2,1,18000,20268,17,19,20255,23700,35300,37669,31576,43177,45500,17360,15000,-2,-2,-2,-2,62000,-2,-2,15500,-2,-2,18200,-5,-5,-5,-5,-5,-5,-5
7282,13,18000,2,2,18000,20268,11,11,13698,23700,31152,37669,31576,43177,45500,16688,-2,-2,-2,-2,-2,-2,38409,0,4992,-2,18000,38000,21800,-2,-2,-2,-2,13580,36216
7283,13,18000,2,2,18000,20268,19,15,22568,23700,31152,37669,31576,43177,45550,-2,18324,-2,-2,-2,-2,-2,-2,-2,0,0,-2,-2,12000,27000,4800,-2,-2,30000,0
7284,13,10000,2,2,10000,18000,17,12,12261,15000,14000,1200,5000,25000,35000,-2,-2,25000,28000,60000,52500,10400,78500,-2,28000,-5,26676,5000,25000,35000,35000,35000,37000,42000,0
7285,13,75001,2,2,75001,75001,69,65,80445,75001,2520,75001,5800,-2,-2,-2,4000,5990,-2,11856,25600,15700,25200,58500,25896,46010,40800,41000,53000,64000,62020,62000,79100,84000,-3
7286,13,75001,2,2,75001,75001,68,82,93888,75001,75001,75001,75001,100001,100001,22000,21000,45000,46000,57010,61000,63000,63000,102000,110500,133800,131100,208000,198800,190000,156610,150000,595986,262000,766958
7287,12,-4,3,2,4800,13575,94,80,78202,17060,21175,19961,33728,40000,50000,27000,22000,26000,36030,-5,-5,-5,-5,-5,-5,-5,-5,-5,-5,-5,-5,-5,-5,-5,-5
7288,12,-4,3,2,-2,65000,30,42,42481,6015,8014,9522,16020,14020,15300,20050,22100,26000,25300,-5,-5,-5,-5,-5,-5,-5,-5,-5,-5,-5,-5,-5,-5,-5,-5
7289,9,40000,3,1,40000,-3,49,50,50137,-3,19500,-2,24900,9680,7473,6940,-2,-2,17000,-5,-5,-5,-5,-5,-5,-5,-5,-5,-5,-5,-5,-5,-5,-5,-5
7290,9,-4,3,1,6906,2700,20,23,25330,1500,-1,20725,10500,17000,764,800,25750,-2,-2,-5,-5,-5,-5,-5,-5,-5,-5,-5,-5,-5,-5,-5,-5,-5,-5
7291,12,-4,3,2,6906,2700,6,8,4353,1792,3924,-2,4848,4800,-2,8440,-2,-2,15872,-5,-5,-5,-5,-5,-5,-5,-5,-5,-5,-5,-5,-5,-5,-5,-5
7292,11,15000,1,1,15000,-3,-4,-4,-4,30000,35000,40000,40000,-5,-5,-5,-5,-5,-5,-2,-2,-1,-1,-1,-5,-5,-5,-5,-5,-5,-5,-5,-5,-5,-5
7293,13,-3,2,2,-3,5400,62,61,49753,-3,1000,6500,14000,15052,19496,14000,20400,20425,-3,-2,26400,30600,-5,-5,-5,40300,-2,52000,50000,59000,63000,-2,-2,69000,73000
7294,10,-1,2,1,-1,-3,40,32,27739,-3,35000,20000,27000,-1,14000,-2,-2,-2,-2,-2,-2,-1,-2,920,-2,0,-2,-2,9000,9000,9000,16000,-1,72000,5500
7295,13,-4,2,2,6710,18000,24,25,13312,9800,14800,19000,8000,18000,5950,13400,11070,15482,30800,33700,32000,25000,37000,40500,-1,-2,20000,32024,-5,-5,-5,-5,-5,-5,-5
7296,13,15000,2,2,15000,-3,67,65,65506,38000,50000,30000,55000,57000,5100,9800,11000,65900,15000,21500,21500,21000,29000,25000,26530,30600,34815,33000,36700,39700,45600,43000,42700,43000,43500
7297,10,25000,2,1,25000,40000,14,8,5449,21000,58000,60000,67000,65000,80000,20000,26200,26300,32000,32000,40000,42900,40000,-2,42000,56000,46000,45000,57000,56000,50000,56000,79000,0,-3
7298,10,-1,2,1,-1,20000,46,52,50053,34000,57000,40000,65000,18000,19850,20000,17000,23640,35000,43000,48200,42900,-5,75000,-1,45000,-2,48000,-5,-5,-5,-5,-5,-5,-5
7299,10,9000,2,1,9000,36000,4,4,7040,-3,12000,15000,28000,7000,6000,-2,8970,-2,-2,-2,-5,-5,-5,-5,-5,-5,-5,-5,-5,-5,-5,-5,-5,-5,-5
7300,13,-1,2,2,-1,-3,12,10,12032,-3,7544,-2,73800,-1,3000,-2,1800,20240,21500,10800,28000,-2,14000,15072,13200,13500,6300,15600,21500,17000,9000,19700,27000,26000,46760
7301,10,-1,2,1,-1,-3,5,5,13847,6000,70380,60000,23000,-2,-2,51000,-2,44000,32000,30000,26000,35000,30000,42000,30000,17500,25800,21000,14225,19000,11989,16452,11808,31496,-3
7302,13,-4,2,2,11092,10520,38,40,33320,3440,14895,14840,18208,16000,17035,16530,24000,6877,18000,-5,19000,19600,22500,29000,-1,11380,12000,-2,16070,37416,27380,-2,32552,16160,14784
7303,13,-1,2,2,-1,10000,7,8,4336,9000,-5,5376,-5,-5,-5,-5,-5,-5,-5,-5,-5,-5,-5,-5,-5,-5,-5,-5,-5,-5,-5,-5,-5,-5,-5
7304,13,-3,2,2,-3,13000,3,3,2959,22000,8790,16000,38457,16005,26010,-2,36200,36440,36015,39000,37650,20000,42500,33000,51200,-1,57800,59000,80000,90000,95000,99000,140000,-2,-3
7305,14,-4,1,2,-3,18000,27,29,16554,10260,11683,-2,14382,15280,29680,29260,32600,32248,36408,39600,47600,40000,49400,73762,-5,75300,96300,83922,107354,103000,98020,98000,101924,110829,108699
7306,9,-4,3,1,3600,7900,38,50,43881,-3,14119,17482,19933,22500,23363,29192,-2,-2,24500,-5,-5,-5,-5,-5,-5,-5,-5,-5,-5,-5,-5,-5,-5,-5,-5
7307,9,23000,3,1,23000,14503,90,94,96104,18000,20700,20050,23075,-5,-5,-5,-2,-2,52000,-5,-5,-5,-5,-5,-5,-5,-5,-5,-5,-5,-5,-5,-5,-5,-5
7308,12,6795,3,2,6795,6936,3,3,5169,11909,4000,2916,3768,10000,4098,6552,23012,12000,-2,-5,-5,-5,-5,-5,-5,-5,-5,-5,-5,-5,-5,-5,-5,-5,-5
7309,9,6795,3,1,6795,6936,1,1,4794,4236,5000,8000,25000,12000,20000,-2,6670,-2,8508,-5,-5,-5,-5,-5,-5,-5,-5,-5,-5,-5,-5,-5,-5,-5,-5
7310,12,-4,3,2,3600,4000,29,21,20239,-5,5500,12663,11288,9000,16500,15500,10559,31000,31500,-5,-5,-5,-5,-5,-5,-5,-5,-5,-5,-5,-5,-5,-5,-5,-5
7311,9,3385,3,1,3385,6750,3,5,14738,6600,-3,-5,-5,-5,-5,-5,-5,-5,-5,-5,-5,-5,-5,-5,-5,-5,-5,-5,-5,-5,-5,-5,-5,-5,-5
7312,12,-4,3,2,2800,14000,14,13,19604,5000,4000,5000,3000,2504,22000,36000,28000,32010,12000,-5,-5,-5,-5,-5,-5,-5,-5,-5,-5,-5,-5,-5,-5,-5,-5
7313,11,-4,1,1,4800,10163,12,12,7536,12120,13500,13061,13164,-2,12500,21000,20000,25660,23000,-5,13000,91000,46000,16585,20000,28000,30000,31000,29000,28000,31400,55000,35000,57000,59000
7314,13,-4,2,2,6600,2220,5,3,5109,3900,-2,-2,-2,-2,-2,9500,7452,7520,7668,1260,10000,3000,7000,-2,-2,1412,8476,6696,0,-5,-5,-5,-5,-5,-5
7315,11,-4,1,1,8500,11500,21,19,20914,11935,19100,13840,13000,22872,14888,-1,25000,25000,-1,12800,16100,18420,10000,23510,27000,32000,25000,25000,-5,30000,14000,-5,15012,-5,26000
7316,14,-4,1,2,8500,11000,64,64,67017,11935,15240,15115,13300,22300,13000,14800,18050,44000,45300,48000,52100,56000,32100,37600,73300,-2,-2,85000,116000,-2,116000,130000,135500,140000,150000
7317,13,15000,2,2,15000,15000,25,23,29659,14000,18530,-2,-2,30000,35000,-2,21000,30000,31000,27000,38000,33000,34000,43000,50000,62000,62000,62000,59000,56112,-5,-5,-5,-5,-5
7318,10,15000,2,1,15000,15000,47,49,55225,-3,9500,6000,-2,7300,19970,42280,-2,10000,32000,9000,10000,-2,14437,-2,-2,26000,-2,38000,45000,50000,12000,22000,-2,102952,-3
7319,10,15000,2,1,15000,20000,28,25,28909,16500,9000,2000,6400,12000,8400,10000,-5,-2,10000,35000,31800,37560,37560,99000,-2,8000,-5,1500,12000,20000,9000,-5,-5,92000,-5
7320,10,15000,2,1,15000,20000,6,5,4262,15000,22000,30000,-2,35000,35000,35000,25000,25010,29376,32000,43000,42000,42500,46500,46000,63500,67580,82500,68000,93000,78000,89152,63464,70896,-3
7321,10,15000,2,1,15000,22000,10,12,17219,-3,22000,22000,12000,-2,-2,25081,15000,-2,5000,-2,-2,-2,-2,-2,0,-2,0,-2,21500,-2,0,-2,-5,8820,-3
7322,13,15000,2,2,15000,21000,17,14,23861,15500,22000,22000,12000,-2,6000,12200,4570,4780,7224,6360,5505,-2,4410,6800,18000,27680,-2,-2,32000,40000,-1,50000,-5,-5,30000
7323,13,3072,2,2,3072,3000,5,2,1171,3095,3828,3720,3984,4312,3948,4248,5124,5604,6048,6180,6384,6408,6408,1320,6360,-2,-2,6017,0,7812,15240,8868,8703,-5,-5
7324,13,3072,2,2,3072,3000,11,8,12037,2976,4200,4323,5136,5578,6344,6261,5252,6144,5637,8760,8976,8880,8976,15744,-2,5000,7572,5259,13788,0,12900,9000,0,25000,52000
7325,13,9080,2,2,9080,6000,49,55,77908,16900,4880,6000,18808,26000,-2,27250,27500,-2,4320,4068,5084,6720,8696,-2,7476,11128,6766,3540,4000,14600,7500,6800,4800,1200,2328
7326,10,9080,2,1,9080,6000,4,2,1176,16900,-3,6000,5700,25000,-2,-2,7000,-5,9000,9000,-2,10000,10000,10000,-2,23000,-2,-2,23000,-2,25000,2150,35000,-5,-5
7327,12,-4,3,2,4318,2368,73,68,64059,2300,12005,15650,28120,25035,26005,36600,-5,-5,74500,-5,-5,-5,-5,-5,-5,-5,-5,-5,-5,-5,-5,-5,-5,-5,-5
7328,12,25000,3,2,25000,25000,76,87,91754,30000,30000,35000,30000,6130,6820,21750,-3,30250,25200,-5,-5,-5,-5,-5,-5,-5,-5,-5,-5,-5,-5,-5,-5,-5,-5
7329,9,3900,3,1,3900,13200,31,22,32226,15000,19000,15000,-2,-2,-2,61000,55000,-2,-5,-5,-5,-5,-5,-5,-5,-5,-5,-5,-5,-5,-5,-5,-5,-5,-5
7330,12,-2,3,2,-2,5610,55,54,44024,-3,-2,30603,35856,36324,37678,41050,43487,53473,64232,-5,-5,-5,-5,-5,-5,-5,-5,-5,-5,-5,-5,-5,-5,-5,-5
7331,12,-4,3,2,5000,10700,87,73,68426,14000,15000,18000,19804,18776,10224,24000,18005,42000,46348,-5,-5,-5,-5,-5,-5,-5,-5,-5,-5,-5,-5,-5,-5,-5,-5
7332,11,35000,1,1,35000,17000,40,43,36733,24000,25000,35000,27500,9800,30000,-2,57000,40000,-2,71000,93000,85125,56700,63800,28640,-5,-5,200800,66500,34800,-5,107000,-5,0,-3
7333,9,-4,3,1,800,7250,91,91,78981,20000,3844,2110,-5,-5,-5,-5,-5,-5,-5,-5,-5,-5,-5,-5,-5,-5,-5,-5,-5,-5,-5,-5,-5,-5,-5
7334,9,-4,3,1,4133,3200,87,82,65066,-3,3000,23400,26500,41300,-2,-2,57000,66500,62700,-5,-5,-5,-5,-5,-5,-5,-5,-5,-5,-5,-5,-5,-5,-5,-5
7335,10,-3,2,1,-3,-3,19,21,17400,-3,-2,10000,-2,34000,40000,-1,7500,3984,10000,11000,9000,25660,8160,18000,0,-2,-5,-5,-5,-1,110288,-5,-2,-5,-5
7336,10,14400,2,1,14400,20000,20,18,22969,5136,7000,13385,20694,17000,29000,15530,0,4800,10000,17000,14000,18864,15400,77000,96,700,0,36000,0,0,0,112,0,0,14316
7337,13,14400,2,2,14400,11800,45,53,52473,5136,17000,13000,9250,16000,30000,7000,-2,28000,22067,22000,24900,26700,27000,23000,-2,47000,42000,48000,46000,61000,53000,3870,10000,42000,42000
7338,12,-4,3,2,3250,5262,77,97,92938,9800,6770,7505,9550,13200,17060,16286,18250,20880,15845,-5,-5,-5,-5,-5,-5,-5,-5,-5,-5,-5,-5,-5,-5,-5,-5
7339,12,-4,3,2,1952,46000,76,82,82974,1815,13020,22020,24100,38000,38200,36200,37050,37580,34600,-5,-5,-5,-5,-5,-5,-5,-5,-5,-5,-5,-5,-5,-5,-5,-5
7340,11,-4,1,1,3310,855,87,98,96134,25000,45000,55000,55000,45000,50000,14800,100001,62100,146942,-2,50150,49117,-2,33800,41384,53000,50715,60013,57000,66350,70030,83010,300,66500,90350
7341,12,-4,3,2,2316,3450,66,65,60837,3945,4808,3345,9968,6682,10191,4000,9580,20214,26849,-5,-5,-5,-5,-5,-5,-5,-5,-5,-5,-5,-5,-5,-5,-5,-5
7342,9,-4,3,1,3500,4700,79,78,72329,11167,10300,9350,12424,13200,13000,8625,13000,-2,29010,-5,-5,-5,-5,-5,-5,-5,-5,-5,-5,-5,-5,-5,-5,-5,-5
7343,9,-4,3,1,9000,35000,94,93,89395,35000,52000,34000,40540,41100,43000,47300,49040,56700,62100,-5,-5,-5,-5,-5,-5,-5,-5,-5,-5,-5,-5,-5,-5,-5,-5
7344,12,-4,3,2,2200,3900,67,70,76612,3300,4000,5500,22000,22000,20075,17205,21550,30150,28020,-5,-5,-5,-5,-5,-5,-5,-5,-5,-5,-5,-5,-5,-5,-5,-5
7345,12,-4,3,2,3340,18509,84,90,90942,20926,25300,27500,21026,29525,26525,31000,40000,35150,40800,-5,-5,-5,-5,-5,-5,-5,-5,-5,-5,-5,-5,-5,-5,-5,-5
7346,12,-4,3,2,1700,12000,71,57,46971,11000,12750,13200,12000,12200,12700,14000,14525,15100,20025,-5,-5,-5,-5,-5,-5,-5,-5,-5,-5,-5,-5,-5,-5,-5,-5
7347,9,-2,3,1,-2,9000,16,11,18596,17000,15000,14777,17000,20000,100001,47000,38018,-2,52000,-5,-5,-5,-5,-5,-5,-5,-5,-5,-5,-5,-5,-5,-5,-5,-5
7348,12,6450,3,2,6450,18000,75,79,89559,-3,15000,10324,4227,15776,19000,19002,20000,23000,35000,-5,-5,-5,-5,-5,-5,-5,-5,-5,-5,-5,-5,-5,-5,-5,-5
7349,9,6450,3,1,6450,9600,11,13,21900,9600,13200,7200,8400,0,8000,15750,10000,23000,15000,-5,-5,-5,-5,-5,-5,-5,-5,-5,-5,-5,-5,-5,-5,-5,-5
7350,12,-4,3,2,1860,5720,3,1,1589,3113,3156,4923,3828,3547,2965,2080,12500,5735,13644,-5,-5,-5,-5,-5,-5,-5,-5,-5,-5,-5,-5,-5,-5,-5,-5
7351,12,50000,3,2,50000,15000,25,21,34098,14400,-2,16200,6000,-2,-2,10000,-2,8000,15000,-5,-5,-5,-5,-5,-5,-5,-5,-5,-5,-5,-5,-5,-5,-5,-5
7352,12,-4,3,2,3900,40000,47,45,41143,38000,11000,7852,8795,10600,44000,13000,25000,32762,21327,-5,-5,-5,-5,-5,-5,-5,-5,-5,-5,-5,-5,-5,-5,-5,-5
7353,9,5417,3,1,5417,7692,47,35,35120,4000,-5,9090,5115,-2,8412,5780,10680,16700,12520,-5,-5,-5,-5,-5,-5,-5,-5,-5,-5,-5,-5,-5,-5,-5,-5
7354,9,5417,3,1,5417,7692,3,4,11382,11383,8756,5000,-2,-2,3492,11052,-2,17000,19200,-5,-5,-5,-5,-5,-5,-5,-5,-5,-5,-5,-5,-5,-5,-5,-5
7355,12,4296,3,2,4296,7692,10,6,4777,11383,-5,-5,-5,-5,-2,7308,7656,7968,8496,-5,-5,-5,-5,-5,-5,-5,-5,-5,-5,-5,-5,-5,-5,-5,-5
7356,12,-4,3,2,7652,-5,-4,-4,-4,7500,-5,-5,-5,-5,-5,-5,-5,-5,-2,-5,-5,-5,-5,-5,-5,-5,-5,-5,-5,-5,-5,-5,-5,-5,-5
7357,12,5484,3,2,5484,5500,60,55,42600,11300,25000,14200,16000,25000,-5,-5,37300,-5,-5,-5,-5,-5,-5,-5,-5,-5,-5,-5,-5,-5,-5,-5,-5,-5,-5
7358,12,9000,3,2,9000,-3,2,2,5651,7015,8157,2420,-2,6264,-2,7500,8700,8916,8880,-5,-5,-5,-5,-5,-5,-5,-5,-5,-5,-5,-5,-5,-5,-5,-5
7359,12,9000,3,2,9000,10800,7,6,8852,8048,7585,2844,-2,6432,7668,7284,6876,9156,9396,-5,-5,-5,-5,-5,-5,-5,-5,-5,-5,-5,-5,-5,-5,-5,-5
7360,13,17000,2,2,17000,23000,38,42,54872,26000,-2,45000,37000,45000,50000,4000,9000,22000,24300,30000,81500,81000,86000,143300,117000,156000,188000,110000,108000,-5,-5,-5,-5,-5,86800
7361,14,-4,1,2,-3,1200,13,12,15853,-3,40881,-2,-2,-3,8413,459,-5,4660,8276,15600,12949,13300,12940,53000,5367,10600,-5,20889,7285,16428,13787,14730,34250,10455,5622
7362,9,-3,3,1,-3,5201,30,24,26917,3156,26220,20330,4800,15000,1112,-2,9320,10832,8000,-5,-5,-5,-5,-5,-5,-5,-5,-5,-5,-5,-5,-5,-5,-5,-5
7363,9,8900,3,1,8900,5201,4,2,802,-3,1046,52588,-2,1836,5100,-2,-2,-2,4665,-5,-5,-5,-5,-5,-5,-5,-5,-5,-5,-5,-5,-5,-5,-5,-5
7364,9,5004,3,1,5004,-3,38,42,47167,6000,9000,-2,9100,2400,22556,-2,-2,17000,27970,-5,-5,-5,-5,-5,-5,-5,-5,-5,-5,-5,-5,-5,-5,-5,-5
7365,9,5004,3,1,5004,-3,41,28,29775,6000,9000,14100,5000,-2,15000,21500,20000,31036,29050,-5,-5,-5,-5,-5,-5,-5,-5,-5,-5,-5,-5,-5,-5,-5,-5
7366,9,5004,3,1,5004,-3,21,20,21338,6000,9000,14100,43000,12500,17000,-2,8200,7000,20000,-5,-5,-5,-5,-5,-5,-5,-5,-5,-5,-5,-5,-5,-5,-5,-5
7367,12,7500,3,2,7500,11000,14,13,18941,-5,-5,1500,0,300,-5,-5,3054,6324,-2,-5,-5,-5,-5,-5,-5,-5,-5,-5,-5,-5,-5,-5,-5,-5,-5
7368,13,9000,2,2,9000,15000,59,64,60935,-3,15000,20000,-2,30000,30000,-2,37000,62000,-2,-2,-2,-2,18000,17000,20000,31000,30000,35000,42000,55000,49000,45000,55000,54000,45000
7369,10,9050,2,1,9050,12000,57,77,90804,-3,13000,20000,28000,12240,16650,44370,42700,59750,62750,60000,65100,68500,72950,71450,79500,61500,121500,128000,151500,170900,176500,187000,192500,191000,209000
7370,10,9050,2,1,9050,12000,86,95,97396,15000,12000,15000,15000,16000,18003,30100,32350,35400,56400,59500,58600,66000,72300,79000,75300,86000,110000,123000,133000,135000,-1,136000,175000,168000,151000
7371,13,16000,2,2,16000,16158,27,27,32614,18000,17500,22000,32000,30000,2675,59000,85600,-2,80000,-2,-1,-1,-2,-1,-1,-1,-1,-1,93305,-1,-1,-1,-1,-5,-5
7372,10,16000,2,1,16000,16158,22,33,45619,18000,26600,26000,30277,30000,27000,32500,55000,10500,12500,36000,38000,54300,94200,123000,-5,168000,-5,146000,175000,128000,150000,180000,240000,310000,325000
7373,10,16150,2,1,16150,-3,3,4,1413,21000,27000,14000,4775,25750,12500,8000,2000,-2,-2,1200,8000,1400,700,-5,0,3000,8000,22000,42000,42500,26630,20000,20180,1700,0
7374,12,4800,3,2,4800,3852,27,23,29100,6024,6400,13647,22000,4940,10800,3147,21600,-5,-2,-5,-5,-5,-5,-5,-5,-5,-5,-5,-5,-5,-5,-5,-5,-5,-5
7375,12,-4,3,2,-3,14308,22,26,30222,8000,2000,9000,24532,13470,12600,15000,13000,17000,6000,-5,-5,-5,-5,-5,-5,-5,-5,-5,-5,-5,-5,-5,-5,-5,-5
7376,12,5200,3,2,5200,2537,14,17,17373,10000,-2,1710,8520,22837,-3,-2,-5,3050,-2,-5,-5,-5,-5,-5,-5,-5,-5,-5,-5,-5,-5,-5,-5,-5,-5
7377,13,10000,2,2,10000,7300,4,3,3243,-3,20000,-2,20000,24000,12625,13000,-2,13000,13000,13000,14300,15050,16400,16000,16200,22105,23109,23080,22006,-2,8160,10000,-5,20000,23000
7378,13,9000,2,2,9000,7300,43,39,44462,-3,-2,20472,19944,25000,-3,30000,37000,26000,35000,-2,38000,37025,43000,42000,38000,55000,60152,40000,51000,50978,36505,14400,15000,15600,20600
7379,10,9000,2,1,9000,7300,8,5,2287,-3,20000,-2,20000,24000,15000,-2,40065,25920,43000,32500,39900,40010,36025,52100,51003,59256,55030,-2,68500,120000,100000,106000,114000,131400,144000
7380,10,9150,2,1,9150,7500,6,1,0,-3,-2,-2,20000,24000,15000,-2,-2,-2,23000,-2,-2,-2,476,-2,-2,-5,-5,-5,-5,-5,-5,-5,-5,-5,-5
7381,10,8500,2,1,8500,7000,10,8,5448,8944,12000,-2,30532,16000,14000,23000,20000,-2,33625,39805,18000,-5,-2,23000,30000,0,-5,27540,45000,-2,-2,70000,40000,0,0
7382,13,10000,2,2,10000,-3,36,27,25512,12000,-1,18000,8500,8700,18000,53665,47000,49700,19000,20000,18000,18000,3500,-2,25000,33300,46744,7000,8556,18000,47672,48368,24024,36204,11124
7383,13,10000,2,2,10000,10000,11,6,10775,11000,12000,14000,-1,-1,-5,-5,-5,-1,-1,-5,-1,-3,-2,-2,-1,-1,-1,-1,-5,-1,-1,-2,-1,-1,-3
7384,10,2000,2,1,2000,25000,14,13,8187,22000,17000,26440,47000,40000,45000,26600,29000,29000,31100,37000,37500,39000,-1,-1,35000,-1,80000,-1,48000,62000,-1,-1,-5,-5,-5
7385,10,18000,2,1,18000,1000,4,12,14059,-3,-1,7000,-2,-2,-5,-2,-5,-2,-2,6000,-2,-2,-2,-2,-2,-5,3000,-2,-2,0,6000,73440,0,3900,10300
7386,10,36000,2,1,36000,40000,47,45,54106,40000,35000,50000,45000,52000,60000,80000,78000,40000,92000,-2,13000,18000,15000,12000,0,26000,-5,32000,-5,43000,38000,-2,73200,48000,47000
7387,10,20000,2,1,20000,-5,48,46,35167,30000,35000,45000,40000,50000,70000,68600,-2,-2,56000,48350,82000,85000,95000,-2,-2,35000,30000,-5,-5,-5,-5,-5,-5,-5,-5
7388,13,30000,2,2,30000,26500,64,70,77775,30000,25000,67000,4800,16640,6336,11668,16230,16300,30108,38930,35000,42114,36028,-1,46800,-5,-5,-5,-5,-5,-5,-5,-5,-5,-5
7389,13,30000,2,2,30000,30000,45,50,47058,30000,30000,28000,26440,35000,40000,62900,44000,-2,47875,38944,43000,44010,5000,30050,46500,15000,14200,22900,24400,23000,25000,27000,27000,7000,-3
7390,13,25000,2,2,25000,20100,2,5,10594,30000,40000,-2,-2,30000,18000,15412,-2,-2,21188,-2,-2,6328,7779,8020,7656,10400,3500,6780,7500,9000,42000,10140,30000,13000,33000
7391,13,25000,2,2,25000,24000,14,14,8582,30000,40000,-2,-2,24266,20000,26000,27000,53000,27600,26500,31350,35500,36180,37580,48080,47600,51000,58000,54000,52000,-2,68000,57000,60000,58000
7392,13,25000,2,2,25000,20100,18,20,22168,30000,40000,-2,-2,30000,18000,23927,13000,-2,22800,8700,15500,15000,23000,-2,23000,25000,44800,28000,28000,32000,32000,32000,35000,33000,-5
7393,13,8000,2,2,8000,8280,33,31,29603,8000,15000,25000,7000,4500,7000,10130,-2,-2,-2,-2,-2,-2,24223,14176,44900,55287,96820,90680,103900,94050,107246,100000,56000,25000,17000
7394,13,8000,2,2,8000,8280,12,11,9604,8000,15000,25000,7000,4500,7000,33250,-2,44000,43000,30000,30000,30000,30000,41000,-3,41005,93000,112000,98000,110000,110003,55000,120000,67400,80000
7395,13,35000,2,2,35000,25000,42,46,49041,23000,22500,-2,34000,45000,55000,72300,46000,45200,54200,52300,55500,66500,-2,68000,106500,106000,142000,144500,171000,145000,146000,130000,137300,125300,167000
7396,13,35000,2,2,35000,25000,38,31,46900,23000,22500,-2,-2,40000,40000,-2,-2,59000,13000,45050,47500,49425,64375,50200,52690,-2,75000,70025,85000,90000,88200,108300,102000,125549,120000
7397,13,30000,2,2,30000,-3,46,52,45704,35000,-3,60000,75001,100001,28800,32000,32500,28200,35040,29500,45000,42000,42200,52000,44000,65500,50000,65000,14540,76500,50000,-2,-2,21600,25600
7398,13,40000,2,2,40000,-3,47,51,46153,8740,31500,31000,37000,48015,-5,-2,-5,-5,-5,-5,-5,-5,-5,-5,-5,-5,-5,-5,-5,-5,-5,-5,-5,-5,-5
7399,10,25000,2,1,25000,21500,69,77,84931,17000,30000,-2,-2,20000,40000,14040,-2,-2,42010,43520,47000,45515,49014,63520,77000,80500,95050,-2,105150,103000,137200,140100,-2,154000,202020
7400,10,20000,2,1,20000,25000,27,34,34100,25000,30000,30000,3810,11060,15000,11000,17000,37000,47000,22920,21400,39500,38000,32300,32000,33512,-2,-2,23000,31000,33240,46480,44000,41000,41000
7401,10,20000,2,1,20000,25000,38,46,57319,25000,2800,45000,38000,40000,55000,41000,54000,64500,30000,90100,80000,71000,-2,85000,-2,-2,100000,88000,40000,-2,-2,-5,-5,58000,40000
7402,10,7000,2,1,7000,-3,1,2,1970,-3,-1,-2,-1,-1,-2,-1,-2,-2,-2,-2,-2,-3,-3,4380,9050,-2,10524,8904,-1,0,-5,-5,-5,-5,-5
7403,13,4200,2,2,4200,75001,3,5,3815,10428,4728,5025,5664,5500,7200,16000,10000,10000,-2,9900,23000,-2,23105,14970,15000,8400,30000,14000,9000,2000,23000,30260,32498,-2,-5
7404,10,4247,2,1,4247,7748,2,1,491,10428,4780,5558,6000,11700,17200,-2,-2,-2,-2,-2,-2,-2,-2,-2,-2,10000,-2,25200,30000,12000,14400,17000,5000,5000,0
7405,13,5000,2,2,5000,7748,2,6,3596,10428,8000,5558,6000,11700,17200,-2,-2,-2,-2,-2,-2,-2,23000,-2,7682,502,6820,-2,-2,7344,-1,10380,7476,0,1200
7406,9,9000,3,1,9000,12932,21,19,20679,20000,7000,-2,16000,3800,-5,-2,20000,-2,-2,-5,-5,-5,-5,-5,-5,-5,-5,-5,-5,-5,-5,-5,-5,-5,-5
7407,12,20000,3,2,20000,17600,42,35,23985,3200,4000,-3,-2,17000,12000,8200,50000,-2,52000,-5,-5,-5,-5,-5,-5,-5,-5,-5,-5,-5,-5,-5,-5,-5,-5
7408,12,-1,3,2,-1,9500,25,17,20161,26000,-2,14928,-5,21620,-2,13426,15500,22045,25200,-5,-5,-5,-5,-5,-5,-5,-5,-5,-5,-5,-5,-5,-5,-5,-5
7409,12,-4,3,2,9900,5000,28,40,25990,18000,11005,48258,18440,18000,18061,16714,12000,25650,31200,-5,-5,-5,-5,-5,-5,-5,-5,-5,-5,-5,-5,-5,-5,-5,-5
7410,13,-2,2,2,-2,-3,46,48,46514,-3,53395,75001,45000,50000,70000,-2,86200,26146,-3,-2,839078,58300,189918,-2,-2,40834,89300,47500,65908,69769,65100,50219,51344,60029,72185
7411,10,-4,2,1,1500,8000,9,11,11948,60000,75001,-2,40000,40000,70000,-2,76050,69000,45150,-2,-2,-5,24600,25600,-2,185000,63000,64000,96000,116000,128000,135000,257000,125000,108000
7412,11,45000,1,1,45000,-3,63,66,66363,13126,17145,13500,10020,10800,21900,32350,32000,32410,20000,20000,-2,-2,41000,12000,20000,-5,10000,8000,-5,-5,-5,-5,-5,-5,-5
7413,11,9900,1,1,9900,9000,77,65,70261,10445,17200,25000,16050,27100,38000,41400,38600,-2,46200,52000,-3,54500,50500,80300,90500,99871,104000,137000,239000,454737,200400,210000,108400,102000,59600
7414,12,-4,3,2,6684,10600,60,67,65980,11800,18915,28140,14400,16800,69000,23000,51000,54100,46050,-5,-5,-5,-5,-5,-5,-5,-5,-5,-5,-5,-5,-5,-5,-5,-5
7415,12,-4,3,2,10580,11800,55,56,53186,10500,20679,13536,13324,20000,-2,-2,30200,-2,34320,-5,-5,-5,-5,-5,-5,-5,-5,-5,-5,-5,-5,-5,-5,-5,-5
7416,12,9000,3,2,9000,27000,16,16,30442,25000,200,4200,1750,3260,14000,28000,36000,41100,50000,-5,-5,-5,-5,-5,-5,-5,-5,-5,-5,-5,-5,-5,-5,-5,-5
7417,11,8000,1,1,8000,-3,53,50,61455,14000,3600,29000,16650,16020,17510,17000,36500,54500,52100,58000,65400,63000,-2,74100,80200,85100,90000,101015,130000,133000,-2,88000,95000,55000,106000
7418,14,8000,1,2,8000,-3,22,28,38861,14000,3600,29000,45300,-5,-5,7000,39000,10000,-2,-2,-5,49000,55000,-2,-2,-2,45000,65000,105000,75000,-5,-5,-5,-5,-5
7419,9,15500,3,1,15500,10302,84,99,97841,5700,10000,12000,14000,15400,30434,35400,-2,41100,47000,-5,-5,-5,-5,-5,-5,-5,-5,-5,-5,-5,-5,-5,-5,-5,-5
7420,12,8000,3,2,8000,6000,59,63,57828,7300,10000,12000,8000,24604,34700,31800,45800,46800,-2,-5,-5,-5,-5,-5,-5,-5,-5,-5,-5,-5,-5,-5,-5,-5,-5
7421,14,21000,1,2,21000,22000,30,32,40334,30000,8000,22000,20000,43000,-2,15050,-2,1057448,80060,21000,44860,65000,-5,-5,-5,-5,-5,-5,-5,-5,-5,-5,-5,-5,-5
7422,14,21000,1,2,21000,22000,46,53,60615,30000,30000,-2,-2,30080,-2,41000,-2,34800,-2,92500,-2,-2,-5,84000,-5,82000,-5,-5,-5,-2,85125,184000,90000,125600,-5
7423,14,20000,1,2,20000,10000,58,76,84504,12000,17000,26000,30000,23692,15025,25457,27600,30100,-3,55200,36848,35300,62552,34700,72400,60700,31918,50900,74100,94500,-2,-5,-5,-5,-5
7424,11,25000,1,1,25000,-3,79,73,76351,24000,45000,34000,15500,29802,33125,39025,41625,41475,61500,66350,66100,63000,46600,53300,53150,71000,78700,80200,96800,119950,108810,140000,170000,176400,165600
7425,9,6100,3,1,6100,-3,31,34,44356,11000,-2,-2,12000,9000,8700,-5,23000,15000,21050,-5,-5,-5,-5,-5,-5,-5,-5,-5,-5,-5,-5,-5,-5,-5,-5
7426,14,28000,1,2,28000,25000,99,98,94361,-3,-2,32220,35575,37150,42100,53000,55150,610,59000,57000,61000,63000,66010,86600,200,99850,109000,118000,-5,160050,-1,143200,-5,194025,224850
7427,11,28000,1,1,28000,25000,96,99,97918,-3,9505,8840,17400,12000,17000,17000,18000,18000,48000,25000,26000,45003,31010,75050,64050,80300,100000,-5,160100,161200,185080,215100,196000,220000,199996
7428,14,28000,1,2,28000,25000,89,78,89972,-3,28000,34500,-2,21048,-5,25000,29962,34000,-2,38670,40000,44580,51000,50168,-5,42760,40820,44420,53880,88183,83000,85000,132800,162000,165000
7429,9,-4,3,1,7000,10160,-4,-4,-4,32600,-3,62000,35000,40000,44000,92000,22000,-2,45000,-5,-5,-5,-5,-5,-5,-5,-5,-5,-5,-5,-5,-5,-5,-5,-5
7430,14,-4,1,2,7000,10340,35,37,38325,-3,18000,17700,18580,21000,13140,-2,-2,32640,39400,49000,45000,50000,29200,60000,40200,40000,137600,195000,45000,26520,80000,106500,122500,190000,186000
7431,9,4800,3,1,4800,5150,72,77,79432,-3,11000,10572,11100,16000,25000,19000,25000,35000,-2,-5,-5,-5,-5,-5,-5,-5,-5,-5,-5,-5,-5,-5,-5,-5,-5
7432,13,7200,2,2,7200,7000,23,25,28108,7575,7680,15032,10000,23000,26000,-2,-2,31000,34000,-2,17000,19000,26579,43000,59000,60000,62000,22000,40432,51368,42800,48432,45200,62200,71200
7433,13,20000,2,2,20000,12000,41,38,38516,15000,10000,41268,8080,7011,10266,12556,-2,12288,36744,11076,15780,29484,11943,16788,26304,12000,34940,24000,0,17840,29151,19824,19332,20316,-3
7434,10,4056,2,1,4056,4000,12,14,26830,22000,-2,15000,20000,20000,25000,-2,-2,-2,-3,-2,-2,-2,-2,0,50000,-5,210000,93000,50000,30000,-2,-5,-5,-5,-5
7435,13,-3,2,2,-3,2300,20,15,9207,5000,15000,-2,-2,20400,20000,49000,29000,-5,62300,-5,56000,65000,73200,60000,-5,73000,-5,75000,35000,35000,23625,28080,20000,30000,32600
7436,13,11905,2,2,11905,16375,23,18,21285,11750,18000,-2,23800,27000,-2,12000,15000,8000,-3,19500,8000,18000,0,32000,24000,27000,65000,28000,43000,103000,-2,-2,25000,21000,13752
7437,13,11985,2,2,11985,16375,27,22,31469,-3,-2,19116,16400,-2,28000,58000,-2,-2,-2,-2,43800,48000,-2,30000,35200,43200,50000,-2,38000,-2,42200,37200,40000,9000,-3
7438,13,11905,2,2,11905,16375,30,29,38890,-3,32240,16000,23000,30750,28000,43000,35000,57000,65000,39600,-2,-2,37000,49700,62000,600,-5,69000,98000,33000,42000,-2,4000,44000,101680
7439,13,11985,2,2,11985,-3,29,25,39663,-3,-2,15900,19600,24500,21660,-2,-2,24000,40500,37200,33600,61700,50500,78400,115000,147000,50000,120000,43000,50000,52000,8994,68876,38400,55068
7440,13,11985,2,2,11985,16375,22,13,20589,-3,-2,-2,300,-2,-2,34700,-2,-2,-2,-2,-3,20000,35000,-5,-5,-5,-5,-5,-5,-5,-5,-5,-5,-5,-5
7441,13,4360,2,2,4360,-3,2,3,3905,-3,13320,1992,1900,12000,10000,12000,17000,-2,12000,8447,-2,41312,10083,-2,11500,-2,-1,7824,9720,16632,7272,9936,10680,10845,11040
7442,13,-4,2,2,6976,7766,64,68,52375,6000,9000,8500,10000,6000,5000,-2,-2,-2,-2,25000,17600,-2,17500,-2,29932,-2,-2,16464,30750,14500,-2,81000,113000,200000,142000
7443,13,4968,2,2,4968,-3,44,42,41500,4320,16000,12685,12000,9600,10000,13000,-2,-2,-2,-5,8000,-2,3200,-5,-2,1488,12000,19052,28000,-1,29200,41640,15600,8000,0
7444,10,6000,2,1,6000,7560,1,1,3859,-3,-2,10000,16800,-2,5000,4032,9400,7200,10000,-2,1000,17590,46210,-2,0,0,-2,23804,35236,-2,10088,13212,8796,-2,-3
7445,13,4808,2,2,4808,7560,1,2,498,8592,2400,10920,16800,-2,-2,97,4348,3172,2484,0,5484,1944,-2,-1,0,7704,7200,0,8568,0,0,2880,10716,9593,2400
7446,13,4808,2,2,4808,7560,1,2,3953,8592,2400,10920,16800,-2,-2,0,300,4500,2400,8000,7120,-2,-2,-2,2982,4380,6080,-2,33000,21352,26152,-2,10092,10668,-3
7447,13,-4,2,2,-3,-3,14,16,12101,-3,8204,8895,36334,7328,-1,4596,9988,11220,6480,21800,12084,14063,-2,11664,-5,-2,-5,-5,-5,19000,-5,-5,-5,-5,-5
7448,13,2328,2,2,2328,2340,1,4,4252,2760,4992,2676,4908,2400,4171,-2,-2,86832,1020,6084,8652,9024,9132,9816,8990,16934,-2,-2,8112,1000,-2,2000,-2,12440,-3
7449,13,2798,2,2,2798,-3,10,3,2871,3445,0,-2,-2,-2,-2,-5,4298,4520,17176,5124,6336,5270,-1,-2,-2,-2,-2,-2,54000,-1,62000,45000,-1,-1,-3
7450,12,18000,3,2,18000,20000,67,77,80066,24000,-2,14408,28000,8675,16432,7810,11303,16050,13850,-5,-5,-5,-5,-5,-5,-5,-5,-5,-5,-5,-5,-5,-5,-5,-5
7451,13,10500,2,2,10500,10000,40,49,58154,12920,15000,-2,21000,28000,30000,-2,38827,1057448,26005,30200,29600,-2,29000,19400,32200,-2,45700,67500,72350,81000,94717,93541,102783,233400,137915
7452,12,-4,3,2,-3,8900,35,44,40513,12980,16655,10305,-2,31880,36080,41100,41100,51100,53100,-5,-5,-5,-5,-5,-5,-5,-5,-5,-5,-5,-5,-5,-5,-5,-5
7453,12,-4,3,2,-2,23316,99,97,91546,21300,25720,25620,31585,30200,32000,24100,12050,24200,25225,-5,-5,-5,-5,-5,-5,-5,-5,-5,-5,-5,-5,-5,-5,-5,-5
7454,10,18000,2,1,18000,20000,25,32,31631,7754,-2,18532,23405,26100,27506,32030,28610,32200,48760,52816,54600,58988,61000,65500,83000,117000,120300,133300,139000,157000,250000,225000,212000,193000,189000
7455,13,-4,2,2,5556,-5,-4,-4,-5,-5,2372,-2,4020,5028,5820,6004,-3,-2,-2,-2,-2,-1,21451,4800,14080,-2,9048,-5,-5,-2,8000,-2,3048,-5,2400
7456,10,7200,2,1,7200,8500,1,1,2741,-3,7000,17080,2500,8320,12000,11000,13500,-5,-5,-5,-5,-5,-2,19200,18000,8000,23000,-5,94000,-2,0,0,0,-5,-5
7457,10,7200,2,1,7200,-3,1,2,1933,-3,7000,19856,7000,-5,-5,10000,10484,27000,19500,18000,37000,27000,38000,30000,22000,30000,39900,-5,40000,27000,0,95000,35000,-5,-3
7458,13,22000,2,2,22000,23500,41,46,34797,30000,-2,-2,11620,-5,-5,-5,-2,55000,50000,-1,-1,-5,-5,-5,-5,-2,-5,-2,-5,-5,-5,-5,-5,-5,-5
7459,13,22000,2,2,22000,23500,13,13,12279,30000,-2,-2,-2,5388,1800,-2,-2,-2,-2,-2,0,1200,0,11200,1400,4232,8208,-2,22668,20884,-1,3168,19764,17400,-3
7460,13,22000,2,2,22000,400,32,27,32868,6120,-5,26000,-2,-5,-5,-2,-5,-5,-5,-5,-5,-2,-5,-5,-5,-5,-5,-5,-5,-5,-5,-5,-5,-5,-5
7461,10,22000,2,1,22000,12000,3,4,5500,30000,-2,-2,600,9750,7000,-2,-2,-2,-2,-2,21600,29000,-2,-2,10000,6000,-5,-5,-5,-5,-5,-5,-5,-5,-5
7462,13,22000,2,2,22000,23500,13,17,20937,30000,-2,-2,24000,10320,-5,-5,-5,-5,-2,-5,-5,-5,-2,-5,-1,-5,-5,-5,-5,-5,-1,-1,-1,-5,-5
7463,10,35,2,1,35,10200,2,3,2624,5000,10000,8400,18000,-2,25000,4180,-2,2176,0,1000,10000,10000,16000,9600,-2,12000,11000,6000,0,-5,-5,-5,-5,-5,-5
7464,13,-4,2,2,-3,-3,14,14,12432,10200,9000,3923,6441,-5,14000,12000,23000,18000,25000,34000,32000,39000,26000,32000,25000,82000,72800,-2,44000,187000,59600,-5,74400,-5,63000
7465,10,-1,2,1,-1,7000,18,22,23361,11263,9000,9000,15000,-2,20000,-2,13000,17000,18000,18000,15200,24000,29000,26900,-2,-2,-2,-2,26500,-2,-2,27000,-5,-5,-3
7466,10,-1,2,1,-1,7000,5,4,5210,11263,9000,9000,15000,10000,-2,-2,-2,14000,-2,9600,14000,12000,-2,-1,-2,18000,-2,33127,39000,-2,10200,28351,-2,-5,-3
7467,10,-4,2,1,7800,8738,1,1,2956,16529,22980,11511,12818,-2,21736,26725,-5,-5,-5,-5,-5,-5,-2,-5,-5,-5,-5,-5,-5,-5,-5,-5,-5,-5,-5
7468,13,-4,2,2,7800,8524,41,47,45554,16529,23195,10524,-2,13800,32000,24800,-5,-5,-5,-5,-5,-5,-5,-5,-5,-5,-5,-5,-5,-5,-5,-5,-5,-5,-5
7469,10,0,2,1,0,17000,2,4,11728,19000,17952,17000,-2,17000,30500,27000,29000,31750,28500,31000,-2,-2,-2,-2,32000,62000,82000,75000,95000,113000,105000,116000,-5,-5,119000
7470,13,3768,2,2,3768,4000,-4,-4,-4,5000,7000,5500,17316,15526,22000,41049,36060,41727,41025,56000,39215,60000,62700,79200,51600,68800,98500,80000,160254,173000,252350,497763,256500,283000,328800
7471,11,-1,1,1,-1,20000,44,59,54217,16203,20000,-2,-2,2300,34600,20525,23100,28000,34800,38000,47000,57058,44089,50450,58000,70230,107000,76000,53650,110000,120012,-5,-5,-5,-5
7472,11,-1,1,1,-1,30000,49,55,53310,18000,22000,19000,24000,20000,29000,31000,32000,28000,-2,40000,37000,38000,60000,62000,46000,46000,61000,70000,62000,84000,82000,85000,105000,95000,115001
7473,11,-1,1,1,-1,25000,20,20,27961,35000,-2,-2,45000,30000,-2,13000,11000,22000,22500,19000,19000,24000,24000,33000,41000,38000,44100,-5,73000,51000,50000,-5,54000,-5,-5
7474,10,30000,2,1,30000,7100,14,14,16272,25000,56000,50000,21730,33000,35000,-2,29000,-2,27000,27435,-2,35000,45078,41051,22000,-2,26000,36000,44500,49000,48000,56000,59000,48400,47600
7475,13,30000,2,2,30000,33000,22,42,46088,35000,36000,50000,50000,47000,-2,34004,-3,-2,56000,-2,58100,68050,67060,65000,244343,-5,-5,-2,129120,146938,150000,157200,162870,180309,183435
7476,13,30000,2,2,30000,33000,24,23,33829,25000,36000,50000,50000,47000,7431,-2,-2,-2,-5,12000,-2,590,7400,13500,15000,23000,24000,23700,24501,23960,24400,22600,26800,28000,30000
7477,13,22000,2,2,22000,46000,32,31,36424,8716,45000,55000,50000,70000,69000,-2,38500,43800,-1,-1,-5,60400,-1,94000,87000,-1,-1,-1,-1,-1,-1,-1,-1,-1,-3
7478,13,-3,2,2,-3,-3,25,22,25591,25000,45000,-2,50000,45000,-2,90604,84700,-2,-2,-2,-2,25000,47000,-1,-1,-1,-1,56000,-1,72015,-1,-1,-1,-1,-3
7479,13,-3,2,2,-3,33000,22,15,15035,25000,30000,46601,9000,12749,15100,17082,17500,38800,39684,53000,23000,34000,38781,43000,53550,58500,64200,57000,62000,66560,55000,66000,60000,70000,66873
7480,13,-3,2,2,-3,33000,17,15,30531,25000,30000,44148,34000,29765,30320,31302,31500,32000,34536,39800,51000,54000,54000,71000,72000,69154,-2,82000,103000,96000,128500,47000,83000,55800,112036
7481,13,28560,2,2,28560,39000,49,64,69875,3020,16000,-5,-5,13599,21600,19300,36100,40200,30000,-5,-5,-5,-5,-5,-5,-5,-5,-5,-5,-5,-5,-5,-5,-5,-5
7482,10,13000,2,1,13000,20000,9,12,15993,25000,40000,30000,38000,-2,-2,-2,-2,-2,-2,23900,25000,22000,24000,-2,32000,34000,46025,-5,-5,69000,-5,-5,-5,-5,-5
7483,10,13000,2,1,13000,20000,7,10,7866,25000,40000,30000,38000,11000,-2,49000,-2,-2,-2,25000,30000,-2,189918,46000,47500,54000,54100,57000,136000,54000,30000,-5,6000,30000,50000
7484,10,13000,2,1,13000,20000,15,25,32821,25000,56000,30000,38000,45000,-2,3500,5000,10000,19586,-2,23000,-5,-2,23500,27000,-5,-5,-5,-5,-5,-5,-5,-5,-5,-5
7485,13,1500,2,2,1500,17000,65,68,83103,20000,17000,-2,17000,-2,23195,27000,3005,27000,19600,-2,-2,-1,51000,-2,30295,62000,68600,25000,86513,31500,7000,6275,21000,1600,-3
7486,10,18000,2,1,18000,2000,19,26,13822,8400,12000,8000,12000,14000,12500,10000,-3,26000,-2,-2,25298,50000,-2,24000,23000,35000,53000,58000,61500,68000,74000,-5,-5,-5,35000
7487,10,18000,2,1,18000,18000,12,9,2362,800,860,4900,11000,18000,27000,29500,36500,43500,42600,81500,-2,21000,19098,12000,-5,17000,800,15900,18500,1868,2400,2650,2280,-5,2304
7488,10,-1,2,1,-1,15000,60,71,58615,40000,3564,11841,16000,18000,18005,34000,38000,40000,42050,54120,56320,64400,63600,72000,69050,106075,115050,120752,117150,120000,135000,155000,131000,170000,100000
7489,13,25000,2,2,25000,35000,65,66,61970,40000,35000,40000,40000,32000,9010,18000,21050,22100,24100,25420,30000,29000,37000,57017,34050,100250,80019,32658,27000,44000,35300,36000,45591,46500,38000
7490,13,-1,2,2,-1,22000,20,26,32319,-3,23000,-2,40000,-2,-2,26800,10000,35100,42000,-2,-2,-2,15500,-2,47400,94000,-2,-2,140000,75000,71000,18800,46646,67000,140000
7491,10,35500,2,1,35500,37000,28,35,43576,44600,47000,-2,-2,35000,-2,-2,-2,-2,-2,26510,21580,27400,24000,27000,34000,40000,41000,45000,55050,51000,55000,25000,60000,70000,78000
7492,13,-3,2,2,-3,17000,23,19,25610,-3,25000,-2,16400,22004,28063,29000,41025,-2,-2,-2,-2,21000,21000,17600,12800,21000,33000,37600,28000,31000,33000,33000,40180,41100,82077
7493,13,-4,2,2,850,4068,4,6,9269,4908,5664,6312,1200,-2,-2,-2,0,0,0,-2,-2,13000,0,4000,-2,-2,17000,36000,55500,-2,4000,14000,14080,0,-5
7494,13,14000,2,2,14000,18000,22,18,19579,30000,20000,42436,40000,-2,3480,4455,-2,-2,-2,29200,25597,36000,26000,23589,15000,-2,28620,11000,3300,7300,7000,0,0,11000,1100
7495,10,14000,2,1,14000,18000,26,22,37248,35000,20000,-2,-2,-2,38500,21750,-2,-2,-2,-2,-2,-2,25000,-2,-2,-2,37000,55000,45000,48880,46452,39000,80000,85000,70000
7496,13,-4,2,2,756,15000,7,4,2103,13000,4272,-2,-2,3340,6876,1956,4914,8664,-2,1946,-3,7456,8832,0,3000,2300,22000,2100,1200,12000,0,7000,0,11000,17000
7497,13,6000,2,2,6000,6700,7,7,10212,14500,7500,8059,11200,35000,-2,18400,-2,6610,-2,-2,28433,18000,44961,14000,11088,10892,15562,2932,9333,7592,8952,11742,21060,10176,-3
7498,13,8400,2,2,8400,7100,85,80,78173,8000,9003,10000,11301,21000,20010,21026,24000,32300,31300,32800,35500,33800,35000,45030,50020,50000,62000,68980,88003,93100,98000,102020,100003,110000,-3
7499,10,8400,2,1,8400,-3,1,4,2426,25000,-2,12000,10000,-2,-2,2150,3861,6109,-2,1056,-2,-2,-2,-2,6240,4476,-2,-2,6000,-2,-2,12000,-2,-2,-3
7500,13,8400,2,2,8400,-3,15,17,30651,14000,15000,3672,7882,9750,32025,26675,17000,20000,20200,-2,-2,-2,3105,0,12500,18000,14000,1500,9264,17463,10500,-5,-5,-5,-5
7501,13,-4,2,2,2112,-3,17,21,23510,5058,-2,-2,13832,1300,8128,7056,5208,8256,59604,10092,38084,-2,498,63260,37240,20600,13100,-2,37200,-2,47200,17536,7806,9244,9430
7502,10,11500,2,1,11500,20000,-4,-4,-4,6369,-3,8000,9005,48000,7000,8000,14000,-2,-2,15000,-2,-2,20000,-2,-2,0,58600,3600,7856,19600,24040,9700,13849,-5,-5
7503,13,12000,2,2,12000,15999,7,8,12297,-3,-2,-2,30000,25000,30000,-2,24000,-2,26000,-2,13000,15000,36600,57960,18320,-2,48000,39000,18300,54365,9400,6000,4296,33658,0
7504,13,12000,2,2,12000,15000,12,9,15082,-3,-2,-2,30000,25000,-2,-2,15000,-2,-2,17000,13000,19000,15000,21000,12800,33760,32000,24000,50000,36000,35540,40640,21300,13764,14960
7505,10,8320,2,1,8320,-3,8,9,11550,3540,7128,5000,10000,5000,12500,5894,37000,29980,-5,-2,-2,-2,0,-2,-2,-2,300,-5,-5,7238,5227,23860,25872,15000,-3
7506,13,-2,2,2,-2,8000,9,9,7936,15000,-2,-2,-2,-2,12000,22920,-2,-2,-5,-5,-5,-5,-5,-2,12000,-2,-2,75000,72000,-2,-2,-2,52656,-2,-3
7507,10,-2,2,1,-2,1249,17,13,17114,6744,-2,9000,-2,-2,32000,13000,-2,8000,-2,-2,-2,-2,-2,21000,-5,8000,-5,-5,-5,30000,-5,-5,-5,-5,-5
7508,13,-4,2,2,4584,0,9,11,9652,5000,-2,2640,4068,1880,28019,35960,28992,10928,10452,17769,41600,33000,55000,60000,52800,56000,54000,63000,81600,50000,33000,94000,42000,119000,93000
7509,10,8320,2,1,8320,10350,7,7,6391,9600,13000,15818,-2,26500,33860,42000,-3,27000,33500,40000,37000,43000,50000,41200,46000,53300,55000,75000,63000,76000,95000,120000,89000,92000,140000
7510,13,-4,2,2,11000,-3,14,12,6858,14620,13644,2904,5184,6504,12683,8536,10500,6840,6180,4236,7092,9032,42096,21532,-2,7253,8304,8088,16088,11424,12780,11244,0,11484,-3
7511,10,10800,2,1,10800,-3,19,19,12222,20000,12000,4308,35000,32000,-5,-5,-5,-5,-5,-5,-5,-5,20000,8000,15000,1200,49600,6000,99520,-2,-2,8400,6000,24000,20000
7512,10,-2,2,1,-2,-3,21,29,32043,-3,6000,27300,30500,31245,28000,-2,37000,-2,46000,-2,44500,32400,-5,48500,23000,-5,52000,47500,65500,-2,52000,55000,55000,73000,75000
7513,13,8000,2,2,8000,-3,12,14,13008,23000,-2,-2,40000,11311,15000,6800,-2,-5,20000,-5,-5,-5,37000,-2,-1,-1,-1,-5,-5,-1,-5,-2,134760,10500,152200
7514,13,4708,2,2,4708,-3,54,63,59310,20800,12000,12000,-2,16272,34073,-2,13840,15838,19880,19880,36880,33600,36440,21300,24960,86600,45000,36740,99900,71000,61764,65000,70320,60954,62500
7515,13,4708,2,2,4708,-3,25,30,36742,8500,12000,12000,-2,9046,12267,14800,14862,17000,19000,17000,17000,32952,-2,23000,27400,44000,36000,23000,31700,29300,32500,74800,68000,70000,71000
7516,10,10800,2,1,10800,-3,21,25,30288,19000,18000,13300,7200,-2,15000,11000,21035,15650,17000,19000,19000,19000,20280,20000,21000,-2,0,-2,76000,-2,-2,55000,-2,-5,-5
7517,10,4248,2,1,4248,-3,3,3,6957,3020,9000,-2,14000,-2,-2,-2,-2,8000,11000,0,500,-2,35000,-2,0,2000,-2,-2,7000,-5,3600,-2,23000,39010,48000
7518,13,75001,2,2,75001,-3,4,2,3428,15000,-2,4380,15000,-2,6970,4560,-2,14246,7812,6444,6432,6468,7284,7320,9013,3669,5500,23400,0,0,8208,4188,9212,10080,15720
7519,10,4248,2,1,4248,-3,4,7,8093,5372,2520,4380,-2,20000,24000,17000,12000,16000,17750,17000,-5,17000,17000,20720,22200,-2,14000,16000,26000,-5,-5,-5,-5,-5,-5
7520,13,10620,2,2,10620,-3,2,2,3903,-3,-2,4380,15000,6888,5700,18000,-2,3654,6264,-2,-3,-2,12565,13392,-2,41108,-1,-5,-5,3240,23000,-2,14000,21000,22000
7521,10,10000,2,1,10000,10000,32,30,36202,18000,18000,-2,-2,8500,6000,24700,29880,25000,27000,33000,37000,-2,40664,-2,57000,64,66515,72500,75000,-2,76000,85000,-2,-2,128000
7522,10,-2,2,1,-2,10000,25,23,32250,18000,3529,9000,9033,9000,-2,22000,26000,21374,-5,-2,19000,24000,36000,13000,-2,11500,9024,-5,-5,7632,22136,12886,20916,27912,43848
7523,10,10000,2,1,10000,12000,24,21,28556,18000,18000,-2,8000,12300,13800,13000,14000,12000,15000,-3,-3,19470,25500,26000,23000,28000,-5,-5,-5,0,-2,4140,8772,-5,-5
7524,13,-3,2,2,-3,2268,3,2,1396,12000,9350,-2,62000,8302,13000,77250,-2,26268,15200,27600,16932,5808,-2,6696,22500,17288,5000,9564,16848,26284,28400,29676,3600,2400,4428
7525,13,-2,2,2,-2,20472,54,41,36589,8300,11000,15700,17000,20000,20000,-2,-2,-2,-2,-2,-2,37000,46000,18000,37000,50000,41500,24000,52000,57000,40000,34500,-2,-5,-5
7526,10,10000,2,1,10000,6000,9,5,8933,7200,9000,44000,45000,25000,25000,23000,39000,24000,24000,35000,-2,-3,-3,-1,10000,15000,-5,0,47000,45000,60000,61000,70000,190000,48200
7527,13,15000,2,2,15000,20000,85,84,85786,15000,10000,40000,15000,20000,20000,14370,4450,8070,18100,10060,19150,15000,24050,38040,73050,87200,103200,129000,154600,121310,130025,151250,151250,174000,197250
7528,9,2000,3,1,2000,29000,40,43,43729,17725,13130,-3,14032,-5,-5,-5,-5,-5,-5,-5,-5,-5,-5,-5,-5,-5,-5,-5,-5,-5,-5,-5,-5,-5,-5
7529,12,2500,3,2,2500,9004,39,42,48895,600,1500,-2,40180,-2,7468,-2,5400,6924,6286,-5,-5,-5,-5,-5,-5,-5,-5,-5,-5,-5,-5,-5,-5,-5,-5
7530,12,2500,3,2,2500,9004,-4,-4,-4,448,4900,-2,4300,7032,14925,18950,26400,45200,34725,-5,-5,-5,-5,-5,-5,-5,-5,-5,-5,-5,-5,-5,-5,-5,-5
7531,14,14000,1,2,14000,15100,40,50,56355,12000,-2,-2,-2,20000,-2,13400,-2,4100,-2,-2,70300,-2,13265,-2,30000,35900,40000,-5,-5,-5,-5,-5,-5,-5,-5
7532,12,-4,3,2,4703,6822,49,53,55991,8101,8000,9110,9795,11032,-5,15000,17132,18725,19000,-5,-5,-5,-5,-5,-5,-5,-5,-5,-5,-5,-5,-5,-5,-5,-5
7533,14,20000,1,2,20000,17300,1,1,1827,20000,25000,-2,-2,36382,25000,-2,3350,700,6600,25060,33048,4600,26000,-2,-2,1025,-2,2642,-2,0,0,0,0,-2,-3
7534,11,9000,1,1,9000,20400,6,7,9260,-3,15000,8500,15000,-2,-2,26000,30500,-2,-2,23000,10000,22000,28000,31000,38000,48000,46840,36700,-5,61000,58500,61400,62000,-5,-5
7535,14,10000,1,2,10000,19000,27,23,29712,13000,19000,19000,12000,10000,46000,47000,46000,49015,48000,61000,24912,53500,31500,-5,-5,-2,121000,133000,168000,152000,142180,155000,153500,-2,144000
7536,12,-4,3,2,3607,17036,-4,-4,-5,-5,-5,-5,-5,-5,-5,-5,-5,-5,-5,-5,-5,-5,-5,-5,-5,-5,-5,-5,-5,-5,-5,-5,-5,-5,-5
7537,12,-4,3,2,6500,13750,77,81,74474,17000,28000,24000,30100,27600,-2,40000,34000,-2,33000,-5,-5,-5,-5,-5,-5,-5,-5,-5,-5,-5,-5,-5,-5,-5,-5
7538,12,-4,3,2,7500,13200,99,97,92622,18756,23749,26065,18801,22394,28562,29000,32770,31500,32800,-5,-5,-5,-5,-5,-5,-5,-5,-5,-5,-5,-5,-5,-5,-5,-5
7539,11,23000,1,1,23000,29700,55,55,50235,31000,-2,19400,26700,27575,37000,64800,45600,-2,48000,63000,69000,69500,34500,38600,40000,45500,48000,52000,64300,54000,53000,-5,-5,-5,-5
7540,11,18000,1,1,18000,17262,14,22,23013,-3,34925,-2,-5,15000,28000,58000,-2,68000,76900,-2,84700,-2,47200,-2,43000,38000,48040,36200,24000,-2,24200,21000,20000,19000,-3
7541,11,40000,1,1,40000,24000,14,16,17012,45000,-2,-5,-5,-5,-1,-5,-5,-5,33000,24000,-1,-5,-5,37000,-5,-5,-5,-5,-5,-5,-5,-5,-5,-5,-5
7542,14,40000,1,2,40000,32000,77,78,87039,-3,-2,25000,31500,12000,26000,43000,18600,17000,52150,-2,-1,70400,56000,77550,88000,126800,-5,-5,203500,100500,99000,75000,100000,132800,130600
7543,12,12000,3,2,12000,10465,26,32,27985,9627,-2,10000,10200,6400,12500,30000,44000,30100,32524,-5,-5,-5,-5,-5,-5,-5,-5,-5,-5,-5,-5,-5,-5,-5,-5
7544,11,-1,1,1,-1,37000,88,91,94025,43500,45000,-2,-2,-2,70000,71500,-2,30300,54300,62300,54500,58400,68400,124000,244343,332808,390662,-5,479983,454737,-5,0,-5,922631,766958
7545,11,12000,1,1,12000,20000,31,40,40152,16000,23000,25000,-2,-5,-5,-5,-5,-5,-5,-5,-5,54020,42030,35450,-2,-2,-2,-2,82188,78000,78000,-5,-5,-5,-5
7546,12,-4,3,2,1200,5000,28,33,30511,-3,-5,8500,12751,13848,16800,15360,16400,18100,23250,-5,-5,-5,-5,-5,-5,-5,-5,-5,-5,-5,-5,-5,-5,-5,-5
7547,10,10000,2,1,10000,3950,2,1,994,14440,15900,5742,10000,5000,-2,-5,12000,-5,-2,20000,28000,2500,18000,15000,-5,0,29700,42000,45000,-2,4600,2400,28200,18600,16272
7548,13,3360,2,2,3360,1700,2,5,12344,4812,6180,8016,5842,6968,-3,3680,7392,6780,7812,8592,9424,8712,9432,11000,21500,25000,37000,11000,15000,-2,20000,-2,20000,21600,-3
7549,10,3372,2,1,3372,2500,1,1,1359,20500,6180,8000,13060,3000,19997,20000,10000,22400,19000,39000,38198,33000,20000,19000,-2,-5,14300,41000,41600,19000,12900,1200,4000,2000,-3
7550,13,3360,2,2,3360,3960,7,4,2086,3960,6180,4800,-2,-2,3300,3000,-2,400,10000,10000,10000,10000,32000,29000,24000,-2,8520,-5,22000,43800,37500,30000,45000,52000,40000
7551,13,26000,2,2,26000,34243,18,17,23270,30000,41000,38000,28900,48000,70000,15000,58000,-2,-2,17000,-2,25000,23000,24000,1954,14904,-2,39200,16536,-2,-2,-2,-2,-2,0
7552,10,10738,2,1,10738,13500,97,98,98530,7331,16000,18500,24050,45750,48612,45800,36650,38006,42110,43103,48075,50320,58647,78170,80010,94200,91070,85050,94000,90400,103350,80114,54835,-2,63020
7553,14,4000,1,2,4000,19300,22,15,11624,11000,-2,13000,-2,55400,-2,50005,-2,22005,8910,10000,-2,8000,-2,8009,9009,-2,15320,21496,18000,29500,32500,-2,24210,32300,27000
7554,11,21000,1,1,21000,21000,79,89,93481,27640,29100,40000,51380,47000,51000,10000,9025,12000,38000,43600,-2,53000,55000,81200,56200,61000,68416,65700,69800,80000,-5,-5,-5,-5,-5
7555,11,21000,1,1,21000,21000,67,80,80554,27640,29100,40000,50800,7101,33000,43500,47000,49400,94000,-2,72000,71500,94500,66000,244343,332808,210000,150000,137000,162000,217000,497763,-5,922631,-5
7556,11,24000,1,1,24000,24200,59,68,70343,34756,35000,26000,12000,13015,12520,12022,14018,14206,15520,16000,16010,16019,18506,24010,27100,24525,25015,32506,31982,31500,32031,40080,40008,41008,86008
7557,11,24000,1,1,24000,24200,18,19,18087,11400,17600,22000,51000,32000,55000,22000,31200,30000,42000,49100,50060,46000,-2,54000,72000,-2,79000,69000,78000,-2,95000,130000,91000,136000,95000
7558,14,10000,1,2,10000,5000,65,72,82478,10000,10000,-5,-5,-5,-5,-5,-5,-5,4300,-5,-1,-1,12000,-2,-5,-5,-5,-5,-5,-5,-5,-5,-5,-5,-5
7559,11,13000,1,1,13000,-3,8,18,22428,12000,4055,5000,6377,16000,13000,7000,-5,-5,-5,18000,26016,21090,28060,23070,60700,-5,27250,-5,37000,60547,140000,36000,135000,189000,225000
7560,14,16000,1,2,16000,12000,40,41,45448,15600,15000,27000,28000,14950,48000,53000,15000,43500,56100,57500,33500,37214,22800,-5,-5,10000,22800,28000,20450,16000,41650,19500,27000,21000,24000
7561,11,59000,1,1,59000,55000,88,97,97965,-3,-1,75001,-1,80000,100000,100001,400,900,-2,-2,-2,-2,-2,125000,160000,-2,200000,-2,479983,454737,-2,497763,595986,922631,385000
7562,14,50000,1,2,50000,-5,-4,-4,-4,50000,-5,-5,-5,-5,-5,-5,-5,-5,-5,-5,-5,-5,-5,-5,-5,-5,-5,-5,-5,-5,-5,-5,-5,-5,-5
7563,11,30000,1,1,30000,20000,-4,-4,-4,60000,-5,75001,-2,100000,100000,67200,-5,27400,22000,75000,79000,92000,98000,127000,152000,162000,178000,190000,219500,255000,243000,240000,595986,327000,340000
7564,11,-4,1,1,5500,1200,94,90,89005,-3,4130,3300,5500,20000,10000,14780,18000,21000,26500,27520,200,30030,32510,13350,2000,34000,56500,100000,180000,228000,260000,262000,595986,922631,397000
7565,14,2400,1,2,2400,0,1,1,135,-3,1000,9588,-2,13520,25600,9600,13000,7210,10000,15816,12004,10556,8929,14200,-5,13000,16000,18000,-5,-5,9000,5200,-5,-5,-5
7566,10,-2,2,1,-2,9000,56,73,69607,10000,4000,-2,-2,-2,45000,18523,20000,19500,32335,-2,18000,-2,-2,23000,28877,-2,17600,29000,10000,17900,18080,15000,1200,7000,12000
7567,10,-2,2,1,-2,9000,32,27,38613,10000,9200,-2,-2,20000,17000,37900,-2,-2,30400,-2,-5,10000,-2,-2,-2,40000,10000,15000,18700,0,0,2400,0,2035,2304
7568,10,11172,2,1,11172,13000,22,19,20826,15000,13000,16000,6000,30000,24000,35000,31244,-2,35000,18000,23000,21000,23000,26000,-2,56000,64600,63000,39000,90000,100000,100000,34800,-2,75400
7569,10,11172,2,1,11172,13000,17,18,17311,15000,13000,16000,-2,30000,24000,17800,45500,19000,21000,19000,19000,20000,21000,25000,22000,25000,34000,32000,39000,-5,-2,34000,28000,38000,53000
7570,11,9268,1,1,9268,75001,26,27,32744,9432,-2,20000,14368,30000,26000,39500,23300,27078,29005,31000,32700,25900,32500,-5,-5,-5,-5,-5,-5,-5,-5,-5,-5,-5,81324
7571,14,9268,1,2,9268,5800,32,28,38762,9432,-2,20000,14368,30000,-2,-5,32200,30580,50000,59300,59800,60000,66500,75250,108300,139000,390662,182000,-5,116000,-5,-5,-5,-5,364600
7572,11,10500,1,1,10500,-3,6,4,7178,6948,50000,-2,-2,-2,-2,0,500,-2,-2,0,0,8090,0,-2,0,37000,-2,7764,-5,-1,-2,16656,-5,-5,37200
7573,14,-2,1,2,-2,10704,33,37,53453,-3,10000,18000,20000,21550,25000,43000,-2,42000,-5,-5,-5,-5,-5,-5,-5,-5,-5,-5,-5,-5,-5,-5,-5,-5,-5
7574,14,-4,1,2,-3,5640,54,52,56838,8100,0,0,-2,-1,-5,-5,-5,-5,-5,-1,-2,-2,-2,-1,-1,-1,0,-5,-1,-5,-5,-5,-5,-5,-5
7575,14,17000,1,2,17000,22420,55,49,55404,27000,30000,35000,25000,40000,30000,50070,56030,11520,43400,41030,47300,49100,54850,102000,96000,69000,77000,78000,84000,96000,110000,111053,110000,113000,161261
7576,11,17000,1,1,17000,22420,50,55,64301,27000,30000,35000,25000,40000,45000,56000,51010,65400,78010,33000,51020,58040,24050,62900,106000,72750,87000,93050,111070,118000,141000,141000,147800,131000,174000
7577,13,-3,2,2,-3,30000,35,41,43256,35000,20000,50000,30000,3700,1000,3000,-2,6000,13000,6300,1110,4200,-1,4368,13946,12000,17000,0,0,8328,11268,9468,19935,13534,13240
7578,13,17000,2,2,17000,15000,67,59,76195,-3,24000,35000,30000,30000,30000,58000,17000,10000,50150,50500,51000,55000,62500,74000,-2,-2,116,121000,141000,155000,-1,-1,86000,94000,106000
7579,10,-3,2,1,-3,50000,-4,-4,-5,-5,-5,-5,-5,-5,-5,-5,-5,-5,-5,-5,-5,-5,-5,-5,-5,-5,-5,-5,-5,-5,-5,-5,-5,-5,-5
7580,13,18000,2,2,18000,2199,22,14,21715,5500,5620,-2,-2,30125,21900,-2,26624,-5,44880,55200,54000,-1,-2,33450,-2,-1,-5,-5,-5,-1,-1,-5,-5,-5,-5
7581,13,18000,2,2,18000,-3,25,23,34151,32000,45000,35000,-2,6000,9829,11400,12400,15700,22000,19827,23600,26450,28000,44005,75240,-5,83000,87000,91000,114000,93000,98000,106000,116399,163820
7582,10,-2,2,1,-2,-3,6,8,10895,-3,13000,20000,15000,18000,30000,-5,14000,14000,17000,-5,-5,-2,-3,-2,20000,20000,500,22800,40000,45000,38000,56000,-2,52000,-3
7583,13,-4,2,2,4307,6000,17,19,24260,4000,6200,5900,18000,-2,4560,4296,7210,-2,-3,7700,10560,-2,12000,13000,13000,6000,-2,-1,-2,-2,-2,11000,0,0,0
7584,11,22000,1,1,22000,20000,20,21,23936,20000,15000,30000,7200,-2,40000,36000,33000,21900,7030,14600,16000,12000,15000,16500,15000,-2,10200,0,0,11210,-2,-2,-2,-2,-3
7585,14,22000,1,2,22000,20000,9,6,4785,-3,-5,30000,-2,-2,12000,-2,4236,-2,8700,4416,4860,4776,5328,7920,3180,12860,13680,18132,0,8928,-2,16320,11160,8830,36600
7586,14,13000,1,2,13000,25000,-4,-4,-4,27000,30000,-2,50000,25000,-2,-5,78200,24610,25200,28200,70050,53000,53050,-2,78000,80150,100,77000,81000,100000,-5,55000,-5,-5,-5
7587,14,0,1,2,0,-3,12,13,14609,-3,-2,47300,71300,65320,100001,-2,79000,1057448,146942,159805,79000,16040,-2,94448,-5,85006,97552,113000,109000,-2,191800,148000,270000,155000,220000
7588,11,-2,1,1,-2,-5,-4,-4,-5,-5,-5,-5,-5,11500,-5,-5,-2,6000,14503,15538,7052,1055,6312,-2,-5,-5,-2,-1,15628,19000,4000,26832,-5,-5,-5
7589,11,8000,1,1,8000,10000,53,55,70774,16000,25500,30000,-2,3543,10000,8000,10500,-2,-2,14000,10000,4500,5000,-2,22000,5300,-2,-5,30000,-2,5000,2400,7160,0,24000
7590,11,8000,1,1,8000,10000,68,59,67887,16000,28500,30000,10050,21050,30200,15500,33700,22600,10000,0,34240,-2,5000,0,-2,-5,10000,26000,60000,15000,0,30000,65000,-5,83000
7591,14,22000,1,2,22000,-5,-4,-4,-5,-5,-5,9000,-5,-5,-5,-5,-5,-5,-5,-5,-5,-5,-5,-5,-5,-5,-5,-5,-5,-5,-5,-5,-5,-5,-5
7592,11,-2,1,1,-2,9880,30,36,49795,-3,13000,-3,8204,-5,15000,13500,-2,38300,34900,32688,27760,33750,-2,36000,-2,72200,-2,97200,110500,3000,1400,200,0,0,120000
7593,11,7000,1,1,7000,-5,-4,-4,-4,5000,8000,-3,-2,15000,20000,0,0,0,400,-2,3925,0,8800,6500,0,-1,4848,-2,16800,18132,9600,280,-5,-2,-3
7594,11,7000,1,1,7000,4800,-4,-4,-4,600,11455,9330,9920,9000,11304,10000,11000,12000,16000,7000,-5,26000,33310,16000,30000,32000,41000,46000,48000,58000,49000,50000,-1,56000,60000
7595,14,-2,1,2,-2,-3,23,18,24249,-3,12000,5000,10700,-2,-2,-2,-5,15640,16400,9200,19200,22000,1198,1198,13200,16200,3600,14200,31800,48200,52500,62500,106000,107000,105962
7596,11,25000,1,1,25000,23000,14,16,19791,30000,-5,-2,7040,16000,27500,26000,25000,25000,-5,45050,33000,-5,30000,35000,32000,-5,-5,-5,-5,-5,-1,-5,-5,60000,-3
7597,13,25000,2,2,25000,45000,63,65,77492,30000,42000,3800,5900,50000,11050,67030,8100,73000,97200,159805,839078,-2,189918,-5,-5,-5,-5,-5,-5,-5,-5,-5,-5,-5,-5
7598,13,37000,2,2,37000,39500,60,64,66659,51000,75001,60000,28000,33000,36291,100001,-3,40500,50962,53735,48236,55354,61000,84700,79800,80503,85484,101500,119000,131251,137410,151690,162500,176000,211732
7599,10,32000,2,1,32000,600,17,21,22169,5687,7168,37000,-1,46000,10060,16702,21000,-2,26385,27850,32000,32000,32070,38000,44030,49000,55000,58000,58000,52000,-2,84000,-2,114000,98000
7600,13,32000,2,2,32000,42000,27,32,42497,42000,35000,47000,-1,14000,42300,37500,45200,53500,64000,59625,63000,61000,57500,60982,109000,125000,142400,151800,234400,219624,440692,72000,77300,26000,-3
7601,14,-1,1,2,-1,13700,92,80,84836,17050,28400,16312,17923,23037,62300,59000,63700,76300,78120,91900,93519,160097,189918,126180,-1,164400,205300,206454,228495,269360,-2,259125,595986,-2,336765
7602,11,-2,1,1,-2,38000,99,99,99730,40000,50000,75001,22000,27200,28535,32750,56500,-2,45000,100000,53000,55800,88800,87200,73200,78000,81361,113000,122850,138000,153000,165435,181000,190000,207000
7603,14,-2,1,2,-2,52000,96,96,93137,47000,7550,6512,16550,17530,15720,10020,69700,59000,62700,69000,68600,72500,-2,111500,87100,332808,175000,165200,241290,128935,107135,171610,167000,66600,88200
7604,9,-4,3,1,300,6000,79,86,89072,9000,9000,9000,9000,17002,24010,55000,49000,32000,32000,-5,-5,-5,-5,-5,-5,-5,-5,-5,-5,-5,-5,-5,-5,-5,-5
7605,12,-4,3,2,1585,5100,94,98,97733,5000,11500,16500,-2,12000,36210,-2,-2,-2,-2,-5,-5,-5,-5,-5,-5,-5,-5,-5,-5,-5,-5,-5,-5,-5,-5
7606,13,50000,2,2,50000,62500,40,40,41196,70000,65000,63000,70000,80000,90000,99876,100001,1057448,146942,159805,98700,160097,189918,58000,81000,82000,94850,128000,63000,80187,19019,35532,49580,-2,1536
7607,12,8028,3,2,8028,3768,8,4,3441,5100,9720,-2,5000,7764,800,13000,33500,11645,20000,-5,-5,-5,-5,-5,-5,-5,-5,-5,-5,-5,-5,-5,-5,-5,-5
7608,10,1000,2,1,1000,8000,25,22,25060,14000,10000,-1,-2,-5,-5,-5,20000,90000,-5,-5,-1,53000,-2,56000,-5,-5,-5,-5,-5,-5,-5,-5,-5,-5,-5
7609,12,10378,3,2,10378,9000,51,37,52547,2836,12698,13457,17145,16095,17000,20260,28350,15600,35500,-5,-5,-5,-5,-5,-5,-5,-5,-5,-5,-5,-5,-5,-5,-5,-5
7610,9,6000,3,1,6000,10000,93,84,86863,8000,5168,3800,4000,3646,3000,3200,4800,2000,10000,-5,-5,-5,-5,-5,-5,-5,-5,-5,-5,-5,-5,-5,-5,-5,-5
7611,13,-4,2,2,6700,9000,35,37,29459,20000,-2,10000,-2,16000,25000,10000,11000,29000,25000,11800,-2,33000,30600,13395,16760,-2,-2,23400,23000,21000,24000,-2,23000,21000,26000
7612,13,4440,2,2,4440,4776,-3,-3,10160,4630,6940,3610,10928,4000,8748,-2,-2,1057448,11116,-2,-2,13808,13323,7220,-2,-2,87272,-2,6000,19200,20400,19392,20400,8400,-3
7613,10,6000,2,1,6000,10000,31,26,18029,7000,13000,13000,22000,21000,20000,-2,5030,4000,-2,1700,3000,-2,-2,20772,4100,0,-2,8800,-5,-5,-5,-5,0,57000,70000
7614,10,6000,2,1,6000,10000,43,43,50214,7000,13000,13000,22000,21000,0,3000,1020,-2,5600,5000,5000,-2,21000,16400,-5,-5,-5,-5,-5,-5,-5,-5,-5,-5,-5
7615,13,9600,2,2,9600,9000,14,14,15436,-3,10000,0,0,0,1100,0,0,-5,7000,11500,8000,5768,2940,6000,10000,14000,-2,15184,42000,-2,18012,-2,48000,37000,77600
7616,13,9600,2,2,9600,9000,8,7,15552,15000,-1,620,2820,3500,4900,6260,3513,4488,7160,2580,4680,5040,6212,-2,4710,-2,8940,56648,55200,60500,75000,23800,-2,31200,9100
7617,13,4000,2,2,4000,-3,15,12,16331,-3,-2,-2,65,3012,3168,12192,4400,4656,5316,5628,6300,5508,5628,3852,11208,-2,-1,-2,-2,-1,-5,-5,-5,-5,-5
7618,13,4000,2,2,4000,-3,8,5,1937,-3,-2,5008,4828,17012,2602,6000,11216,1000,15000,5000,16800,11026,11920,-2,18000,-1,19000,15000,-1,-2,-1,15620,29400,0,10000
7619,13,4000,2,2,4000,1906,3,2,2753,2700,2700,3912,9600,2000,1560,-2,4308,3468,3228,-5,0,-2,3000,0,0,-2,0,400,27500,-2,0,-5,-5,-5,0
7620,10,4000,2,1,4000,9000,40,39,40240,7750,3000,-2,13500,22730,12258,24750,28800,28030,31450,30950,32010,34900,33900,41150,41115,45000,46200,51200,91200,96320,124400,106300,113300,102100,-3
7621,10,-4,2,1,-2,8000,8,14,11173,-3,-2,9862,6000,-2,10700,-2,11900,9600,10560,12108,14600,25888,23614,-2,47000,47000,50678,44000,45554,-2,-2,-2,18000,-2,-3
7622,13,-4,2,2,4600,8000,11,9,8884,6401,-2,-2,11522,13690,10810,13000,-2,-2,14000,17664,11600,-2,-2,-2,-2,-2,-2,-1,79500,-2,-2,31616,-2,27344,-3
7623,13,2640,2,2,2640,9920,8,9,20200,3400,-2,6000,5442,4500,950,0,0,0,450,0,5280,0,0,0,0,6144,6324,-5,-5,-5,-5,-5,-5,-5,-5
7624,10,2640,2,1,2640,9920,6,6,2139,3400,-2,6000,-2,-2,-2,32750,16600,16000,-2,-5,-5,-5,-5,-5,-5,-5,-5,-5,-5,-5,-5,-5,-5,-5,-5
7625,13,28000,2,2,28000,30000,31,30,27688,30000,-2,35000,58000,35000,-2,17000,22500,19000,26000,29001,38990,34060,1200,24000,17900,16000,32500,34000,-2,73000,45740,33000,19515,33000,30000
7626,13,28000,2,2,28000,30000,7,10,14730,30000,35000,35000,58000,24000,10000,-2,7000,11000,4000,11000,14460,2000,16380,15000,20600,8000,-2,25714,37000,19256,20428,17892,23528,22648,20708
7627,10,28000,2,1,28000,30000,4,4,2555,30000,35000,35000,58000,35000,-2,1466,-2,-2,-2,-2,-2,-2,-2,1500,0,-2,-2,-5,0,-2,0,-2,-2,-2,1152
7628,10,10000,2,1,10000,-3,25,32,31560,11400,-2,22000,19000,34000,25120,39700,-2,26000,23000,46000,-2,38000,23000,11810,-2,32000,40600,16637,4000,486,16020,11436,16800,16320,16416
7629,10,10000,2,1,10000,-3,53,62,64658,12250,13559,38676,31900,-2,-2,13604,-2,37500,38000,-2,33000,32700,-2,66000,81000,87200,90000,65000,55000,55000,94484,108000,110000,103000,144000
7630,13,10000,2,2,10000,10000,40,44,60152,8700,-3,-2,-2,-2,12520,19007,-2,18000,8400,37000,47800,-1,55000,-5,48600,332808,-2,29928,13524,31000,187200,15204,16032,16476,16584
7631,9,8000,3,1,8000,5937,30,23,29882,6788,7936,26000,-2,14972,8544,-2,19164,-5,-5,-5,-5,-5,-5,-5,-5,-5,-5,-5,-5,-5,-5,-5,-5,-5,-5
7632,12,5000,3,2,5000,7000,57,55,70514,2068,13928,15359,39239,13210,12000,9388,15000,17510,21760,-5,-5,-5,-5,-5,-5,-5,-5,-5,-5,-5,-5,-5,-5,-5,-5
7633,10,5000,2,1,5000,10000,9,8,5463,7000,20000,22500,-2,12000,-2,55000,49000,-2,18000,48000,-2,35000,-2,55000,0,9000,73000,90000,10421,82000,-1,0,78824,31740,-5
7634,10,5000,2,1,5000,8000,7,11,10465,7000,-2,20900,16600,-2,15000,4960,-2,-2,0,10000,3000,-2,14000,-2,0,0,-5,-5,0,-5,0,0,-5,776,2364
7635,10,5000,2,1,5000,10000,20,28,25422,7000,-2,12000,15000,5000,7000,6000,10000,-5,20000,19014,15784,10000,-1,-5,-5,38000,-5,-1,32500,42000,-5,-5,-5,-5,-5
7636,13,-4,2,2,9924,-3,24,19,13711,2720,5700,-1,5268,6000,-2,-1,-2,-2,-2,-2,6252,-2,-3,8850,9000,14500,8000,15000,-1,-1,-1,-1,0,15000,-3
7637,10,-4,2,1,8790,-5,29,29,29661,15000,-5,-1,22700,-5,-5,30000,-5,37000,40005,-5,47000,53040,-5,-5,-5,-5,-5,-5,-5,78000,-5,-5,-5,-5,-3
7638,10,20000,2,1,20000,26000,34,37,33213,9000,-2,-2,25404,-5,-5,-5,-5,-5,-5,-5,58925,-1,58500,73000,-2,-5,88514,-5,-5,-5,-5,-2,-5,-2,-3
7639,10,3564,2,1,3564,9828,1,1,435,6000,-3,6000,4960,-2,12400,4784,4000,4000,9897,8900,9000,10000,19862,12000,10000,13500,14000,16000,16000,18000,20000,19000,17000,-5,-5
7640,10,1680,2,1,1680,1392,21,18,16260,4008,7704,7730,9357,-3,32534,-2,-2,54100,24056,32000,-2,-2,82809,48000,45000,43000,55000,69000,-1,-5,-5,48000,36000,22514,-5
7641,10,1680,2,1,1680,1392,8,4,7779,7600,-3,-2,10500,5600,5574,-2,-2,3800,11000,12000,14000,17000,17000,24000,42000,12000,13000,7000,-5,-5,-5,0,11448,-5,24952
7642,13,1680,2,2,1680,1392,20,18,18081,7600,-3,-2,2000,5000,5000,10900,-2,6600,16000,17500,14200,21000,21000,48400,82400,-2,102000,116000,124500,-5,31000,32068,41000,31268,33000
7643,10,1680,2,1,1680,1392,2,1,520,7600,-2,-2,2000,5600,22700,-2,0,-2,0,0,0,0,0,0,-2,-5,-2,0,2500,-5,-5,-5,0,9027,-3
7644,10,4429,2,1,4429,2000,17,21,12980,-3,-3,-2,3800,1200,4000,-3,-2,6180,-2,29000,-3,-2,15000,15000,23000,32000,-5,-5,-5,-5,-5,-5,-5,-5,-5
7645,13,4429,2,2,4429,2000,7,5,9064,184,-1,3781,4007,4500,6060,5048,5904,6672,6900,-2,4622,-2,9139,6392,4780,7280,10000,9048,14000,10378,23198,-5,-5,-5,25000
7646,13,-4,2,2,13836,1150,4,6,7021,10900,2844,4735,-2,4944,-2,1326,4847,3486,4398,5988,-3,-5,11232,-2,8096,-5,11544,10812,-5,10524,26028,20592,-2,18420,9780
7647,10,34000,2,1,34000,50000,37,38,27371,20000,11500,14000,28020,32000,34460,28550,13200,11800,36000,39148,17000,15700,20000,26700,27000,0,117000,117000,129500,147000,140000,164000,155000,187770,147000
7648,13,-4,2,2,-3,7615,42,35,30447,11828,11580,23600,36398,13668,18205,18656,11850,22205,10361,26789,19000,18500,39744,-2,-5,-5,-5,-5,-5,-5,-5,-5,-5,-5,-5
7649,13,9000,2,2,9000,8000,57,50,44597,17500,-2,23500,26900,23000,25000,26000,26500,28500,31200,32500,36000,33100,39900,38000,38500,42100,49000,52100,92000,103000,106000,119000,107000,103000,117000
7650,10,9000,2,1,9000,8000,52,42,46131,2895,-2,1968,-2,-2,15000,15800,16000,18000,17000,18200,19000,28200,21000,22000,27000,36000,88000,88000,90000,100000,103000,103000,65000,60000,60000
7651,13,9000,2,2,9000,1968,23,23,29304,2895,-2,-2,8736,24000,-2,23000,12000,12000,22000,24000,46000,0,62000,85000,-5,-5,103000,126000,174000,120000,102448,-5,-5,-5,-5
7652,13,9000,2,2,9000,1968,35,25,34420,2895,-2,-2,2560,-2,8382,5600,31332,37400,18000,-2,27300,16800,24300,25000,33000,42000,43300,43500,50000,54000,59100,75000,84000,77500,84500
7653,13,7500,2,2,7500,8000,49,57,68802,9000,-2,6000,-2,-2,-2,19000,14000,16000,19500,-2,21000,-2,25600,-5,-5,-2,-2,46500,61423,81840,-2,95826,117800,-5,-5
7654,10,3720,2,1,3720,2600,30,27,26156,6500,-2,3120,2640,11000,10000,-2,-2,14604,18560,-2,38180,-2,8300,37500,-2,-2,-2,-2,74000,80000,-1,-2,-2,33280,46600
7655,13,-3,2,2,-3,-3,21,23,24713,22960,-2,18900,25602,26800,30620,17000,16350,2753,19496,18000,-3,-2,-2,21000,36750,-2,14745,32000,20400,-2,-1,-2,-2,-1,-3
7656,10,19500,2,1,19500,42000,8,9,6186,-3,10354,10024,10993,-2,19950,15750,15600,15500,19967,44300,-2,-2,8000,-2,15000,22000,127000,85000,95000,-1,115000,25000,30000,-2,-3
7657,13,19500,2,2,19500,42000,6,11,10768,-3,45900,-2,-2,40000,27000,-2,38000,43000,39446,40772,82050,46300,38000,42000,-2,46000,55000,35000,55780,210564,35880,36000,39000,38400,50400
7658,13,-3,2,2,-3,-5,-4,-4,-5,-5,-5,-5,-5,-5,-5,-5,-5,-5,-5,-5,-5,-5,-5,-5,-5,-5,-5,-5,-5,-5,-5,-5,-5,-5,-5
7659,10,-2,2,1,-2,-5,-4,-4,-5,-5,-5,-5,-5,-5,-5,-5,-5,16500,-2,-2,-5,-5,-5,-5,-5,-5,-5,-5,-5,-5,-5,-5,-5,-5,-5
7660,13,19000,2,2,19000,-5,-4,-4,-5,-5,-5,-5,-5,-5,-5,-5,-5,-5,-5,-5,-5,-5,-5,-5,-5,-5,-5,-5,-5,-5,-5,-5,-5,-5,-5
7661,10,9500,2,1,9500,8000,21,34,43858,11500,11000,6500,9800,12800,19675,11050,-3,26316,17460,17400,16895,23320,-2,25100,19700,34437,34226,23837,55700,78500,80600,43000,48000,40000,25000
7662,13,5777,2,2,5777,12000,15,12,14278,9000,10000,20750,-2,-2,11019,3693,0,-2,-2,-2,-2,-2,6983,-2,3681,-2,-2,18200,0,1332,95000,1845,0,16572,17772
7663,13,5777,2,2,5777,12000,25,18,27684,9000,31500,20750,3450,-2,25000,-2,30500,46500,71000,80150,53100,88000,70785,69995,62000,98000,78000,80000,70000,80000,105000,-2,110000,120000,120000
7664,10,15000,2,1,15000,-3,26,20,25468,20000,20000,30000,1550,3080,13404,21526,25700,25850,-5,36000,36936,36928,38000,74980,40300,59000,49850,53160,12945,43600,23500,53890,-5,50000,39000
7665,13,-4,2,2,-2,-3,6,6,2446,6210,-2,29200,-2,4550,10200,5948,6826,17018,11450,-5,-5,-5,-5,-5,-5,-5,-5,42000,33000,-2,196800,23388,12768,14079,1100
7666,10,19000,2,1,19000,16361,14,12,13896,15000,21278,25000,19000,23000,-2,17000,-5,30000,-5,25000,-5,-1,30000,36000,-1,20000,-5,-5,-5,-5,-5,-5,-5,-5,-5
7667,10,-4,2,1,0,16900,5,4,2651,3000,-2,-3,11421,8492,-2,3630,3569,2141,-5,-2,1023,-2,-2,-2,2390,-2,-2,-5,52120,24522,16040,30436,-2,3144,-5
7668,10,18000,2,1,18000,25000,18,16,19809,27000,35000,39000,70000,23000,45000,5000,13000,37000,44158,44030,23488,-2,-2,47700,62200,67200,73000,81200,103000,89300,106000,105000,128000,125000,124000
7669,13,-4,2,2,13250,15780,50,51,32666,16000,18000,0,-2,29968,3480,7600,-5,23000,27000,26340,32000,28000,22000,25000,19760,18000,58000,58000,49000,73000,76000,88600,100000,103000,102000
7670,13,15000,2,2,15000,-3,15,15,10303,10531,-2,-2,25000,13650,13488,30040,3629,13000,12730,20000,32000,35000,20000,15000,-2,15000,15000,16000,15000,33200,30800,60200,-1,21262,29088
7671,13,-2,2,2,-2,-3,10,8,12460,-3,-2,22850,25000,25000,22000,35000,37000,37500,43000,46000,44000,49000,54000,59000,63000,-5,-5,-5,-5,-5,-5,-5,-5,-5,42000
7672,13,4000,2,2,4000,3900,4,3,1535,10158,-2,-2,-2,-2,-2,-2,-2,5000,-5,12672,-2,15000,11000,3921,-1,-2,17000,22712,10500,18000,13276,12000,15000,15000,-3
7673,13,4000,2,2,4000,3900,3,3,2294,10158,-2,4085,7026,7984,-2,-2,-2,-2,-2,-2,-2,-2,-2,5376,1098,-2,-2,-5,0,0,1200,0,400,0,0
7674,10,20000,2,1,20000,19000,15,12,17014,22000,35000,-2,38600,30000,7010,17000,14200,-5,-5,-5,-5,-5,-5,-5,-5,-5,-5,-5,-5,-5,-5,-5,-5,-5,-5
7675,10,16500,2,1,16500,20000,10,8,16603,-3,10000,-2,9386,30349,46508,40700,27816,51988,33000,20390,41000,63193,43202,20004,-2,32000,49500,-2,28800,72000,36000,18000,28000,59000,88000
7676,10,-1,2,1,-1,35000,70,68,76906,33000,48000,74100,44000,5700,5000,40450,42200,61600,34200,22000,24820,-2,-2,120900,88000,74000,86500,-2,40000,49000,101100,-2,90000,80000,90000
7677,10,-1,2,1,-1,35000,60,73,81976,33000,37000,35000,44000,69000,-2,-2,16000,-2,10580,-2,8000,17750,32000,-2,29500,-5,8000,5000,57600,42050,58484,21420,24000,24000,78000
7678,13,-1,2,2,-1,35000,8,4,4474,33000,37000,35000,44000,69000,65000,16050,31000,31776,36400,44400,49184,37000,48000,43970,-2,-2,-2,-2,-5,-5,-5,-5,-2,-2,-3
7679,13,16000,2,2,16000,-3,23,22,24879,-3,-2,22150,-2,-2,25000,20000,23000,34000,34200,-2,44600,56000,-2,-2,-1,31000,81000,70580,48400,86500,-2,92844,115000,-2,144000
7680,10,-2,2,1,-2,27000,9,7,10417,-5,-2,-2,10100,-2,-2,-2,-2,-2,-5,-5,8800,400,5000,14000,13700,14110,-2,-5,0,-5,-5,-5,-5,-5,-5
7681,13,-4,2,2,-3,18730,7,8,3685,-3,-2,12596,13580,13293,5008,9960,6012,-2,8480,7531,6336,5172,598,-2,-2,-2,-2,-2,-5,-5,-5,-5,-5,-5,-5
7682,13,-2,2,2,-2,-3,4,8,13507,-3,-2,-2,13959,-2,-2,25000,-2,-2,31384,-2,46000,-2,55000,-2,-2,6500,0,0,-2,-2,-2,8088,9420,-2,-5
7683,14,-4,1,2,25350,21015,17,23,22017,32000,46400,-5,-5,-5,-5,-5,-5,-5,-5,-5,-5,-5,-5,-5,-5,-5,-5,-5,-5,-5,-5,-5,-5,-5,-5
7684,14,9000,1,2,9000,9480,30,36,46809,-3,-2,4000,7895,15150,22396,32125,25560,25538,28517,36019,37500,38025,44900,43804,59000,-2,47000,66550,117000,116000,64138,73647,-5,-5,152200
7685,13,-4,2,2,3500,6800,21,23,24462,10790,-2,2025,4515,4512,4728,5496,1758,6479,7144,3670,9612,10431,2600,4300,13000,10800,17000,18000,15600,33000,25000,18660,14000,34868,33968
7686,10,-2,2,1,-2,-5,-4,-4,-4,-3,-5,-5,-5,-5,19000,-5,-5,27000,-3,-5,16000,24000,24000,-5,47000,42000,50000,-5,-5,-5,-5,-5,-5,-5,-5
7687,13,4000,2,2,4000,-5,53,49,42208,15360,25000,15000,-2,21000,-5,26060,27000,27000,30000,36500,38600,94000,107876,124600,127200,119200,173200,191200,205200,454737,194000,188000,208000,196000,248700
7688,13,19000,2,2,19000,8000,26,23,28995,-3,-2,-2,9685,20000,17500,17765,19300,18560,62300,-2,11000,23720,33010,33200,33000,-2,34000,49476,65000,75000,75000,62364,45656,22896,22656
7689,13,19000,2,2,19000,11000,25,21,19013,38000,-2,-2,22000,-2,19000,28000,58411,-2,-2,-2,75976,72385,70720,70000,-2,95800,87000,97000,115000,25800,70000,37636,25992,25992,57000
7690,10,19000,2,1,19000,8000,29,32,46441,-3,-2,10000,8000,-2,-2,14000,37499,36100,60050,31400,35000,38000,51000,62340,78100,108000,130116,40000,55000,-2,142000,-1,31075,81000,30000
7691,13,12000,2,2,12000,-3,23,19,17635,30000,28000,1050,4800,-3,14800,15000,15900,18000,16000,15000,16000,-2,46000,50100,84800,46000,89030,105350,100000,115000,123000,121000,130000,81160,14976
7692,13,12000,2,2,12000,16000,11,12,20519,18000,-2,22000,-2,1000,1500,-2,2000,18000,17500,22000,20000,19400,19000,-2,-2,-2,-2,29500,32000,42000,48000,51000,40000,45000,45000
7693,13,3300,2,2,3300,5291,17,16,12543,7552,7000,14000,9910,5692,6500,6144,15742,10312,19646,10200,8000,7622,8796,15056,23656,-2,54000,4779,18258,-2,22239,-5,-5,-5,-5
7694,13,3204,2,2,3204,3132,7,4,4526,4000,-2,5505,-2,10900,-2,10314,-2,24320,-2,9886,-2,-2,-2,37700,18780,27780,-2,-5,-5,69624,-5,42600,-5,-5,88000
7695,13,3204,2,2,3204,3132,12,16,25021,4000,2000,5505,-2,12100,11318,10300,29680,23539,27400,28800,37800,8100,12900,-2,13100,19500,23700,37000,29600,36000,78500,37200,38500,26460,42500
7696,10,3204,2,1,3204,3132,2,2,12698,4000,2000,5505,-2,10900,20000,33700,-2,24672,-2,-2,-2,-2,-2,11200,41000,28500,49700,-2,44160,13200,13560,12000,26400,17280,3180
7697,10,13200,2,1,13200,17000,30,37,41391,7694,7000,10600,3200,13142,12000,5214,-2,-2,-2,30000,-2,20209,25779,-2,53000,57000,95000,-2,53000,94700,74000,55000,67400,75000,124000
7698,10,13200,2,1,13200,17000,26,32,40920,20000,25000,28960,25000,30000,24000,14000,-2,-2,-2,33000,-2,-2,-2,82000,94000,-2,-2,-2,-5,-5,-5,-5,-5,-5,-5
7699,10,11800,2,1,11800,20000,8,13,19877,-3,-2,18000,-2,60000,-2,-2,-2,-2,-3,9000,16250,-2,25950,-2,-2,19925,17000,26000,37000,33000,-2,50000,6000,0,-3
7700,10,11800,2,1,11800,20000,2,1,685,11000,20000,22890,24000,-2,9256,-5,-2,25000,25000,37000,22000,-5,-5,-5,-5,-5,60000,66000,100000,-1,-1,-1,-5,-5,-5
7701,10,11800,2,1,11800,6082,10,10,19088,-3,3000,22500,7000,6000,9900,6708,-2,19200,7869,11500,-2,-2,11500,-5,14120,21000,31008,-2,32000,34200,0,37212,37200,36060,77400
7702,10,11800,2,1,11800,6080,32,35,49962,4000,6000,8444,8196,2500,7500,-5,-5,-2,-5,-5,-5,-5,-5,10000,36000,-5,-5,-5,-5,-5,-5,-5,-5,-5,-5
7703,10,27000,2,1,27000,26900,36,46,44383,29000,28000,41800,45000,45000,5000,33000,33000,68300,69500,86300,50100,75500,64000,91000,106500,116000,0,165400,479983,217000,180000,235000,236000,228000,255000
7704,13,2000,2,2,2000,-3,1,2,3205,1968,164,-2,1212,-2,5000,4668,1110,8656,8824,4560,5220,10016,11146,-2,-2,17340,16640,9428,8889,12456,14256,13956,9660,-2,-3
7705,10,20000,2,1,20000,35000,35,29,25472,-3,47294,-2,-2,37600,-2,8500,37200,-2,-2,-2,-2,-2,-2,-2,-2,-2,13500,14000,33000,-2,-2,16000,-2,-5,-5
7706,13,-2,2,2,-2,1764,17,25,37703,4000,-2,-2,-2,4800,10000,7000,37200,-2,-2,-2,-2,-2,-2,-2,-1,-5,95000,72575,48000,52500,75000,-5,-5,-5,75000
7707,10,-2,2,1,-2,-3,53,69,54075,-3,-2,-2,-2,-2,-5,15000,14025,-5,17050,25115,26040,30000,29000,32000,37000,-2,93000,59460,70000,76000,72870,45000,51000,60000,76000
7708,13,20000,2,2,20000,12000,67,72,67636,24000,25000,10700,15446,-2,36000,-5,-5,52000,-3,37000,37200,-2,-2,39000,-2,-2,98000,-2,95000,95000,-2,-5,-2,-5,-5
7709,10,17000,2,1,17000,27000,20,15,21908,26000,-2,27000,6000,14899,-2,26373,19000,15750,-2,14000,16488,17556,16301,17800,22900,9000,15356,9000,17516,3427,10056,10632,10704,10992,12120
7710,13,17000,2,2,17000,27000,8,3,4179,75001,29000,27000,-2,1944,9002,10749,5065,-2,11574,11142,5934,-3,22850,22246,27854,28100,54528,38804,53906,42000,17875,63664,24392,93000,23186
7711,10,17000,2,1,17000,27000,12,10,16289,26000,29000,294,2100,15999,-2,12294,27580,46300,9650,14967,10130,-2,-2,-2,0,62112,28000,0,73550,-1,-2,-2,32000,25000,34000
7712,10,5000,2,1,5000,-3,28,36,48926,-3,-2,-2,7000,12392,20660,22700,17000,5000,-2,18500,8330,12632,15804,-2,-2,5600,1500,17624,1800,4830,-2,30000,12660,36000,14000
7713,13,5000,2,2,5000,3400,12,11,7326,7000,19000,6500,960,7000,6500,3600,4330,4230,3652,5384,8548,9080,5680,-5,-5,11420,-5,-5,-5,-5,-5,17000,-5,-5,22000
7714,10,5000,2,1,5000,3400,14,13,20678,7000,19000,6072,3410,13000,13000,94,5207,-2,5562,-2,-2,-2,10000,10240,-2,-2,0,-5,0,-5,0,39030,45000,40000,8760
7715,10,5000,2,1,5000,3400,7,5,5282,7000,19000,6500,473,2800,-2,3387,4688,6676,8200,6000,6000,5573,6500,-2,3804,-2,-5,-5,-5,-5,-5,-5,-5,-5,-5
7716,11,45000,1,1,45000,50000,77,74,66291,50000,16030,27010,29300,39150,47000,43000,60000,53700,58200,47400,49600,51300,71000,73000,85500,96000,145000,155000,170000,185000,213200,155000,167000,130000,170000
7717,11,45000,1,1,45000,-3,34,36,42404,60000,-2,-2,24000,22800,24700,-2,41105,42000,47000,32500,38000,33000,43620,40000,51000,45700,63800,26352,28800,146000,22900,100000,97135,91000,77500
7718,11,45000,1,1,45000,-3,44,39,41514,50000,-2,-2,64000,35000,-2,4000,-2,-2,-2,14200,16900,32150,19500,24165,-5,-5,0,-2,-5,-5,-5,-5,-5,-5,-5
7719,11,45000,1,1,45000,-3,73,74,76977,50000,-2,-2,55000,10000,23500,21600,26500,32600,46000,83000,91500,95000,189918,-5,140000,-2,132000,110000,214000,266000,-5,-5,-5,-5,282000
7720,11,45000,1,1,45000,-3,76,81,83227,50000,-2,-2,60111,65000,-2,13500,18250,43050,62150,88200,79300,81150,87075,91000,108250,133000,123000,143000,172600,191000,222500,274000,305500,307000,766958
7721,11,-4,1,1,-3,-5,46,49,36824,3600,7600,4800,4800,0,450,-5,-5,-5,-5,4237,9143,7000,0,974100,18100,24100,-5,-5,-5,-5,-5,-5,-5,-5,-5
7722,12,-4,3,2,1784,16176,99,96,90957,25020,18020,26015,29075,53075,-2,47200,49200,54185,35150,-5,-5,-5,-5,-5,-5,-5,-5,-5,-5,-5,-5,-5,-5,-5,-5
7723,11,-4,1,1,2400,-3,99,97,91898,3020,8300,-1,14110,4500,14100,9000,19000,-2,-1,-1,-2,-1,-1,-1,-1,-1,-1,-1,-1,-5,-1,-5,-1,-5,-3
7724,9,-4,3,1,7676,10077,89,87,75525,-3,9200,5000,9400,22400,33000,33200,47700,68500,85000,-5,-5,-5,-5,-5,-5,-5,-5,-5,-5,-5,-5,-5,-5,-5,-5
7725,9,-4,3,1,3325,11000,-4,-4,-4,20000,75001,75001,-1,-5,-1,-1,-5,-5,-5,-5,-5,-5,-5,-5,-5,-5,-5,-5,-5,-5,-5,-5,-5,-5,-5
7726,9,-4,3,1,-2,-3,-4,-4,-4,-3,50000,-5,-5,-5,-5,-5,-5,-5,-5,-5,-5,-5,-5,-5,-5,-5,-5,-5,-5,-5,-5,-5,-5,-5,-5
7727,9,-4,3,1,5170,4400,38,44,46036,14245,20000,19000,28100,-2,-1,-1,-1,53500,56000,-5,-5,-5,-5,-5,-5,-5,-5,-5,-5,-5,-5,-5,-5,-5,-5
7728,9,-4,3,1,5100,4000,78,70,54173,2400,6000,8500,27000,26000,24000,48000,37940,46000,46000,-5,-5,-5,-5,-5,-5,-5,-5,-5,-5,-5,-5,-5,-5,-5,-5
7729,12,-4,3,2,7000,8000,-4,-4,-4,9000,14000,20000,15000,13000,19400,-5,-5,31000,-5,-5,-5,-5,-5,-5,-5,-5,-5,-5,-5,-5,-5,-5,-5,-5,-5
7730,12,25000,3,2,25000,26000,74,76,66779,30000,20000,46550,39600,27440,36400,30200,33150,35500,36400,-5,-5,-5,-5,-5,-5,-5,-5,-5,-5,-5,-5,-5,-5,-5,-5
7731,12,-4,3,2,2450,4900,86,91,76048,8200,16000,17000,20000,24800,25940,24000,23700,34000,27540,-5,-5,-5,-5,-5,-5,-5,-5,-5,-5,-5,-5,-5,-5,-5,-5
7732,9,-4,3,1,4580,7930,82,91,84028,9358,75001,75001,75001,23070,36000,55600,53100,54000,68000,-5,-5,-5,-5,-5,-5,-5,-5,-5,-5,-5,-5,-5,-5,-5,-5
7733,11,12000,1,1,12000,-5,-4,-4,-4,15000,34000,30000,9000,14670,14000,14000,14000,20600,5440,-2,0,5000,15000,23000,24000,24000,50000,12359,30000,32870,22317,35000,44000,45000,0
7734,12,4000,3,2,4000,10000,46,41,48135,10000,7010,9762,26000,10000,11691,11160,-2,-2,61400,-5,-5,-5,-5,-5,-5,-5,-5,-5,-5,-5,-5,-5,-5,-5,-5
7735,12,-4,3,2,13000,12000,55,51,61030,-3,8000,15000,22838,-5,-1,-5,11000,9320,20400,-5,-5,-5,-5,-5,-5,-5,-5,-5,-5,-5,-5,-5,-5,-5,-5
7736,12,-4,3,2,6000,7294,69,64,53487,7400,21540,35640,32420,35896,18500,23200,22000,22500,23680,-5,-5,-5,-5,-5,-5,-5,-5,-5,-5,-5,-5,-5,-5,-5,-5
7737,9,-4,3,1,2000,4150,-4,-4,-4,10000,11000,28000,38600,39600,-2,52040,37000,42000,14000,-5,-5,-5,-5,-5,-5,-5,-5,-5,-5,-5,-5,-5,-5,-5,-5
7738,12,5920,3,2,5920,8412,45,46,51103,-3,29500,10650,39000,-1,15050,42000,-5,32000,-5,-5,-5,-5,-5,-5,-5,-5,-5,-5,-5,-5,-5,-5,-5,-5,-5
7739,12,5920,3,2,5920,8412,54,40,43213,-3,16000,21300,-2,19138,15800,22073,18907,46000,41000,-5,-5,-5,-5,-5,-5,-5,-5,-5,-5,-5,-5,-5,-5,-5,-5
7740,12,5920,3,2,5920,8412,59,62,74050,3000,6500,8000,18238,19091,6018,21750,45850,65750,40000,-5,-5,-5,-5,-5,-5,-5,-5,-5,-5,-5,-5,-5,-5,-5,-5
7741,9,-4,3,1,4450,-5,94,92,89088,-3,22000,5200,-2,5000,11538,16000,15000,12000,27000,-5,-5,-5,-5,-5,-5,-5,-5,-5,-5,-5,-5,-5,-5,-5,-5
7742,9,-4,3,1,-3,8500,-4,-4,-4,-3,21164,19200,12000,18500,-2,16800,16500,19200,22500,-5,-5,-5,-5,-5,-5,-5,-5,-5,-5,-5,-5,-5,-5,-5,-5
7743,9,-3,3,1,-3,5150,92,90,90016,6419,11190,11200,10150,7520,6500,8500,8500,13100,27000,-5,-5,-5,-5,-5,-5,-5,-5,-5,-5,-5,-5,-5,-5,-5,-5
7744,9,-4,3,1,3520,35000,76,80,83074,3700,9500,6000,9000,-2,16000,19800,18225,18020,25000,-5,-5,-5,-5,-5,-5,-5,-5,-5,-5,-5,-5,-5,-5,-5,-5
7745,12,-4,3,2,3700,-3,66,70,71862,10700,-5,15000,-2,-2,25500,20000,-5,-5,-5,-5,-5,-5,-5,-5,-5,-5,-5,-5,-5,-5,-5,-5,-5,-5,-5
7746,12,-4,3,2,3250,4500,95,94,84460,20100,35500,24600,52750,55600,58400,56030,48000,49700,58300,-5,-5,-5,-5,-5,-5,-5,-5,-5,-5,-5,-5,-5,-5,-5,-5
7747,12,-4,3,2,5650,5250,70,74,66060,4400,15000,16000,18000,2000,-2,24700,28400,27104,31000,-5,-5,-5,-5,-5,-5,-5,-5,-5,-5,-5,-5,-5,-5,-5,-5
7748,11,-4,1,1,3150,8927,49,58,52493,8520,30000,7500,9000,24000,-2,6035,5500,-5,-5,10500,13822,13600,6490,65650,25000,65000,80000,90000,80000,190000,440692,497763,595986,310000,150000
7749,11,-4,1,1,3650,4850,-4,-4,-5,-5,-5,-5,-5,-5,3250,5350,-5,-5,-5,11628,14000,17800,15400,15400,58800,-2,-5,-5,-5,-5,-5,-5,-5,-5,-5
7750,14,-4,1,2,12200,20000,72,62,69324,20000,37000,37341,43025,20400,21379,44000,33000,25200,25000,67000,34200,65020,189918,-2,-2,332808,390662,243724,241012,454737,440692,-2,-5,-2,-3
7751,12,-4,3,2,10200,8250,93,89,90350,24000,20012,33750,36800,37700,-5,37382,28000,-5,-5,-5,-5,-5,-5,-5,-5,-5,-5,-5,-5,-5,-5,-5,-5,-5,-5
7752,9,13000,3,1,13000,9705,87,92,81780,5940,11000,14523,15030,19700,18364,23050,44000,51000,61500,-5,-5,-5,-5,-5,-5,-5,-5,-5,-5,-5,-5,-5,-5,-5,-5
7753,10,-4,2,1,4759,6290,80,74,67140,-3,55000,6300,3100,0,-1,-1,21000,18000,68100,-2,80000,160097,50200,974100,62000,60300,140300,65000,50000,95600,62000,87000,82000,98000,146000
7754,13,-4,2,2,4108,3600,53,48,44836,20000,30010,31020,41020,45976,55072,53000,22620,24000,25505,26000,62010,50013,46525,28700,-2,48500,98500,-2,128000,83000,80000,88000,79000,55000,95000
7755,12,-4,3,2,-2,-3,-4,-4,-4,31025,36500,46800,42000,40400,45200,81800,49800,62500,57200,-5,-5,-5,-5,-5,-5,-5,-5,-5,-5,-5,-5,-5,-5,-5,-5
7756,12,-4,3,2,4300,1500,74,62,51867,4036,12000,13300,17500,21000,22100,18050,22000,25000,27100,-5,-5,-5,-5,-5,-5,-5,-5,-5,-5,-5,-5,-5,-5,-5,-5
7757,12,-2,3,2,-2,45000,87,82,83924,-3,13777,32600,38000,30538,-2,37200,52500,-2,67020,-5,-5,-5,-5,-5,-5,-5,-5,-5,-5,-5,-5,-5,-5,-5,-5
7758,9,6000,3,1,6000,13600,41,38,41469,-3,13800,9000,2850,-2,-2,500,3000,-2,3000,-5,-5,-5,-5,-5,-5,-5,-5,-5,-5,-5,-5,-5,-5,-5,-5
7759,12,-4,3,2,2500,4600,86,84,83943,0,10600,14000,18405,14000,14050,16050,1067,1070,0,-5,-5,-5,-5,-5,-5,-5,-5,-5,-5,-5,-5,-5,-5,-5,-5
7760,14,-4,1,2,5550,9170,80,82,80162,-3,-2,34800,17000,20100,30100,45000,26300,28200,29200,-2,80000,-2,85000,84000,-2,59800,-5,-5,-5,72000,75600,-1,-5,-5,766958
7761,12,-4,3,2,18150,16200,99,99,98560,20300,65000,46000,51050,51000,59600,75500,77500,90500,146942,-5,-5,-5,-5,-5,-5,-5,-5,-5,-5,-5,-5,-5,-5,-5,-5
7762,9,-4,3,1,5440,33543,90,95,89399,7519,7649,16309,19400,23000,19500,23500,-5,-5,-5,-5,-5,-5,-5,-5,-5,-5,-5,-5,-5,-5,-5,-5,-5,-5,-5
7763,9,-4,3,1,3410,6018,94,93,92598,9630,17900,24450,33000,49500,62900,59300,63500,52500,34500,-5,-5,-5,-5,-5,-5,-5,-5,-5,-5,-5,-5,-5,-5,-5,-5
7764,12,-4,3,2,3500,4400,74,78,77775,4470,6200,75001,22000,21900,51000,26000,28000,31500,35100,-5,-5,-5,-5,-5,-5,-5,-5,-5,-5,-5,-5,-5,-5,-5,-5
7765,12,-4,3,2,3805,50,75,77,69788,7200,154,15778,22765,18200,20500,51600,56100,58721,63015,-5,-5,-5,-5,-5,-5,-5,-5,-5,-5,-5,-5,-5,-5,-5,-5
7766,9,-4,3,1,-3,3313,-4,-4,-4,-3,-5,-5,-5,-5,-5,-5,-5,-5,10000,-5,-5,-5,-5,-5,-5,-5,-5,-5,-5,-5,-5,-5,-5,-5,-5
7767,9,-4,3,1,2550,3600,92,90,94216,9000,9100,16056,16087,24000,23315,11815,-5,18540,46000,-5,-5,-5,-5,-5,-5,-5,-5,-5,-5,-5,-5,-5,-5,-5,-5
7768,9,-4,3,1,3300,4538,57,58,66540,40000,11700,9000,57572,10080,30000,15000,16000,14000,16000,-5,-5,-5,-5,-5,-5,-5,-5,-5,-5,-5,-5,-5,-5,-5,-5
7769,9,-4,3,1,1300,9700,45,49,39533,15000,20000,24500,26000,28000,33000,33000,34000,-1,-5,-5,-5,-5,-5,-5,-5,-5,-5,-5,-5,-5,-5,-5,-5,-5,-5
7770,9,-4,3,1,2000,5370,81,88,89803,9020,6680,9500,6300,9800,13000,15400,14000,32350,27200,-5,-5,-5,-5,-5,-5,-5,-5,-5,-5,-5,-5,-5,-5,-5,-5
7771,12,-4,3,2,9600,21030,86,81,81797,36320,25000,45000,-2,37000,34600,40200,46500,57500,60500,-5,-5,-5,-5,-5,-5,-5,-5,-5,-5,-5,-5,-5,-5,-5,-5
7772,12,-4,3,2,-3,18152,82,71,74760,26000,31050,40040,40890,44245,46100,48140,-2,57300,54500,-5,-5,-5,-5,-5,-5,-5,-5,-5,-5,-5,-5,-5,-5,-5,-5
7773,13,-4,2,2,2462,2150,70,71,78244,4605,-3,7550,8810,16500,32100,45660,10500,12500,15537,280,-5,-5,6060,4020,47100,83400,84600,70150,42000,56680,-2,55000,49300,19000,31800
7774,13,-4,2,2,4482,55728,41,33,26776,-3,55000,-2,-2,75000,31225,34600,16839,22400,20300,21412,29130,-2,189918,-2,121400,-1,42400,-1,43250,54000,-2,-5,-5,66000,72000
7775,12,-4,3,2,23800,8600,81,78,72042,34600,19600,16800,14920,5761,6171,38900,6500,21300,21700,-5,-5,-5,-5,-5,-5,-5,-5,-5,-5,-5,-5,-5,-5,-5,-5
7776,9,-4,3,1,2950,-3,98,95,89515,6750,45000,26050,41054,40500,66600,-2,78000,90000,146942,-5,-5,-5,-5,-5,-5,-5,-5,-5,-5,-5,-5,-5,-5,-5,-5
7777,12,-4,3,2,2680,1320,94,93,81662,9200,30167,19735,25345,41040,46100,48100,56100,62650,64500,-5,-5,-5,-5,-5,-5,-5,-5,-5,-5,-5,-5,-5,-5,-5,-5
7778,9,-4,3,1,2650,-3,51,56,61698,7365,8360,7541,9410,10239,13464,13484,14260,-2,12250,-5,-5,-5,-5,-5,-5,-5,-5,-5,-5,-5,-5,-5,-5,-5,-5
7779,12,-4,3,2,2875,11979,13,11,9275,-3,7450,-2,8400,10239,13464,13484,-2,-2,4380,-5,-5,-5,-5,-5,-5,-5,-5,-5,-5,-5,-5,-5,-5,-5,-5
7780,9,7000,3,1,7000,3400,50,51,65923,5700,-2,9568,-5,4194,10000,-5,36000,22000,49000,-5,-5,-5,-5,-5,-5,-5,-5,-5,-5,-5,-5,-5,-5,-5,-5
7781,12,-3,3,2,-3,10975,19,22,31637,579,-2,12520,10000,440,25010,11200,2800,-2,1200,-5,-5,-5,-5,-5,-5,-5,-5,-5,-5,-5,-5,-5,-5,-5,-5
7782,12,-4,3,2,-3,-5,-4,-4,-5,-5,-5,-5,-5,19708,24552,13084,2500,3830,1381,-5,-5,-5,-5,-5,-5,-5,-5,-5,-5,-5,-5,-5,-5,-5,-5
7783,9,-4,3,1,5150,13150,77,84,67240,6600,10050,10050,18100,40000,8200,12500,25300,26500,20500,-5,-5,-5,-5,-5,-5,-5,-5,-5,-5,-5,-5,-5,-5,-5,-5
7784,9,-2,3,1,-2,18000,56,65,64468,-3,-2,75001,38500,65900,100001,100001,100001,1057448,146942,-5,-5,-5,-5,-5,-5,-5,-5,-5,-5,-5,-5,-5,-5,-5,-5
7785,9,8740,3,1,8740,-3,73,84,86491,22000,-2,-5,-5,-5,-5,-5,-5,-5,-2,-5,-5,-5,-5,-5,-5,-5,-5,-5,-5,-5,-5,-5,-5,-5,-5
7786,12,8740,3,2,8740,-3,53,56,68506,4000,45000,75000,13000,24000,58000,3600,-2,35000,22000,-5,-5,-5,-5,-5,-5,-5,-5,-5,-5,-5,-5,-5,-5,-5,-5
7787,11,16000,1,1,16000,18000,73,71,71505,-3,34000,31041,35100,14000,40000,46000,33550,17500,52000,53000,52000,48000,37000,17500,17600,58000,32860,-5,-5,-5,-5,-5,-5,-5,-5
7788,14,26000,1,2,26000,16000,17,18,27053,28000,23000,24000,46829,28000,8000,-2,32500,-2,-2,43200,43000,50000,40000,75000,-2,-5,-5,-5,-2,-5,-1,-1,-1,-1,-3
7789,14,-4,1,2,20300,23216,9,12,7197,26039,-2,19759,32000,51000,26026,-2,50120,15000,39060,23052,20240,20232,23116,28660,29000,30800,25000,30400,0,35000,5000,13200,4000,10000,9620
7790,11,22000,1,1,22000,18000,10,3,763,28000,27000,36000,18225,40000,25540,40000,20000,24205,-3,30580,14000,-2,-5,30000,-2,16000,-5,15000,28000,7000,0,-2,63000,-2,124000
7791,14,35000,1,2,35000,40000,28,21,28973,-3,20000,600,8000,-2,11000,16500,35800,37900,39200,41500,44900,47500,51840,54300,54500,76000,78000,87000,91000,99200,110000,118000,120000,73000,75000
7792,11,5250,1,1,5250,10204,34,31,26971,4300,4500,3500,9000,29300,32500,33000,38000,48000,51000,49000,52000,54900,66000,68000,71400,44000,55400,50000,50000,53000,55700,27000,38220,35000,33000
7793,10,4450,2,1,4450,2736,1,1,652,600,-2,-2,4549,3480,-2,14832,0,-5,0,5000,5400,3000,-2,23200,-2,0,3000,39000,22800,0,16560,-2,30000,-5,-5
7794,13,-4,2,2,8900,9000,10,16,11956,10400,-2,10786,12600,13100,14250,16000,14000,20998,9860,12006,17000,16000,17500,12298,7647,14000,17500,17000,11531,0,0,1760,0,8940,8892
7795,13,-4,2,2,15100,11000,8,7,3640,16000,-2,23000,25600,21250,17000,15000,21000,38050,37000,40000,49500,42000,58000,19952,22000,45000,63000,44000,40000,55000,52419,3008,-2,-2,-5
7796,13,9000,2,2,9000,5000,11,11,9533,-3,8000,-2,4098,11500,11041,12000,-3,13500,13000,11000,9134,13000,15200,136000,90008,-2,104000,111000,118000,145000,-2,105000,75000,74000,70000
7797,13,9000,2,2,9000,5000,16,13,12421,-3,800,-2,1500,3480,-2,4452,4664,5172,4658,7240,9129,5904,12047,2580,-2,19000,25164,-5,-5,-5,-5,-5,-5,-5,-5
7798,13,15000,2,2,15000,14700,7,5,6971,6186,20000,19000,13000,-2,9100,12168,5000,1250,4500,2546,4459,2436,2836,-2,-1,-1,21982,21924,-5,-5,-5,-5,-5,-5,-5
7799,10,6120,2,1,6120,14700,16,14,16570,275,-2,-2,-2,-2,-2,-2,3000,-2,-2,-2,0,0,-2,-2,-2,-2,-2,-1,0,-5,0,21600,-2,-2,-5
7800,10,24000,2,1,24000,29000,20,27,35566,39000,-2,30000,30000,30000,40000,7000,29500,34000,36000,39500,45000,48000,47000,56020,85500,85000,80000,-2,-5,-5,-5,116030,-5,-5,160000
7801,10,6000,2,1,6000,14100,41,49,43202,10781,-2,17014,-2,7000,8000,14000,15000,-2,12000,-2,-2,780,12448,-2,20000,20000,10000,10000,0,925,17585,2900,-2,22272,-3
7802,13,9000,2,2,9000,14100,1,1,0,-3,-2,17014,-2,-2,12622,25000,18000,22000,-2,-2,-2,14000,16800,2500,-2,-2,900,-2,39000,36000,32000,-2,-5,-5,-5
7803,10,9000,2,1,9000,14100,1,1,7664,10781,-2,17014,3000,-2,-2,30600,-2,-3,-3,0,0,0,0,2100,0,0,0,-5,0,108,5388,300,7200,-2,-3
7804,14,12000,1,2,12000,4400,13,10,5480,17810,15900,20169,4000,29760,73400,12900,24600,67280,-3,66400,55400,50030,52280,59500,71000,119200,104000,110000,133000,146000,-5,165000,-2,100000,-5
7805,11,-4,1,1,8800,12000,42,39,37980,20000,22000,12000,15000,14000,-2,-2,-5,21000,22000,24000,27000,23000,26000,26000,28000,-2,65000,20000,23000,32000,12915,-2,11000,9000,56188
7806,13,8000,2,2,8000,-3,12,10,5020,-3,-2,10000,-2,-1,-5,13200,29000,6000,-5,-2,62275,-2,71000,0,75500,120000,174028,195000,128000,15000,85850,48000,43000,-5,-5
7807,9,2292,3,1,2292,4030,1,3,3070,4880,6000,7116,8076,-2,-2,-2,-2,0,0,-5,-5,-5,-5,-5,-5,-5,-5,-5,-5,-5,-5,-5,-5,-5,-5
7808,10,15120,2,1,15120,10000,12,13,25083,6000,-2,-2,21000,-2,-2,2300,20600,-2,0,0,8050,3700,1060,-2,2348,9218,165000,-5,54258,-2,-2,-2,10400,-2,-3
7809,13,-2,2,2,-2,-3,5,5,7938,29000,35000,12436,-2,-2,-2,17000,17000,17000,18000,21000,20000,20010,25000,26000,25000,36000,32000,43680,50000,-2,30000,67716,54500,-2,57600
7810,13,20000,2,2,20000,5000,17,13,13061,-3,-2,22200,-2,8000,700,9000,11700,1700,4600,8258,15336,50000,599,3620,5000,0,0,7416,11796,9036,-5,-5,-5,-5,-5
7811,10,-3,2,1,-3,-3,13,21,20079,3500,18140,12000,-2,-2,21000,22399,-2,34134,-3,6695,14066,-2,-2,-3,-2,-2,16000,32400,55600,63000,-2,88500,51000,54700,50000
7812,10,5952,2,1,5952,5000,4,4,11666,5700,-2,8820,-2,-2,-2,10000,6000,16640,4560,1580,390,0,0,0,-5,0,-5,-5,-5,-5,7200,0,0,110,1320
7813,13,17000,2,2,17000,9000,21,25,14927,-3,26000,15000,32000,35000,-5,-5,-5,-5,-5,-5,-5,-5,-5,-5,-5,-5,-5,-5,-5,-5,-5,-5,-5,-5,-5
7814,13,36000,2,2,36000,10000,21,21,29321,9100,8000,12628,5660,13112,2000,8030,5334,22000,43800,31465,40893,41464,42052,107780,72566,32000,65000,44500,45500,50000,55000,87200,53000,70000,77200
7815,13,-2,2,2,-2,-5,1,1,355,-3,-2,-2,-2,14000,-2,26000,10000,-2,-2,-2,-2,0,0,-2,-2,2000,17000,-2,14000,22800,26000,24000,26000,15000,40000
7816,10,-2,2,1,-2,-3,1,1,115,-3,-3,-2,-2,40000,-2,-2,0,-2,-2,2300,-2,0,-2,-2,0,-2,-2,-5,-5,-5,-5,-5,-5,-5,-5
7817,10,500,2,1,500,10000,6,13,19588,-3,18000,-2,-2,9500,-2,17000,17640,16000,18000,15000,21000,236,2150,13200,14400,46000,6000,19476,39340,156000,11784,144000,13884,14400,14400
7818,13,-4,2,2,8594,11600,21,32,27086,-3,20100,41400,-2,45000,43488,37000,-2,-2,-2,-2,0,-2,5224,-2,-2,-2,-5,65000,83500,74000,36120,9464,-5,-5,-5
7819,13,9140,2,2,9140,10000,15,18,16575,30000,25000,40000,22000,-2,25000,44000,40000,40000,-2,44636,13700,14000,56000,-2,-2,24000,27584,-5,28000,28000,32000,31000,30000,56500,27000
7820,13,5000,2,2,5000,10000,8,11,16896,30000,25000,40000,22000,-2,10000,-2,-2,24076,30500,35300,29040,13000,11600,-2,20000,28000,25000,23000,23400,26000,28000,26000,29000,30000,30000
7821,12,-4,3,2,21773,-5,49,50,58118,-5,9000,16962,22400,18768,21000,29620,20700,26000,39536,-5,-5,-5,-5,-5,-5,-5,-5,-5,-5,-5,-5,-5,-5,-5,-5
7822,14,25000,1,2,25000,75001,10,15,16994,-3,40000,-2,-2,12491,15300,24900,-2,74252,13200,-2,19200,21600,-5,-5,30000,30000,34000,34000,40000,52000,50000,-5,-5,-5,-5
7823,14,15000,1,2,15000,4000,10,11,9840,24000,7000,20000,23000,-2,20000,-2,-5,-2,30000,-2,30000,-2,-2,-2,-2,-2,-2,-1,17500,1800,0,10668,10980,11136,11098
7824,11,25000,1,1,25000,-3,71,73,61123,60000,70000,62500,15000,34024,32500,37000,45000,42000,37150,37000,65800,42500,42000,-2,37000,28000,-5,24000,-5,-5,-5,-5,-5,-5,-5
7825,14,25000,1,2,25000,15000,18,16,27325,-3,-2,33872,18665,22000,35400,37000,35000,39000,50000,42454,46000,50810,-2,41767,36298,70480,85007,28000,37000,35000,-5,-5,52000,70000,46100
7826,13,19000,2,2,19000,29000,30,22,31019,4064,21700,18700,36700,-3,8000,20912,27626,30605,37601,44020,39000,33000,32600,42300,44800,43100,40000,40000,-5,-5,0,4000,57000,0,117000
7827,13,19000,2,2,19000,-5,-4,-4,-5,-5,-5,-5,-5,-5,-5,-5,-5,-5,-5,-5,-5,-5,-5,-5,-5,-5,-5,-5,-5,-5,-5,-5,-5,-5,-5
7828,14,8000,1,2,8000,-5,1,1,0,-3,9000,18110,-3,-2,-2,21840,-2,1300,-3,10440,8590,-2,-2,-2,2000,13920,-2,15000,7500,22500,24280,25000,22000,22000,24400
7829,14,15000,1,2,15000,75001,12,12,13515,-3,-2,12000,16700,-2,20000,17000,15600,-2,17000,19000,20500,20400,-2,-1,0,-2,35000,-2,38000,10000,0,-2,-2,-2,2500
7830,14,15000,1,2,15000,1100,9,10,11473,-3,29000,-2,2866,2370,621,2532,4920,4788,5016,26000,30000,-2,-2,40000,-2,65000,76000,64900,56000,95400,99000,71800,86000,45000,36000
7831,14,15000,1,2,15000,75001,14,19,26957,-3,-2,-2,25600,-2,16000,16000,-2,25200,23300,25500,25000,21000,25000,-2,30000,35600,59000,72500,62000,87500,56000,54000,63000,65000,67000
7832,14,30000,1,2,30000,23000,36,34,44359,-3,15960,18200,-2,10080,-2,-2,14420,-2,-2,-2,21500,-5,-1,-5,-5,-5,-5,-5,-5,-5,-5,-5,-5,-5,-5
7833,14,-1,1,2,-1,-3,65,63,70135,32000,52000,39710,35800,40490,43500,43722,42000,29120,41000,50000,49000,57000,66000,75000,100000,98000,-2,221000,190000,212000,201000,281000,220000,225000,245000
7834,10,11000,2,1,11000,14600,48,47,47614,-3,15000,25620,14500,5248,20000,-2,-2,-2,-2,-2,-2,-5,-2,28000,-2,9000,-2,15000,33000,15000,-2,21000,9050,9936,-3
7835,13,11000,2,2,11000,14600,16,25,29118,15000,20000,25620,17000,20000,11000,13000,30600,-3,24000,15000,16000,16000,19400,18400,-5,8425,-2,19500,23000,2500,18600,20400,20700,21400,21700
7836,13,8500,2,2,8500,7728,4,4,3301,25600,0,10000,15500,-2,14000,20000,-2,20000,24200,21050,0,-2,5096,13622,-2,13440,-5,-5,-5,-5,-5,-5,-5,-5,-5
7837,11,3000,1,1,3000,2500,1,3,2268,-3,5942,-2,-2,3000,-2,-2,-2,-2,4000,5000,-2,-2,0,-5,-5,24905,-2,25400,24068,-2,23220,26000,30000,29000,30000
7838,14,3000,1,2,3000,7000,20,20,32395,-3,-2,-2,4000,-3,11025,17000,8500,20000,46500,42000,45000,47000,55200,-5,59500,-1,40000,46000,46000,39000,70000,52000,-5,-2,-3
7839,10,5000,2,1,5000,7148,1,1,440,6000,-1,-2,5186,7700,6700,-2,1000,4000,-5,-2,200,-2,-2,-2,-5,-5,-5,-5,10000,1000,150,0,-2,0,3084
7840,11,4800,1,1,4800,-3,3,7,9235,-3,-2,2400,-2,-2,5870,-2,-2,-2,3900,2000,14000,2000,-2,-5,-5,-5,-5,-5,0,-5,-5,-5,-5,-5,-5
7841,14,-4,1,2,13450,2550,1,1,0,4800,2000,6000,20000,-2,-2,25500,14000,20000,-2,22600,-2,35000,37000,84000,-2,-2,69000,75000,95000,72000,86000,75000,99000,100000,-3
7842,14,16456,1,2,16456,-5,8,13,14331,-5,-1,-5,-5,3367,3360,-2,-2,6000,-2,0,0,-2,-2,-2,-2,0,3600,27600,9468,-1,2,-5,-5,-5,-5
7843,11,16456,1,1,16456,-3,46,42,40740,4300,-2,12040,-5,-5,-5,-5,7000,-5,-3,-2,-5,14000,-5,22000,38000,-1,-2,35020,52000,95020,95000,60050,60000,100000,100000
7844,14,16456,1,2,16456,-5,-4,-4,-5,-5,19143,17408,-2,36648,-2,-2,-5,-5,-5,-5,-5,-1,-1,-2,-1,-2,-3,-5,-5,-5,-5,-5,-5,-5,-5
7845,10,-3,2,1,-3,-3,-4,-4,-4,-3,-5,-5,6500,-2,13644,12000,11000,-2,6100,29000,3700,29500,44000,67000,130000,50000,-2,12000,1000,157648,1800,27000,22000,48000,45000
7846,13,-2,2,2,-2,-3,7,7,9001,-3,20000,-2,-2,-2,29000,6925,6152,11373,-2,-2,19365,32000,36693,35600,74000,47250,53000,82000,71000,70000,75500,70000,57000,75000,80000
7847,10,-3,2,1,-3,8000,2,2,3115,-3,10000,-2,11111,5388,14000,-5,31600,-5,-5,-5,-5,-5,-5,-5,-5,-5,-5,-5,-5,-5,-5,40550,60000,120000,-5
7848,10,2700,2,1,2700,-3,5,4,8297,-3,17500,-2,10100,12900,9500,-2,-2,-5,15000,14000,-2,11000,14000,16000,-5,-5,-2,18000,30000,30000,-5,-5,0,40000,0
7849,13,2100,2,2,2100,-3,1,1,949,-3,-2,-2,10100,-2,9500,8168,1599,-2,2952,-2,-2,-2,6114,2978,-2,-1,-2,-2,28873,5576,-2,-2,-2,0,-3
7850,13,15000,2,2,15000,24000,24,28,22786,31000,-2,-2,48000,40000,-2,-2,18000,50000,24000,23000,41000,45730,44000,52000,59000,69000,75629,-2,82000,98000,122030,90000,85000,32250,60000
7851,13,15000,2,2,15000,24000,6,10,15672,31000,-2,-2,48000,40000,-2,-2,9092,-2,-2,-2,4956,4457,6324,11264,24260,32000,78400,19712,-5,-5,-5,-5,-5,-5,-5
7852,10,9800,2,1,9800,6742,83,77,86149,13005,11400,27200,-2,30920,36050,53000,31000,-2,44000,28000,41500,28100,32000,-2,59800,75000,102000,99500,104000,81000,-3,130000,-5,140000,125000
7853,13,13000,2,2,13000,18000,25,32,34626,26000,-3,30000,-2,-2,33000,-5,-5,-5,-5,-5,26000,28000,25000,-5,-5,-5,-5,-5,-5,-5,-5,-5,-5,-5,-5
7854,10,-1,2,1,-1,35000,37,51,53825,25000,-2,18000,-2,3800,6000,13000,15000,28000,45000,50200,49500,62751,66430,49300,47000,72000,79000,71000,94000,122000,-5,113000,-5,128000,-5
7855,10,5000,2,1,5000,7000,7,6,19506,15000,-5,18400,12000,-5,-5,49260,25000,16000,-2,-2,-2,-2,35000,-2,-5,-5,-1,-2,102920,0,18000,-2,80000,-1,-3
7856,13,14000,2,2,14000,15000,21,17,18516,-3,-2,20000,26000,30000,-2,12000,24000,11000,12000,13000,16000,-2,8760,11192,10088,12000,-1,19630,45000,24000,46912,54000,-5,-5,-5
7857,10,14000,2,1,14000,13000,21,24,32671,-3,-2,27000,-2,-2,30000,-2,8000,-2,-2,-2,-2,-2,-2,-2,27000,25000,-5,-1,-5,-5,-5,-5,-5,-5,-5
7858,10,20000,2,1,20000,6500,-4,-4,-4,12500,20000,25000,30000,-2,-2,-2,11000,-2,2000,6200,-2,-2,-2,27300,-2,25000,-2,0,350,4000,-2,-2,-2,-2,-3
7859,10,20000,2,1,20000,-5,24,27,31265,-3,20000,25000,-2,-2,40000,24000,10000,-2,-2,42000,-2,-2,-2,41000,15000,20000,-2,12000,43500,39000,22000,30000,39000,28000,64000
7860,10,20000,2,1,20000,6500,6,5,6961,-3,20000,-2,-2,-2,-2,68000,17000,-2,-2,24000,23440,23080,21000,19000,21000,25000,-2,20000,25000,-2,-2,30000,-2,38000,38000
7861,10,20000,2,1,20000,6500,6,10,11623,-3,-2,-2,-2,-2,-2,-2,0,-2,-2,-2,0,22000,25000,2500,35000,24000,33682,28000,12000,16000,28000,14000,600,81000,53000
7862,10,63000,2,1,63000,8000,-4,-4,-4,70000,25000,-5,-5,-5,-5,-2,48100,-5,60300,-5,-5,-5,-5,-5,-5,-5,-5,-5,93305,-5,-5,-5,-5,-5,-5
7863,9,-4,3,1,6742,5300,13,21,14769,-3,20000,3600,-5,-5,10800,13500,12000,8756,12000,-5,-5,-5,-5,-5,-5,-5,-5,-5,-5,-5,-5,-5,-5,-5,-5
7864,14,-1,1,2,-1,600,32,32,38604,-3,-2,33224,35112,34000,18665,9400,1500,5268,0,7800,12000,718,9384,-2,14838,-2,20000,37200,129200,19200,14400,99400,28800,22400,11700
7865,14,3000,1,2,3000,-3,5,4,6855,-3,27700,16150,1905,-2,2110,-2,-2,13480,-2,7333,23110,-2,10000,-2,-2,7280,5000,10360,2000,5000,32400,-2,600,26400,24000
7866,11,17000,1,1,17000,10000,6,4,8363,29031,-2,-2,-2,-2,25000,0,15000,10000,-5,17000,10000,-2,-2,-2,12400,10000,-2,-2,23000,-2,-5,-5,-5,-5,-5
7867,11,-4,1,1,12800,13476,17,16,11509,18053,14000,17361,7134,68400,100000,25000,13000,16716,12929,27000,-2,36584,40000,42000,43812,26223,54153,62293,79611,112134,121000,128080,140700,157000,146904
7868,11,42000,1,1,42000,34000,14,16,25407,-3,-2,11000,18000,-2,5900,7100,-2,23528,-2,-2,-2,12800,-2,-2,11800,15000,14000,37000,32500,84000,-2,38473,20652,26028,22200
7869,14,42000,1,2,42000,34000,13,11,13158,2500,-2,11000,18000,-2,10000,13880,22594,17000,10705,9892,23888,25180,32540,40189,30716,33560,48400,49000,61000,54000,40000,42000,41000,56000,45000
7870,9,6000,3,1,6000,9204,44,52,54067,9718,13197,14685,11353,16500,27000,13000,14600,7000,7800,-5,-5,-5,-5,-5,-5,-5,-5,-5,-5,-5,-5,-5,-5,-5,-5
7871,11,-1,1,1,-1,-5,41,52,68628,-3,11050,16800,20216,28352,27000,29900,34020,56800,44000,65000,60200,52000,50000,80500,72000,125000,127000,133000,128000,90000,154000,70000,-2,59305,111800
7872,11,25000,1,1,25000,-3,30,35,33931,25800,26000,3700,7000,30000,40000,-2,-2,9500,18000,17900,15200,17250,25136,22000,33600,39000,35000,-2,56000,103000,50000,75000,98000,100000,-5
7873,11,25000,1,1,25000,-3,32,40,49988,-3,-2,40000,-2,30000,-2,8000,-2,5000,10000,9800,8700,14800,15000,21000,-2,26000,-5,18000,19000,20280,100,19000,17000,25000,-5
7874,9,-4,3,1,4625,4250,99,99,91194,75000,23120,41525,40025,42425,37040,50025,41000,53250,53217,-5,-5,-5,-5,-5,-5,-5,-5,-5,-5,-5,-5,-5,-5,-5,-5
7875,14,23000,1,2,23000,24000,60,48,46255,-3,-5,25000,-2,-2,37050,35100,-2,52200,46700,-2,-2,-2,-5,-5,-5,-5,-5,-5,-5,-5,-5,-5,-5,-5,-5
7876,11,23000,1,1,23000,25000,58,57,66111,27000,24000,41942,-2,-2,18150,65000,68000,-2,-5,-5,-5,-5,-5,-5,-5,-5,-5,-5,-2,81000,87000,0,-5,-5,-5
7877,12,-4,3,2,2938,-3,65,51,51224,-3,920,35789,-2,22000,25000,14000,29205,52050,58800,-5,-5,-5,-5,-5,-5,-5,-5,-5,-5,-5,-5,-5,-5,-5,-5
7878,12,-4,3,2,4000,7400,34,27,29439,-3,12000,12000,14000,13000,29300,20000,20000,8000,4915,-5,-5,-5,-5,-5,-5,-5,-5,-5,-5,-5,-5,-5,-5,-5,-5
7879,12,8800,3,2,8800,13000,27,26,31872,-3,2700,2568,-2,20800,5558,5000,7000,8150,11500,-5,-5,-5,-5,-5,-5,-5,-5,-5,-5,-5,-5,-5,-5,-5,-5
7880,9,-1,3,1,-1,7200,99,98,97469,10302,-5,1000,3000,15000,17000,4000,4180,5800,6000,-5,-5,-5,-5,-5,-5,-5,-5,-5,-5,-5,-5,-5,-5,-5,-5
7881,9,2500,3,1,2500,-3,30,31,26992,-5,12000,-2,7960,12500,-5,-5,22722,24563,-5,-5,-5,-5,-5,-5,-5,-5,-5,-5,-5,-5,-5,-5,-5,-5,-5
7882,14,-4,1,2,-3,17067,40,35,30871,24147,26000,26000,32018,27580,41000,40091,37200,47190,52600,53000,61000,59586,-2,16352,21500,25000,85000,38500,38500,42000,22236,22000,23000,64000,64000
7883,14,19279,1,2,19279,60000,46,52,53090,16949,-2,22315,22000,-2,-2,36500,-2,43025,-2,29393,36193,35696,33734,45800,47890,62000,69000,75090,77863,82401,-2,71129,88000,110198,89035
7884,11,-3,1,1,-3,-3,30,37,50777,2940,8000,6060,-5,-2,12130,38000,13400,15496,16632,6000,10684,11968,18821,10000,21394,18000,-5,9375,14350,1422,4680,2000,13032,12108,-3
7885,14,-4,1,2,10700,10200,20,21,21067,-3,15600,-2,-2,19200,-5,-5,-5,28000,19200,25000,-5,31100,28510,-5,-1,-2,-5,-1,-1,-1,0,-1,-1,-1,-3
7886,14,-4,1,2,9720,0,37,35,36383,-3,-2,-2,-2,19709,-2,15800,21000,1057448,23000,-2,56000,85000,30000,-2,-2,0,-2,0,0,4260,-5,-5,-5,-5,-5
7887,9,-4,3,1,4008,16600,98,93,92596,23250,-3,10000,21770,17875,19000,36960,31000,29329,30100,-5,-5,-5,-5,-5,-5,-5,-5,-5,-5,-5,-5,-5,-5,-5,-5
7888,12,6000,3,2,6000,27440,21,22,23564,15000,28000,30000,18000,20000,35000,18262,11800,11650,146942,-5,-5,-5,-5,-5,-5,-5,-5,-5,-5,-5,-5,-5,-5,-5,-5
7889,9,6000,3,1,6000,27440,68,67,66804,25000,28000,30000,18000,9140,-2,-2,26800,37200,24300,-5,-5,-5,-5,-5,-5,-5,-5,-5,-5,-5,-5,-5,-5,-5,-5
7890,12,6000,3,2,6000,-3,28,29,37023,7000,8000,11000,36000,41414,-2,58000,52900,20007,95603,-5,-5,-5,-5,-5,-5,-5,-5,-5,-5,-5,-5,-5,-5,-5,-5
7891,14,22000,1,2,22000,29000,64,64,73961,34281,57000,60100,25111,24050,31880,33400,36500,38500,34200,32000,16200,34200,38050,16800,128400,23000,38148,62398,76748,87388,87900,81100,45600,45000,47200
7892,12,17300,3,2,17300,13900,45,55,56750,13295,12060,16000,15963,22918,25015,30019,23013,33012,-5,-5,-5,-5,-5,-5,-5,-5,-5,-5,-5,-5,-5,-5,-5,-5,-5
7893,12,-4,3,2,2100,12336,42,33,28327,-3,18326,12000,-2,25000,16500,33000,25000,30020,30000,-5,-5,-5,-5,-5,-5,-5,-5,-5,-5,-5,-5,-5,-5,-5,-5
7894,12,-4,3,2,-3,0,73,63,52201,17453,26310,31468,32989,29500,39352,39445,39697,44500,42075,-5,-5,-5,-5,-5,-5,-5,-5,-5,-5,-5,-5,-5,-5,-5,-5
7895,12,-3,3,2,-3,-3,81,68,79708,-3,12350,20817,19300,16963,24425,14400,37000,31000,35000,-5,-5,-5,-5,-5,-5,-5,-5,-5,-5,-5,-5,-5,-5,-5,-5
7896,9,-1,3,1,-1,-3,20,24,31140,-3,-2,-2,30600,0,32000,32800,35040,23910,38750,-5,-5,-5,-5,-5,-5,-5,-5,-5,-5,-5,-5,-5,-5,-5,-5
7897,9,-4,3,1,8200,20968,87,84,77996,51280,17349,30342,75000,19032,23172,30220,27700,1057448,38508,-5,-5,-5,-5,-5,-5,-5,-5,-5,-5,-5,-5,-5,-5,-5,-5
7898,12,-4,3,2,10000,20950,66,61,48288,51280,17349,30370,75000,19032,23172,28600,84600,-2,38508,-5,-5,-5,-5,-5,-5,-5,-5,-5,-5,-5,-5,-5,-5,-5,-5
7899,11,7000,1,1,7000,12000,16,15,9952,10000,5000,13206,16000,22800,-2,23000,-2,-2,21000,35494,46420,-5,-5,41390,35000,37825,61000,28500,33000,28715,17420,45407,35000,21000,52000
7900,14,7000,1,2,7000,12000,46,37,54594,10000,7800,12000,-2,21400,29855,14100,6824,6440,6599,8876,16780,19321,10920,19500,19000,332808,216000,181271,60600,87000,95000,97800,75000,107000,92000
7901,12,3500,3,2,3500,-3,3,2,3087,2652,-2,5202,5976,8244,-2,-2,-2,-2,-2,-5,-5,-5,-5,-5,-5,-5,-5,-5,-5,-5,-5,-5,-5,-5,-5
7902,11,-4,1,1,2400,35000,67,68,51454,4800,6900,11400,10100,-2,60000,20100,-2,30000,98500,159805,-2,-5,80000,77000,96000,-2,-5,-5,-5,-5,-5,-5,-5,-5,-5
7903,11,-4,1,1,1500,3000,20,17,10064,-3,12800,4687,6310,12000,9810,16854,14300,19300,30000,21000,22000,22200,36000,40200,-2,58050,86360,67000,85040,61240,57400,31612,15000,54000,48000
7904,12,-4,3,2,3520,8530,87,77,78872,35140,13150,15600,75001,47556,51387,52400,58000,42300,41200,-5,-5,-5,-5,-5,-5,-5,-5,-5,-5,-5,-5,-5,-5,-5,-5
7905,12,-4,3,2,614,-3,59,61,60505,-3,26364,-2,-5,-5,-5,-5,-5,-5,-5,-5,-5,-5,-5,-5,-5,-5,-5,-5,-5,-5,-5,-5,-5,-5,-5
7906,11,13900,1,1,13900,-5,-4,-4,-5,-5,-5,-5,-3,2174,1800,1322,1327,2564,2105,3000,-5,-5,-5,-5,-5,-5,-5,-5,-5,-5,-5,-5,-5,-5,-5
7907,10,31000,2,1,31000,28000,1,1,589,32000,30000,14592,16200,-2,8000,15000,33000,21000,20000,-5,20000,42000,25000,29040,27000,30000,9600,9600,10900,16800,31600,16100,13450,-2,14000
7908,10,25000,2,1,25000,40000,48,51,49234,22600,4568,7000,8000,9600,11000,15050,12543,12400,23700,29100,29725,30200,30700,48200,36300,48775,56264,80000,102000,72177,50000,71140,37000,55200,46000
7909,10,21000,2,1,21000,26000,74,80,87746,18000,3100,36000,13528,14350,28500,-2,18350,37560,42000,44830,53205,56108,58150,69000,-2,84000,114150,128150,148500,141530,118900,138600,120400,150400,-3
7910,13,21000,2,2,21000,18000,27,28,37045,22600,24500,32000,36335,37500,32000,25500,29000,-2,39200,38200,-2,-2,-2,-2,-2,18000,13500,25000,26400,29225,27084,28055,31935,25000,30000
7911,12,-4,3,2,-3,5100,22,26,17902,6444,4320,3354,6514,5820,6084,9500,9000,9600,18700,-5,-5,-5,-5,-5,-5,-5,-5,-5,-5,-5,-5,-5,-5,-5,-5
7912,12,-4,3,2,-3,3373,16,27,25709,4642,-5,6576,6720,6960,7044,-5,-5,-2,4700,-5,-5,-5,-5,-5,-5,-5,-5,-5,-5,-5,-5,-5,-5,-5,-5
7913,11,-4,1,1,4014,5667,19,21,11718,-3,-3,15000,15000,6924,10050,10000,12300,-5,10000,13000,13928,-2,-5,16000,-5,8000,-5,20860,9000,0,-2,33920,9492,21696,27548
7914,12,-4,3,2,4014,5834,-4,-4,-4,10739,-2,6912,-2,-2,-2,12904,5580,-2,-2,-5,-5,-5,-5,-5,-5,-5,-5,-5,-5,-5,-5,-5,-5,-5,-5
7915,12,-4,3,2,3500,6100,69,66,68622,7000,32000,34100,36200,26000,32000,34000,35000,35100,-5,-5,-5,-5,-5,-5,-5,-5,-5,-5,-5,-5,-5,-5,-5,-5,-5
7916,12,-4,3,2,1710,4000,55,59,66654,22000,5200,2500,16275,20000,10000,13000,5600,7500,13000,-5,-5,-5,-5,-5,-5,-5,-5,-5,-5,-5,-5,-5,-5,-5,-5
7917,9,-3,3,1,-3,-3,16,19,21570,-3,-2,625,-2,5000,1500,400,2609,7610,9080,-5,-5,-5,-5,-5,-5,-5,-5,-5,-5,-5,-5,-5,-5,-5,-5
7918,9,6000,3,1,6000,5000,21,29,25818,-3,-2,-2,1000,658,-2,1232,0,2198,-2,-5,-5,-5,-5,-5,-5,-5,-5,-5,-5,-5,-5,-5,-5,-5,-5
7919,12,21000,3,2,21000,37000,16,12,11483,1500,3152,2668,6256,-2,-2,7800,22000,18000,18000,-5,-5,-5,-5,-5,-5,-5,-5,-5,-5,-5,-5,-5,-5,-5,-5
7920,10,-4,2,1,6800,12500,45,42,38579,10708,9000,-2,-5,-5,12500,14500,20500,21000,-5,-5,-5,-3,-5,-5,-5,-5,-5,-5,-5,-5,-5,-5,-5,-5,-5
7921,13,-4,2,2,6800,11000,5,4,3222,10708,9000,22000,10500,9800,11700,14500,17800,21000,4,-5,24695,67117,-5,-5,-5,-5,-5,-5,-5,-5,-5,-5,-5,-1,-5
7922,12,-4,3,2,5517,8600,54,45,49073,7375,-2,29442,25873,28508,30030,31899,28222,22010,-2,-5,-5,-5,-5,-5,-5,-5,-5,-5,-5,-5,-5,-5,-5,-5,-5
7923,10,-4,2,1,5700,19715,42,53,40024,21230,25010,24015,26770,31200,34550,68400,67700,79800,85500,79250,94000,160097,99640,64000,59000,120840,72000,77000,87000,108400,111000,174000,170000,85000,-5
7924,13,-4,2,2,-3,9775,-4,-4,-4,16020,19025,18040,-5,-5,-5,-5,-5,-5,-5,-5,-5,-5,-5,-5,-5,-5,-5,-5,-5,-5,-5,-5,-5,-5,-5
7925,11,22500,1,1,22500,5000,39,40,47602,73700,9400,12770,6000,16000,22000,25000,34070,42056,50800,45060,50000,58000,60500,80000,109500,125500,94945,128000,131000,151000,113634,130000,-2,185000,186000
7926,11,-4,1,1,7200,11510,24,21,13505,14848,15000,17000,18000,20000,19500,26000,-2,28344,38000,43010,43000,38496,23760,28000,26000,16320,-5,70000,4000,0,-2,2400,-5,-5,-5
7927,14,-4,1,2,7200,11510,38,43,36611,14848,15000,17000,18000,20000,19500,26000,34000,37344,34000,43010,43000,38496,23760,28000,26000,-5,-5,-5,-5,-5,-5,-5,-5,-5,-5
7928,13,19000,2,2,19000,33000,22,18,15948,-3,35000,-2,30000,11200,38000,12000,28000,58300,31000,32000,20000,39000,16920,38000,17000,-5,-5,-1,-5,-5,-5,-5,-5,-1,-5
7929,10,9000,2,1,9000,-3,8,10,9756,5000,8000,8400,-2,14528,3575,4500,9500,7000,-2,-2,6000,11000,13000,11500,16000,18000,-5,20000,-5,-5,-5,-5,-5,-5,-5
7930,14,15000,1,2,15000,13000,17,11,7531,24054,19000,14500,22726,-2,3560,-2,50000,73512,64000,70000,69880,47500,60960,-2,-2,37000,90000,104800,101000,110000,109300,57750,88600,-2,-3
7931,14,15000,1,2,15000,13000,4,2,1655,21054,19000,14500,22726,-2,34920,10000,16000,7000,-3,14000,24000,30000,-2,74000,35000,32000,43000,12000,70000,-5,-5,-5,-5,-5,-5
7932,11,15000,1,1,15000,13000,3,4,7056,24054,19000,14500,22726,-2,24000,20185,29000,31000,31240,35000,30300,-2,35060,53000,67000,-2,78000,-5,84000,-5,100000,-5,-5,-5,-5
7933,13,-4,2,2,-2,5952,38,33,35801,6504,7176,7416,-5,-5,-5,-5,14000,-5,26500,21300,28000,32700,34900,32000,34040,46200,65100,71500,-5,-2,90000,36285,23000,38000,46000
7934,11,10864,1,1,10864,22000,18,19,12406,11000,2000,26000,21500,25316,6264,18820,14988,11028,11328,15640,15888,20007,-2,26000,39000,63000,48000,56000,40000,67266,73360,59000,57000,69435,75840
7935,11,10864,1,1,10864,-3,42,45,45798,6005,16000,26500,550,17000,-2,10000,16280,19550,-2,8700,-2,-2,-5,-5,-5,-5,-5,-5,-5,-5,-5,-5,-5,-5,-5
7936,13,19516,2,2,19516,18600,21,18,23254,18000,18200,20000,12800,21000,21107,-1,-3,4755,8000,5168,9232,5472,-2,12000,16900,23025,23999,29000,34000,36700,33900,34000,43368,38350,44700
7937,10,2182,2,1,2182,200,2,4,5328,6576,8232,-2,-2,-2,600,-2,-2,9480,-2,-3,-2,0,-2,-2,-5,3000,540,0,9600,208,15000,1824,1600,-5,-3
7938,13,2182,2,2,2182,5478,4,5,8706,4296,9484,9660,9660,-2,12336,12384,11700,8044,12222,11784,11724,-2,14045,16342,-2,11960,12000,19240,7000,-2,16162,3000,6840,2704,2304
7939,10,6816,2,1,6816,4500,40,35,43180,7806,6072,7188,-2,14000,-5,-2,108,-2,-2,0,0,-2,-2,7000,36000,-5,-5,-5,-5,-5,-5,-5,-5,132000,140000
7940,11,21000,1,1,21000,18500,46,51,48474,25000,30000,22000,33000,17000,27300,44940,46500,49100,57200,51700,-2,45020,45075,47040,108300,70748,72000,68000,92500,131000,121999,107000,92000,124000,114000
7941,11,18000,1,1,18000,-3,86,98,96227,3500,5100,10620,27400,35000,-5,-5,-5,-5,-5,-5,-5,-5,-5,-5,-5,-5,-5,-5,-5,-5,-5,-5,-5,-5,-5
7942,14,18000,1,2,18000,18500,40,46,53432,25000,14000,550,15000,17000,-5,-5,-5,-5,-5,-5,-5,-5,-5,-5,-5,-5,-5,-5,-5,-5,-5,-5,-5,-5,-5
7943,14,-4,1,2,0,957,21,23,19834,0,2400,-2,-2,10176,12000,-2,9000,11080,14180,18455,-2,22010,21007,27000,36760,38820,40000,42000,55000,87480,-2,-2,25000,-2,55100
7944,11,14000,1,1,14000,17600,38,35,44152,750,-2,960,475,2500,15000,5000,6002,10000,14300,24000,25000,20000,17000,16000,20000,-2,32000,31000,30000,40000,-2,-2,20000,12000,-3
7945,14,14000,1,2,14000,17600,14,18,26641,-3,3925,4638,8360,14816,10613,22080,15120,13409,29332,19728,19704,9030,12943,18960,8856,-2,17764,9600,9192,3144,14856,14000,16000,27000,10213
7946,11,3480,1,1,3480,6800,24,19,19142,-3,6000,12000,-2,-2,5383,-2,6500,0,16760,8800,11604,-2,-2,25500,30000,30000,23000,88000,50000,64095,77871,67000,232168,60344,79072
7947,11,3480,1,1,3480,6800,37,42,51648,5500,25960,8503,1200,13000,10000,4180,5486,4181,25000,18000,25000,23000,-2,36744,31600,6847,16000,15958,27240,-5,-5,-5,-5,-5,-5
7948,11,3480,1,1,3480,6800,11,8,12220,6640,25960,8503,-2,13000,3000,8328,5100,6128,10500,14560,2683,18748,7700,12000,2000,4900,-2,-5,-5,-5,-5,-5,-5,-5,-5
7949,14,-3,1,2,-3,-5,8,10,6303,-3,3000,0,-2,1020,6477,6096,8412,8544,9924,10260,10296,9588,9192,9264,28916,-2,-2,-2,0,5692,400,-2,0,2400,-3
7950,14,-1,1,2,-1,7000,26,31,36898,-3,5840,3812,1010,6075,19292,3000,4350,14016,7420,8100,7956,8280,7947,14780,9608,62132,47847,0,14050,14500,-2,0,0,0,18800
7951,14,6000,1,2,6000,7000,20,16,25470,7200,8000,7200,1800,7200,9000,16400,9000,-5,45000,8000,-2,13000,16640,22380,33000,8028,-5,-5,3600,17112,22140,-2,11404,10560,10200
7952,14,4100,1,2,4100,4500,2,2,3411,3000,-2,-2,1800,-2,8088,8400,-2,7416,7044,7140,8340,8688,5604,-2,8904,-2,3425,0,152,2580,2400,2725,47616,-5,-5
7953,11,6000,1,1,6000,-3,-4,-4,-4,-3,12000,9000,12500,10000,-5,-2,-5,0,-5,-2,26000,25000,25050,39010,51680,-5,-5,-5,40000,-2,-2,61726,-2,58600,-5
7954,11,8000,1,1,8000,-3,4,2,3241,-3,-2,14000,9000,6900,-2,33350,34380,23000,-2,29500,-2,-2,-2,-2,32000,28200,29000,-5,35500,42000,38600,52800,58300,61018,45000
7955,11,8000,1,1,8000,-3,8,6,3147,-3,-2,-2,5761,3614,6880,-2,16400,-3,-2,-5,-5,-5,-5,-5,4000,-5,-5,-5,-5,-5,-5,-5,-5,-5,-5
7956,11,12600,1,1,12600,23737,47,58,64198,-3,7500,16000,12300,-2,15150,49200,-3,26208,25203,32400,37418,46520,36720,47200,66500,69100,80050,122100,101030,104000,97100,98075,90000,115000,90000
7957,11,13000,1,1,13000,16000,7,10,15386,-3,-2,-2,20000,4990,-1,-2,3000,15120,-2,-2,7697,-2,15496,-2,-5,-5,-5,-5,25000,43000,20000,22668,14028,-1,-3
7958,14,19000,1,2,19000,20000,14,11,15156,6600,6000,9046,5316,6000,10000,12400,15000,30500,46272,52000,59000,95000,21000,90000,83000,40000,130000,68000,-5,-5,-5,-5,-5,-5,-5
7959,14,19000,1,2,19000,20000,25,19,25408,6600,17000,2500,23864,27000,-2,12759,-2,49000,58000,-2,17680,-2,41300,30000,-2,30000,43000,26800,21660,65000,48000,29040,12000,80000,-3
7960,9,9000,3,1,9000,14000,33,38,38057,45000,2000,0,-2,-2,1270,11808,12240,13327,15740,-5,-5,-5,-5,-5,-5,-5,-5,-5,-5,-5,-5,-5,-5,-5,-5
7961,9,9000,3,1,9000,14000,35,32,46302,45000,13500,30000,30000,32000,43000,-2,-2,-2,12200,-5,-5,-5,-5,-5,-5,-5,-5,-5,-5,-5,-5,-5,-5,-5,-5
7962,11,-4,1,1,0,-3,6,6,3518,9000,500,6480,-2,7520,-2,0,0,-2,0,-2,300,-5,-5,-5,-5,-5,-5,-5,-5,-5,-5,-5,-5,-5,-5
7963,11,7000,1,1,7000,-3,2,2,1062,10500,3000,-3,8092,1200,-2,0,0,9500,-2,10200,16800,-2,-2,-2,-5,-5,-5,-5,-5,8800,-5,-5,-5,-5,-5
7964,11,13674,1,1,13674,15000,43,49,62286,15000,20000,20000,3500,30000,31000,34000,64000,82000,20000,9000,32000,-2,37000,-2,25000,22000,38000,-2,83230,103000,122020,97010,0,157304,166819
7965,11,30000,1,1,30000,20000,58,61,54298,18000,5700,12000,40000,50000,-2,-2,-2,90700,-2,24000,25000,-2,42744,-2,67000,77580,65000,-5,100000,110000,92000,100000,130000,80000,120000
7966,11,30000,1,1,30000,20000,19,27,38554,18000,20000,12000,45000,50000,50000,30400,-2,92548,-2,27000,-2,-2,-2,-2,12000,30000,0,-5,0,0,-5,-5,0,40000,39000
7967,14,-4,1,2,8215,17960,20,21,19217,20324,21637,24792,14054,16236,17344,16070,20088,26000,30300,17556,48000,26000,27000,22500,35200,38000,37000,31000,60000,77000,109961,70000,55000,58000,70000
7968,14,30000,1,2,30000,-3,14,16,22897,22185,20000,21270,23537,29128,28000,9620,-5,-2,-2,7500,14780,-2,39000,-2,38504,48048,67000,12032,7200,3600,6600,6000,10392,10140,-3
7969,14,30000,1,2,30000,35000,24,23,25471,25000,28000,37000,3840,45000,-2,36250,87300,36000,35500,43200,40500,-2,-5,-5,-5,-5,-5,-5,-5,-5,-5,-5,-5,-5,-5
7970,11,8000,1,1,8000,-3,-4,-4,-4,11060,18161,15250,16400,-2,10900,-5,-2,9162,10900,15300,20000,47500,35300,21500,15000,18600,8806,22600,18000,19262,15225,19214,15000,18480,17000
7971,14,-4,1,2,2480,7500,2,4,3201,7250,4788,3408,4020,3910,3720,6516,10300,-2,-2,16560,7188,17400,15531,17320,-2,30432,57200,-2,34560,3631,43704,-2,9600,10780,9600
7972,11,8000,1,1,8000,7000,8,4,1881,12000,7500,9000,6866,22000,10955,25000,15520,2616,-2,-2,0,8000,30708,-5,-5,0,-2,32000,47000,24830,24000,10944,20000,27000,0
7973,14,10000,1,2,10000,9860,27,31,42533,12000,11000,15760,16154,14000,17650,21000,26600,29000,31650,23000,27000,34000,34000,36000,36000,31000,34011,44720,30000,34000,37000,37000,37000,37650,42000
7974,14,5000,1,2,5000,6681,17,16,16982,15750,18000,6972,10482,21970,14938,18435,19400,17876,20486,29160,32140,33700,48600,40999,44480,45000,48000,64000,50182,67953,37320,58734,84000,141670,136000
7975,14,9000,1,2,9000,13978,-4,-4,-4,13680,-5,-2,18124,20592,-5,24620,-5,-5,-5,21700,22000,-2,26720,26500,-3,-5,-5,-5,-5,41000,45000,52000,72000,65000,72000
7976,11,9000,1,1,9000,10300,5,7,12531,11271,-5,-2,10416,8000,8000,6008,9900,13436,15848,-5,-5,-5,-5,-5,-5,-5,-5,-5,-5,-5,-5,-5,-5,-5,-5
7977,11,8000,1,1,8000,13000,26,32,37156,23000,16000,18000,33929,22000,27000,-2,25632,8316,28106,31100,10869,-2,11987,16050,19900,20000,21000,22000,27000,32000,28000,-2,52400,-2,59884
7978,11,8000,1,1,8000,13000,13,19,33017,23000,16000,18000,30000,22000,27000,-2,17896,19155,13910,18000,23000,29908,28896,23941,33456,31480,38736,49000,58000,65000,60000,72000,87500,96800,98000
7979,14,-4,1,2,-3,17000,31,28,23094,22920,19878,11400,31462,38000,42000,82090,52060,81800,62200,57500,-2,-3,-3,61000,86000,85300,-5,70000,84000,95000,0,103000,103000,93000,93000
7980,14,10000,1,2,10000,12000,75,77,80057,17000,36000,42500,57440,40340,48200,55650,-2,44450,51300,64850,70000,69500,-2,100000,88000,110800,122000,119000,48000,101200,164332,144000,154400,188400,202500
7981,13,9000,2,2,9000,5124,14,16,9959,14100,25155,23688,25100,30090,-2,-2,65700,88000,74500,59000,839078,80300,189918,130000,95000,162000,152000,38500,123000,208000,120000,190000,158000,-2,-3
7982,10,9000,2,1,9000,20000,38,29,32856,8000,11208,40000,32000,22000,26020,42000,41000,46000,55000,65100,93000,75000,75000,-2,-2,112000,120000,153320,184000,220000,-5,149000,-5,-5,175000
7983,14,1500,1,2,1500,15000,33,33,34437,12000,18000,18000,22510,-2,19000,13000,14000,19900,24250,21491,26400,31000,35108,37717,41202,37000,46989,55824,37417,77220,58805,52935,49040,51088,-3
7984,11,-4,1,1,-3,15000,33,31,35624,5707,-2,14500,-2,35000,12457,-2,17000,53000,10800,18000,15000,12000,18000,17500,17500,21336,119336,43000,56600,79449,31000,75280,137714,62220,87000
7985,14,4000,1,2,4000,11000,39,24,36119,14080,17512,13972,14452,17290,14144,16000,21000,25000,22300,23400,29053,25276,24675,17450,25000,32000,50000,46000,39075,40400,440692,-2,75400,-5,-5
7986,11,4000,1,1,4000,11000,15,21,30926,13908,15000,9242,17755,19000,27000,31000,14000,10852,10336,19080,-2,25960,17980,30400,31200,21200,18150,34600,22600,27800,31160,29600,25960,43842,33000
7987,11,4000,1,1,4000,5000,29,28,32908,6900,8000,6000,3800,9000,8000,12200,21000,45900,13455,17000,26500,40000,44000,50030,57000,57000,64000,-5,51000,69000,-2,90000,-5,100010,119800
7988,14,6000,1,2,6000,5500,5,5,8022,7500,13000,9000,13700,-2,10000,26000,30000,22600,22536,18848,14960,25000,-2,26100,33086,37970,-5,22000,25000,24000,28000,34000,35000,-5,45000
7989,11,-4,1,1,10011,23900,-4,-4,-4,21000,28000,18136,20380,-2,-5,-5,-5,12500,-5,-5,-5,-5,-5,-5,-5,-5,-5,-5,-5,-5,-5,-5,-5,-5,-5
7990,14,35000,1,2,35000,-3,9,13,7551,-3,65000,9630,9362,-5,-5,-5,-5,-5,-5,29512,-2,19000,30700,46000,71000,-5,-5,-5,-5,34000,34800,24632,24500,24960,-3
7991,11,-1,1,1,-1,7000,63,56,54075,6300,6304,9000,10000,11000,16000,20000,14000,23700,-3,32020,32100,36540,-2,67200,70000,65250,67000,73000,67000,85000,93000,-2,91600,107908,110000
7992,11,-1,1,1,-1,4044,13,14,15689,10700,13215,-2,14000,12100,11000,21300,45784,49996,44660,41920,38840,31010,42820,40520,43564,44420,-5,-2,40000,-2,-2,-2,27000,42000,47000
7993,11,-2,1,1,-2,60000,31,28,35233,-3,15030,9250,11526,40666,-1,-2,-1,51000,50000,-1,55000,51200,-2,72800,82000,-2,94200,100000,115000,120000,117000,114000,115000,147000,151000
7994,14,-1,1,2,-1,-3,27,23,32491,559,6000,-1,-1,-1,-2,-2,34000,-2,-2,82500,85700,-2,-2,-2,-2,-2,-1,-2,-5,-1,-5,-5,-5,-5,-5
7995,11,-2,1,1,-2,-3,35,38,52124,-3,25850,-2,-2,60000,80000,26900,32530,41012,45000,-1,42000,-5,-5,-5,-5,-5,-5,-2,0,0,23784,17500,20400,27060,28400
7996,11,-3,1,1,-3,-3,76,73,76996,-3,25850,-2,12073,18000,46784,52700,58740,69801,70990,-5,-5,-5,-5,-5,-5,-5,-5,-5,-5,-5,-5,-5,-5,-5,-5
7997,14,-2,1,2,-2,-3,73,80,78212,-3,25850,-2,-2,50000,80000,36110,35000,46800,47550,53025,59184,66000,70030,88000,97430,113511,85000,87000,106050,95000,141740,-2,110000,108000,93000
7998,14,-2,1,2,-2,-3,78,79,75701,25000,30000,32750,50000,55000,60000,23200,-2,1057448,146942,86000,89500,160097,189918,-2,158880,-2,210000,-2,-2,454737,440692,263000,280000,260000,-3
7999,11,-1,1,1,-1,-3,3,12,11119,-3,-3,22900,30000,-2,10000,20000,-5,-2,18068,-3,-2,20376,2126,0,0,-5,-5,20000,0,-5,11000,10400,2828,4134,6356
8000,13,-4,2,2,5500,9000,85,76,79115,-3,75001,75001,-2,100001,-2,-2,100001,-2,146942,159805,839078,-2,80000,-2,100000,-2,110000,165000,479983,255000,-2,90000,65000,256000,146200
8001,14,-4,1,2,9859,-3,29,39,36125,10703,28273,34800,-2,2624,38580,6947,10798,17786,-2,-2,29844,20474,13666,19600,21500,105895,102600,-2,-2,6960,3000,22880,39000,98000,33000
8002,11,-4,1,1,10120,-3,7,12,9223,-3,-2,-2,-2,-2,-2,-2,7400,0,-2,-2,3700,0,15000,15392,12000,-2,32000,0,7200,12800,3000,18669,49000,60400,32172
8003,14,-4,1,2,3750,17200,47,47,39681,11800,-2,10400,14960,31240,33240,-2,40100,38780,36775,42750,57600,57590,57436,59180,63350,-2,84400,84160,148600,163450,138000,136600,50440,123000,243600
8004,11,27000,1,1,27000,23000,15,15,12558,-3,1100,1500,12002,15000,25010,48000,25000,-2,65000,45250,55000,-1,-5,-5,-1,120000,-5,100000,-1,-1,150000,150000,-5,-5,-5
8005,11,25000,1,1,25000,26000,36,35,34820,-3,-2,53000,24920,-2,70000,-2,45400,33440,54900,-2,14794,16970,57580,9200,-2,-2,-2,-5,48000,-2,4400,-2,-2,44000,-3
8006,14,25000,1,2,25000,28000,30,29,37182,7171,-2,14000,23000,56500,50000,34000,32800,-2,33600,40000,40424,38416,34366,20000,44592,40920,98400,50210,72000,70000,67000,74000,38000,65000,-3
8007,13,14000,2,2,14000,-3,15,16,18939,22000,25000,-3,28700,40000,2000,-2,38000,32800,23000,28000,50000,63000,59000,974100,-5,120000,100000,104000,-1,-1,218000,-5,-5,-5,205000
8008,12,-4,3,2,-1,8250,-4,-4,-5,-5,4500,8000,-2,-2,-2,-2,-2,1057448,66000,-5,-5,-5,-5,-5,-5,-5,-5,-5,-5,-5,-5,-5,-5,-5,-5
8009,11,5500,1,1,5500,-3,47,36,28371,5000,65,600,35000,15000,200,4500,-2,0,4608,-3,0,-2,0,-2,-2,7200,106560,8400,0,20880,31836,22322,22740,10860,13240
8010,14,25000,1,2,25000,-3,48,41,39450,-3,16850,37100,-2,-2,-2,6000,0,2500,8803,0,0,0,1876,800,0,3624,1572,1620,12504,-2,2400,4389,10524,10668,12920
8011,11,25000,1,1,25000,-3,21,23,11900,60000,-3,-2,-2,-2,15200,1000,-2,19494,-2,-2,36100,37500,39000,38000,48000,-2,-2,-2,80000,-2,85000,73220,69000,-2,60000
8012,9,-4,3,1,1350,-3,83,87,84749,9500,15990,18350,16000,55000,37000,-2,20352,12000,20500,-5,-5,-5,-5,-5,-5,-5,-5,-5,-5,-5,-5,-5,-5,-5,-5
8013,14,8300,1,2,8300,12000,53,58,56526,-3,-2,13000,16825,12000,22800,-2,-2,-2,-2,72100,56000,60000,40000,87000,67000,145000,119300,169150,197000,120000,75000,200000,200000,120000,160000
8014,9,10800,3,1,10800,2200,1,2,4891,0,2697,2233,8000,-5,-5,-5,-5,-5,-5,-5,-5,-5,-5,-5,-5,-5,-5,-5,-5,-5,-5,-5,-5,-5,-5
8015,12,10800,3,2,10800,0,9,8,7890,492,41074,-3,6664,2800,16400,-2,11584,8589,3700,-5,-5,-5,-5,-5,-5,-5,-5,-5,-5,-5,-5,-5,-5,-5,-5
8016,12,10800,3,2,10800,2200,2,4,3231,15000,41074,-2,6018,7797,18000,39000,-5,19000,25515,-5,-5,-5,-5,-5,-5,-5,-5,-5,-5,-5,-5,-5,-5,-5,-5
8017,12,10800,3,2,10800,2200,6,11,7945,14206,60,-5,5821,2975,20212,41000,29000,25000,23648,-5,-5,-5,-5,-5,-5,-5,-5,-5,-5,-5,-5,-5,-5,-5,-5
8018,12,-3,3,2,-3,-3,18,22,23561,17126,4088,-2,-2,10455,-2,-2,1635,2532,-5,-5,-5,-5,-5,-5,-5,-5,-5,-5,-5,-5,-5,-5,-5,-5,-5
8019,14,20000,1,2,20000,-5,-4,-4,-5,-5,-5,-5,-5,-5,-5,-5,-5,-5,-5,-5,-5,-5,-5,-5,-5,-5,-5,-5,-5,-5,-5,-5,-5,-5,-5
8020,14,20000,1,2,20000,-3,-4,-4,-4,25000,2800,-5,-5,-5,-5,-5,-5,-5,-5,-5,85600,-5,90700,159500,-2,332808,-5,-1,-5,-5,-1,-1,-2,922631,-5
8021,9,-4,3,1,-2,7740,64,55,53329,10434,13012,20865,28620,34200,35500,52000,47000,84000,17501,-5,-5,-5,-5,-5,-5,-5,-5,-5,-5,-5,-5,-5,-5,-5,-5
8022,11,6000,1,1,6000,-3,18,30,27045,-3,-2,-2,-2,21000,18000,22400,34500,34100,35900,37000,38000,36600,42100,48700,-2,35000,-2,27000,-1,-1,26000,-2,29000,-2,25000
8023,14,15000,1,2,15000,15000,39,26,31219,20000,15000,-2,-2,6260,19400,31000,26000,30800,-5,43500,37440,46000,48000,41052,77474,53196,-5,-5,-5,-5,-5,-5,-5,-5,-5
8024,11,10000,1,1,10000,-3,15,15,14549,18670,-2,-5,14400,-5,-5,20000,20000,20000,17000,18000,20000,-5,-5,-5,-5,-5,-5,-5,-5,-5,-5,-5,-5,-5,-5
8025,14,10000,1,2,10000,18000,12,8,7308,20006,6000,19000,21000,38200,12200,13000,20000,16000,22105,22650,26700,28700,30000,36000,42000,60000,-5,62106,-1,66000,70000,90000,99000,109000,130000
8026,11,25000,1,1,25000,25000,30,26,26536,-3,-1,18000,19000,23000,-5,32000,44000,42000,43000,43000,46000,-2,-2,-2,58043,-2,55000,-5,72000,-5,-2,50000,-1,-1,-3
8027,11,12000,1,1,12000,25600,32,46,54294,15000,-2,-2,22600,7000,-2,-2,-2,5000,26000,-2,30480,17000,-2,-2,13000,39216,-2,10000,-2,0,-2,24000,33364,28600,-3
8028,13,-4,2,2,18844,-3,30,31,17862,7967,6090,23940,11880,9516,5730,4263,11000,17699,13620,5429,6108,13277,14268,6065,29000,52286,115000,32000,22500,32029,31000,-2,22866,15000,21000
8029,14,13000,1,2,13000,7491,19,19,22834,10000,14740,31217,26900,32086,15500,47000,-2,-2,11000,14000,10500,-2,-5,11050,22780,-5,-5,-5,-5,-5,-5,-5,-5,-5,-5
8030,14,13000,1,2,13000,12000,24,16,15101,10000,15030,12000,-2,17000,-5,9612,8100,0,10800,10845,14020,-3,1000,14280,21664,-2,-5,-5,-5,-5,-5,-5,-5,-5,-5
8031,14,13000,1,2,13000,12000,6,7,13243,10000,15030,6936,-2,17000,-2,17616,9366,10596,14332,9472,9456,14456,26204,47009,43000,69100,-5,-5,-5,-5,-5,-5,-5,-5,-5
8032,10,11000,2,1,11000,-5,54,64,50780,44700,4000,10281,5957,5000,5940,19000,28700,23000,21050,31050,33000,25000,-2,-2,3500,-2,29300,143500,9300,10800,10800,12000,14400,-2,-3
8033,13,20000,2,2,20000,-3,21,22,31914,14000,-2,42000,-2,-2,-2,66200,48630,45000,39000,40000,39825,40200,41000,50020,43000,145900,-2,151800,94800,454737,-2,-2,-2,120000,175000
8034,13,-2,2,2,-2,12000,8,6,6499,14000,5000,27000,24000,15000,28000,10700,34000,30500,40000,59200,80000,-1,71320,125000,136000,84000,-2,103000,117000,130000,152940,172000,143000,922631,766958
8035,13,9200,2,2,9200,12000,15,19,31881,-3,10000,20500,14000,15000,23000,28000,21450,5000,7000,5700,33000,8000,-2,55400,70000,26000,30000,24000,30000,39000,33444,24000,25188,1386,1920
8036,13,5000,2,2,5000,-3,26,23,24858,8000,15000,3500,27136,8000,-2,42992,-2,14000,56000,-2,49000,55000,64000,79400,38,48000,56000,64800,65000,69000,65000,67500,75000,75000,77500
8037,14,18000,1,2,18000,16000,50,54,66555,25000,30000,32000,-2,-5,-5,-5,-5,-5,-5,-5,-5,-5,-5,-5,-5,-5,-5,-5,-5,-5,-5,-5,-5,-5,-5
8038,10,3000,2,1,3000,6500,66,75,86086,9300,1050,16000,18000,22100,25000,58100,35000,26050,39389,34000,67000,76000,80000,92000,50000,106304,125050,-2,125800,115680,125600,136480,131000,206000,233600
8039,13,11400,2,2,11400,15000,12,9,16240,18000,6000,-2,-2,-2,-2,-2,-2,-2,-3,12780,-2,2612,6908,-2,1028,1500,13404,-5,0,10428,-5,-5,2328,2304,2304
8040,10,22000,2,1,22000,24000,30,25,31658,28000,30000,15000,57000,70000,13000,15000,16000,23300,26520,30000,32000,40000,189918,974100,244343,-2,390662,408473,479983,454737,440692,497763,-5,922631,766958
8041,10,22000,2,1,22000,1500,49,58,56248,7356,9800,11000,57000,6738,-2,-2,20300,10000,12700,6540,-2,-2,14800,9054,8240,-5,9048,-5,-5,10654,10272,9600,-5,15360,-5
8042,13,25000,2,2,25000,30000,68,55,73708,41000,40000,33000,68000,16000,19747,10467,-5,-5,-5,-5,-5,-5,40000,-5,30900,-5,74000,38500,-5,-5,-5,-5,-5,-5,-3
8043,10,-1,2,1,-1,13000,46,46,54997,42500,10000,21425,-2,23000,-2,-2,-2,30100,37800,48000,45000,51000,38000,33993,40050,40060,45227,62559,-5,-5,-5,-5,-5,-5,-5
8044,13,20000,2,2,20000,21750,26,30,32407,-3,40000,-2,15500,15050,25200,17035,18200,20098,21012,25253,30040,31900,26032,-2,44900,87164,69150,93835,111660,125400,71790,252100,89020,98300,94000
8045,13,-4,2,2,0,0,19,23,25517,0,0,0,2200,24100,16900,28000,22100,14500,15469,-2,17000,16000,34000,2950,13000,15000,-5,-5,-5,-5,-5,-5,20000,-5,-5
8046,11,-4,1,1,5400,6700,94,89,86735,9000,28928,21900,32650,54750,56200,98500,59000,1057448,146942,159805,839078,160097,189918,-1,244343,163000,181500,135000,260000,454737,440692,497763,595986,285000,235500
8047,13,35000,2,2,35000,6600,13,13,18019,9000,9400,13000,10512,5920,12132,10800,16208,7636,14800,15000,-2,34674,18900,18000,13043,15000,17000,25880,-2,-2,-2,34034,-2,80194,37000
8048,14,41000,1,2,41000,35000,14,13,18812,-3,30000,12000,30000,26000,3627,-2,6519,5470,5530,8340,39980,9025,5450,10608,13468,6100,21500,95000,133000,14300,23000,26007,110000,127160,93600
8049,13,26000,2,2,26000,-3,41,44,40973,-3,28000,27000,11724,39000,23940,6500,7178,7952,12500,25200,18500,78000,90645,119200,40300,16200,5000,-5,-5,0,22000,24000,26000,30000,30000
8050,10,-1,2,1,-1,20000,21,18,22196,-3,6800,1500,9500,6046,14000,16000,15000,21000,16000,30000,15308,17628,12400,30000,0,-2,-5,-5,-5,-5,-5,-5,-5,-5,-5
8051,12,-4,3,2,1500,0,32,28,22577,0,0,0,840,0,2294,8454,3480,6112,10908,-5,-5,-5,-5,-5,-5,-5,-5,-5,-5,-5,-5,-5,-5,-5,-5
8052,11,7200,1,1,7200,-3,13,12,11423,-3,2500,-2,-2,5200,11000,17000,15000,27005,34000,-2,-2,56150,55000,60000,46000,55000,-1,60000,-1,-2,-5,-5,-5,-5,-5
8053,12,12000,3,2,12000,22000,42,44,49363,25000,35100,25000,35000,38000,45000,55050,42100,65400,60900,-5,-5,-5,-5,-5,-5,-5,-5,-5,-5,-5,-5,-5,-5,-5,-5
8054,12,12000,3,2,12000,22000,45,55,66423,30000,40000,30000,52000,50000,50000,28000,38070,34200,37020,-5,-5,-5,-5,-5,-5,-5,-5,-5,-5,-5,-5,-5,-5,-5,-5
8055,9,11000,3,1,11000,17000,47,42,49397,25000,2600,7500,12000,9919,50000,5700,-2,14075,23000,-5,-5,-5,-5,-5,-5,-5,-5,-5,-5,-5,-5,-5,-5,-5,-5
8056,12,11000,3,2,11000,17000,93,91,94005,22000,25000,30000,33000,30000,4184,31406,20858,19000,14010,-5,-5,-5,-5,-5,-5,-5,-5,-5,-5,-5,-5,-5,-5,-5,-5
8057,13,13068,2,2,13068,3972,11,8,3646,14960,11300,21864,20940,28104,-5,6600,8604,9228,9096,8088,8088,8292,-2,8788,7317,8304,-5,14856,0,8388,9336,21048,-2,32268,-3
8058,10,8500,2,1,8500,-5,-4,-4,-4,14400,8688,21864,20940,28104,4553,10980,18884,-2,27556,-2,-2,-2,-2,-2,-2,-2,-2,-2,43800,-2,-2,-2,-2,-1,82156
8059,14,-4,1,2,-3,8000,1,1,98,17000,8000,7128,960,-2,-3,9338,6000,12740,13000,15100,28000,13000,24000,-5,40000,-5,0,40000,34000,27000,-2,8988,10800,116800,13700
8060,10,-4,2,1,-3,-5,-4,-4,-5,-5,-2,13996,11247,14000,24000,19000,18713,15890,-5,34000,30000,-5,-5,-5,-5,-5,-5,-5,-5,-5,-5,-5,-5,-5,-5
8061,14,12500,1,2,12500,15000,8,7,13290,16000,28000,-3,-2,-5,-5,-2,-2,-2,17912,-2,12600,-2,8617,-2,0,21000,0,8988,7740,-2,48000,8000,17940,-5,19000
8062,14,12500,1,2,12500,15000,10,5,3620,16000,12000,18720,19500,-5,-5,23000,21000,-5,-5,-5,-5,-5,-5,-5,-5,-5,-5,-5,-5,-5,-5,-5,-5,-5,-5
8063,11,-4,1,1,3056,27816,15,15,10975,14975,14200,61200,62000,11127,23000,30992,14000,25000,31044,30410,44000,32000,50000,-2,46000,50000,40000,52000,65000,64000,54900,46000,57000,59000,70000
8064,10,12000,2,1,12000,13000,10,6,4522,-3,2000,22000,-2,-2,3350,0,10000,-2,-2,-2,8060,27564,-2,8088,-2,19770,7160,1112,0,-5,-5,40000,61072,2530,25399
8065,12,6000,3,2,6000,5000,4,5,11349,-3,7055,-2,5164,-2,-5,-5,-5,-5,-5,-5,-5,-5,-5,-5,-5,-5,-5,-5,-5,-5,-5,-5,-5,-5,-5
8066,12,6000,3,2,6000,5000,6,4,4569,-3,-2,-2,-2,52000,23000,-2,21900,16400,-2,-5,-5,-5,-5,-5,-5,-5,-5,-5,-5,-5,-5,-5,-5,-5,-5
8067,12,6000,3,2,6000,5000,10,7,12344,-3,-2,-2,-2,-2,-2,28734,27000,39600,49000,-5,-5,-5,-5,-5,-5,-5,-5,-5,-5,-5,-5,-5,-5,-5,-5
8068,14,14000,1,2,14000,13000,27,30,37411,14000,-2,-2,14856,20000,36200,-2,37000,28100,-5,-2,30000,44200,42000,-5,-5,-5,-5,-5,-5,-5,-5,-5,-5,-5,-5
8069,11,9000,1,1,9000,14000,25,25,37837,15500,17028,12000,10000,17456,31256,81010,-2,14853,18200,34515,43000,51000,50000,58000,55000,35000,68000,70000,105000,122000,105000,54280,72800,90000,-3
8070,11,20000,1,1,20000,35000,10,6,6316,-3,1500,73232,2800,8500,15117,7500,8000,15000,11000,10000,7000,13765,-2,-2,-2,-2,-2,-5,-5,-5,-2,-5,-5,-5,-5
8071,11,14000,1,1,14000,21000,89,91,95808,33000,-2,-2,-2,-5,-5,-5,-5,-5,-5,-5,-5,-5,-5,-5,-5,-5,-5,-5,-5,-5,-5,-5,-5,-5,-5
8072,14,-4,1,2,15780,18500,78,77,77510,5680,30000,13714,-2,-2,-5,75100,79120,82460,-5,159805,839078,-2,147750,138528,-2,-2,130000,-2,-5,-5,-5,-5,-5,-5,-5
8073,12,40000,3,2,40000,1500,24,27,27077,-3,5000,-2,-5,-5,-5,14000,14000,5000,-2,-5,-5,-5,-5,-5,-5,-5,-5,-5,-5,-5,-5,-5,-5,-5,-5
8074,10,-4,2,1,-3,24000,54,53,48121,-5,-2,40000,20400,21500,36100,30000,-2,-2,146942,-2,839078,90000,40000,90000,8000,-5,40000,40000,0,65000,-5,76000,96000,-5,310000
8075,9,-4,3,1,3612,5280,63,58,53505,5723,8100,10000,32000,-5,25050,33000,45000,11275,50000,-5,-5,-5,-5,-5,-5,-5,-5,-5,-5,-5,-5,-5,-5,-5,-5
8076,9,-2,3,1,-2,20000,55,65,65855,-3,36000,11584,9000,12500,12000,19200,28200,31120,12704,-5,-5,-5,-5,-5,-5,-5,-5,-5,-5,-5,-5,-5,-5,-5,-5
8077,10,27000,2,1,27000,33000,24,27,37902,47000,51000,50000,66000,95000,12000,13050,19400,26400,-2,-5,57500,-2,-2,81500,61000,-2,-5,125000,174000,210600,-5,208000,-2,-2,-5
8078,13,27000,2,2,27000,33000,30,30,44985,47000,55000,-2,40000,100000,-2,17000,0,-2,84500,-5,-5,-5,-5,-5,244343,42000,-5,-5,-5,80000,118000,92000,95000,114000,-5
8079,14,16907,1,2,16907,-3,14,17,11357,-5,-5,-5,-2,25105,-5,-5,-5,-5,-5,-5,-5,-5,-5,-5,-5,-5,-5,-5,-5,-5,-5,-5,-5,-5,-5
8080,9,25000,3,1,25000,40000,37,44,56873,50000,75001,35000,40000,5004,26000,38000,62000,63000,63000,-5,-5,-5,-5,-5,-5,-5,-5,-5,-5,-5,-5,-5,-5,-5,-5
8081,12,-4,3,2,6600,10000,56,61,42052,16400,22176,24000,15992,35990,48000,51650,64000,55965,59025,-5,-5,-5,-5,-5,-5,-5,-5,-5,-5,-5,-5,-5,-5,-5,-5
8082,11,16000,1,1,16000,29200,48,53,57120,18100,15000,23000,40000,30000,40000,12000,24050,18000,-2,32100,-2,25040,30020,-5,-5,-5,-5,-5,-5,-5,-5,-5,-5,-5,-5
8083,14,16000,1,2,16000,29200,34,33,36068,18100,23000,20323,25990,26000,54040,16000,18020,18050,24000,24760,20080,28000,34000,-2,-2,65000,-5,92000,-2,-2,-2,-2,92000,100000,766958
8084,12,35000,3,2,35000,6500,34,32,41118,5000,0,6950,12335,2500,5025,18400,-2,-2,11000,-5,-5,-5,-5,-5,-5,-5,-5,-5,-5,-5,-5,-5,-5,-5,-5
8085,12,-4,3,2,5000,5300,72,68,69478,2580,31500,4950,42800,19045,62200,14040,14000,20000,24000,-5,-5,-5,-5,-5,-5,-5,-5,-5,-5,-5,-5,-5,-5,-5,-5
8086,12,6000,3,2,6000,8000,93,82,87288,35000,-2,-2,-2,6500,11400,8033,100001,1057448,-2,-5,-5,-5,-5,-5,-5,-5,-5,-5,-5,-5,-5,-5,-5,-5,-5
8087,11,-4,1,1,12011,-3,83,95,92868,18005,75001,50000,3400,80000,80000,13000,100001,1057448,96020,28012,28030,160097,-2,33010,43050,47020,41419,0,56000,55100,99000,56616,47000,45000,92500
8088,14,-4,1,2,5000,7011,50,49,51475,8060,12000,11320,22450,80000,70000,-5,-2,96600,60014,159805,96150,90260,-2,30090,-5,-5,-5,-5,-5,-5,-5,-5,-5,-5,99200
8089,9,-4,3,1,7400,7205,91,82,80480,11400,13200,52000,28518,30145,79306,40612,49825,78628,63200,-5,-5,-5,-5,-5,-5,-5,-5,-5,-5,-5,-5,-5,-5,-5,-5
8090,9,-4,3,1,5500,8650,94,88,78305,12100,-1,-2,-2,85500,85100,100001,100001,1057448,146942,-5,-5,-5,-5,-5,-5,-5,-5,-5,-5,-5,-5,-5,-5,-5,-5
8091,14,-4,1,2,-2,8400,1,2,11281,7800,32000,11100,13760,-2,9000,10000,-2,-2,16000,-2,24200,36000,31650,32050,42300,48120,46400,31000,-5,-5,-5,-5,-5,-5,-5
8092,12,33500,3,2,33500,35000,96,94,88888,5800,-2,50000,50000,65000,-2,53000,74250,45200,60200,-5,-5,-5,-5,-5,-5,-5,-5,-5,-5,-5,-5,-5,-5,-5,-5
8093,14,-4,1,2,5000,600,-4,-4,-5,-5,-5,-5,12000,-3,7200,-2,12000,36000,16661,0,0,0,0,13000,0,-5,-5,-5,0,-5,0,0,2400,0,0
8094,11,-4,1,1,-3,5000,4,5,3266,19080,22000,9000,-5,3095,1500,1720,-2,-2,-2,16800,22500,-2,21000,45000,44000,35600,20000,31000,13000,31600,60000,-5,-5,-5,-5
8095,11,-4,1,1,1100,5250,19,24,19893,5000,9074,7964,9600,-5,-5,-5,-5,-5,-5,-5,-5,-5,-5,-5,-5,-5,35000,48000,36000,-5,-5,-5,-5,-5,-5
8096,11,-4,1,1,5000,6500,2,5,7524,-3,15050,-2,14034,27000,-2,9000,-2,-2,24500,-2,-2,-2,28000,-2,27000,23000,26000,34000,40000,43000,42450,60000,64000,60000,74000
8097,11,4500,1,1,4500,4500,33,35,37594,3060,7300,9010,11010,17368,13000,17000,-2,-2,37000,-2,14000,0,770,-5,14000,-5,-5,-5,-2,34000,35000,-5,-5,-5,-5
8098,11,4500,1,1,4500,4500,14,9,11655,-3,15129,27111,15000,20620,24909,32280,37000,40000,26664,42696,22000,24200,37800,23200,10000,17000,53040,80000,130000,140700,152464,-5,-5,-5,-5
8099,14,-4,1,2,12000,13000,-4,-4,-4,18000,21000,30000,8700,-5,-5,-5,-5,-5,-5,-5,-5,-5,-5,-5,-5,-5,-5,-5,-5,-5,-5,-5,-5,-5,-5
8100,11,10000,1,1,10000,14000,10,5,2697,19000,26000,20000,18000,32000,40000,41000,18000,19000,18000,64100,23000,21100,23000,24000,28000,27000,19450,20500,38280,16000,32000,27000,32000,30000,36000
8101,11,-4,1,1,-3,14000,7,5,4449,19000,26000,20000,18000,32000,8000,18000,18000,27000,-2,-2,-2,51000,66000,-2,-2,-5,-5,-5,-5,4800,3000,-5,5000,3000,3000
8102,14,-2,1,2,-2,9900,1,1,93,11300,32000,-2,-2,-2,9640,22000,16600,20000,22000,21000,24000,-2,26500,31328,25000,42000,43000,73000,48500,15600,14923,15600,14500,14400,28800
8103,14,-4,1,2,8130,-3,1,1,0,15200,19500,-3,19874,21789,12000,-2,20000,23000,28150,23000,-3,-2,33070,-2,-2,-2,16000,25000,26800,29000,29000,38000,-5,28000,40000
8104,11,-2,1,1,-2,-3,74,73,64079,17400,21240,31200,38060,30930,51700,56400,58900,62500,68300,57850,-2,97800,-2,-2,28100,-2,-2,19000,-5,8000,0,0,-1,0,-5
8105,14,35884,1,2,35884,38167,49,52,46671,45000,34500,37924,-2,38200,56000,53650,-2,-2,33600,67352,90800,58200,46000,18000,78000,-5,-5,-5,55500,37700,39543,81516,46000,46000,97200
8106,11,-4,1,1,-3,-3,1,4,9412,12560,12000,-2,11000,13000,12000,16000,20250,21000,26000,-2,22000,-5,19500,-5,-5,45000,50000,-5,85800,65586,-2,91000,93000,104000,95000
8107,11,-4,1,1,500,6000,1,1,222,7450,9000,11000,14000,12000,14000,-2,41100,27000,31000,-2,37000,32500,-5,38030,36000,-2,0,9260,35000,60000,50000,50000,67000,60000,53000
8108,11,24000,1,1,24000,17000,14,16,20466,35620,32000,26000,5500,35000,55000,18000,67000,73000,65000,-2,-2,47130,-2,25000,82000,10000,-5,-5,-5,29000,22430,-5,-5,35000,-3
8109,14,21000,1,2,21000,7450,19,18,13150,12160,7948,6000,-2,16848,19590,22850,30000,9400,9370,11364,12300,19548,20520,20460,10428,-2,-5,-5,-5,-5,-5,-5,-5,-5,-5
8110,14,15000,1,2,15000,18000,49,57,49594,23500,18000,40000,35000,35000,27850,24800,31700,36430,28830,40400,30000,42000,34605,41015,34615,45900,62500,41000,38100,47500,44660,40500,43600,42200,134200
8111,14,15000,1,2,15000,18000,36,32,54706,30000,28000,40000,35000,12000,12000,19600,19600,14000,-2,43030,38000,41000,46000,-2,53012,62530,58000,73100,67101,85000,90000,75000,75000,96000,100000
8112,11,8964,1,1,8964,-3,4,5,3062,-3,-2,25000,25000,-2,60000,22000,-5,-5,-5,-5,-5,-5,-5,-5,-5,-5,-5,-5,-5,-5,-5,-5,-5,-5,-5
8113,14,18600,1,2,18600,40000,78,77,69282,40000,75001,53600,47881,31000,30247,37000,50000,47000,53000,54400,75000,35500,47000,34000,31000,38664,48000,54000,56000,55000,58000,58728,66960,69360,97800
8114,14,15000,1,2,15000,6000,1,2,8092,45000,-2,30000,50000,-2,-2,-2,-2,34000,-3,30000,35000,34000,46000,47000,42000,38000,48000,-5,-5,-5,-5,-5,-5,-5,-5
8115,11,4800,1,1,4800,7440,5,4,11550,1236,-2,8000,-3,20480,22942,22000,20320,-2,-2,38000,54810,30490,-2,46000,49000,-2,-2,-5,86000,-2,20000,45000,-2,-5,-5
8116,11,12000,1,1,12000,19000,3,4,5099,10000,20000,13000,11000,4000,14500,-2,-2,-2,300,5400,13000,-2,0,0,0,0,2400,-5,-5,0,0,0,0,5000,0
8117,14,10000,1,2,10000,15000,35,47,59060,21000,25697,30000,17078,-2,30500,34600,38000,42825,50485,52150,51500,48148,57300,18000,64223,69000,66000,60903,24826,44500,65136,55625,81200,37300,37000
8118,10,-1,2,1,-1,13000,89,86,74779,14000,35000,-5,-5,-5,-5,-5,-5,55000,-2,-5,-5,-5,-5,-5,-5,-5,-5,-5,-5,-5,-5,-5,-5,-5,-5
8119,12,-4,3,2,5500,5100,94,96,96278,6800,-2,75001,62200,56500,64300,62300,38200,25500,25300,-5,-5,-5,-5,-5,-5,-5,-5,-5,-5,-5,-5,-5,-5,-5,-5
8120,14,-4,1,2,2950,4056,67,70,61650,8200,13000,3000,350,5000,3640,6000,12800,-2,-2,5600,-5,29000,6000,30950,62250,140000,138600,-2,212000,-1,199480,229220,270000,-2,286935
8121,14,-4,1,2,2412,3296,52,53,43335,3000,3650,8000,2690,200,2400,38400,18000,-2,-2,-2,-2,-2,25000,45000,36000,-5,36000,-2,208000,74000,62800,50000,21000,70000,69000
8122,14,-4,1,2,3120,-5,-4,-4,-5,-5,-5,-5,-5,-5,-5,-5,-5,-5,-5,-5,-5,-5,-5,-5,-5,-5,-5,-5,-5,-5,-5,-5,-5,-5,-5
8123,14,-4,1,2,1232,2982,73,72,58628,6800,5750,4500,6000,2650,2010,22020,30000,36000,15000,20000,19000,160097,80000,56000,50700,120100,90000,36500,100000,130000,140000,215000,200000,220000,600
8124,10,-4,2,1,3370,2108,9,12,9839,13000,12000,14000,14000,15000,16000,7000,20000,23000,25000,25200,25000,29000,30000,29000,-2,-1,30000,-1,39000,47000,-5,-1,-2,-1,74000
8125,13,-4,2,2,6372,7248,6,3,3837,8160,8388,8388,12564,9048,10860,11112,12045,10884,10848,11064,-2,-2,21521,19000,-5,22800,-5,-5,-5,-5,-5,-5,-5,-5,54000
8126,14,-2,1,2,-2,-3,67,56,68759,8000,-2,-2,8670,-2,25000,-2,30400,32800,200,9600,7050,5055,15105,10080,7685,11012,9000,8000,18150,40000,30000,25000,25000,30000,28000
8127,13,-4,2,2,10704,-3,22,21,16822,16666,17172,21388,1809,-2,8784,6522,7540,1057448,7356,41500,16000,19600,42287,46000,61000,77000,67000,84000,85000,110896,122000,114000,119000,-5,-5
8128,10,25000,2,1,25000,-3,8,8,4067,8000,21000,22000,-2,5000,-2,5000,-2,20000,7000,-2,-2,8000,-2,10000,0,-5,-1,-1,-5,52000,-1,-1,-1,-1,-5
8129,13,20000,2,2,20000,-3,25,26,27647,6000,-2,19000,18500,20000,-5,25500,26800,28400,7776,7740,-5,-5,-1,5600,50000,51000,-5,-2,-1,37000,35000,43000,54000,-2,-3
8130,9,6000,3,1,6000,13000,57,66,70736,15000,-2,18000,-2,12000,11000,19650,21500,7100,50100,-5,-5,-5,-5,-5,-5,-5,-5,-5,-5,-5,-5,-5,-5,-5,-5
8131,12,13000,3,2,13000,13000,38,36,49884,13000,14000,18000,-2,12000,11000,-2,4200,-2,-2,-5,-5,-5,-5,-5,-5,-5,-5,-5,-5,-5,-5,-5,-5,-5,-5
8132,12,14000,3,2,14000,2400,63,77,77756,-3,-2,-2,3000,-1,-2,-1,18000,-2,8664,-5,-5,-5,-5,-5,-5,-5,-5,-5,-5,-5,-5,-5,-5,-5,-5
8133,14,-2,1,2,-2,30000,79,73,79299,35000,-2,-1,50000,-2,-2,-2,7208,10400,3600,3800,1,806,2821,3732,1152,4176,4940,1368,29436,19632,32160,17892,60,10872,14026
8134,9,75001,3,1,75001,75001,88,89,82046,75001,3300,-2,6080,4120,14000,55000,100001,1057448,60000,-5,-5,-5,-5,-5,-5,-5,-5,-5,-5,-5,-5,-5,-5,-5,-5
8135,9,-4,3,1,7000,5015,98,97,90940,3070,17100,17250,20600,30500,38800,40300,46000,53000,56000,-5,-5,-5,-5,-5,-5,-5,-5,-5,-5,-5,-5,-5,-5,-5,-5
8136,11,15000,1,1,15000,29000,42,47,52224,36000,55000,42000,75000,100001,100000,35000,70000,80500,62000,69500,81500,99000,-5,90000,129100,332808,-5,-5,-5,-5,-5,-5,-5,-5,-5
8137,12,-4,3,2,9948,12005,82,84,88775,13009,29038,26028,26100,44255,15360,28123,33300,32430,27650,-5,-5,-5,-5,-5,-5,-5,-5,-5,-5,-5,-5,-5,-5,-5,-5
8138,11,8670,1,1,8670,10500,34,40,54403,13000,20000,18000,23753,36000,42000,46897,38920,46000,26000,44880,47031,5954,60980,65600,77950,137096,107300,134000,196000,150000,118000,50710,33000,26000,51000
8139,11,-4,1,1,12000,-3,62,49,56142,33000,-2,32347,14656,20760,-2,-2,-2,50800,-2,-2,-2,-2,-2,-2,-2,-2,52059,408473,57000,60800,58100,55000,67000,68000,67740
8140,14,-4,1,2,15220,10000,16,12,8727,7992,6432,10606,7200,16800,8256,10073,200,0,-5,0,0,14872,-2,-2,26000,32000,32200,37000,43000,48000,58600,56000,52000,30000,100000
8141,14,16000,1,2,16000,-3,10,8,4599,-3,-2,27200,29690,-2,38100,49000,46482,71500,83000,-2,-2,-5,-5,40000,65000,86000,104000,10064,86000,89000,-5,101000,-5,-5,-5
8142,11,15000,1,1,15000,-3,38,32,36433,12000,22000,22470,-2,30000,15000,30700,21500,17800,45300,41400,28800,37000,68000,72000,36000,105000,102000,240000,-2,165000,187000,190000,215000,173000,172000
8143,14,10000,1,2,10000,12000,12,13,10970,-3,-3,9485,6685,-2,-2,17484,15000,-2,10312,16300,22000,26000,28400,-2,20700,43400,50000,42100,65800,19000,42665,55000,16100,20000,-3
8144,14,10000,1,2,10000,-3,6,4,15939,-3,-2,-2,30000,12000,36000,-2,10580,8300,10570,10200,-2,-2,-5,-5,39500,-5,32942,32000,-5,-5,-5,-5,-5,-5,-5
8145,11,10000,1,1,10000,10788,45,42,52235,12500,-2,14000,12050,30250,50000,42000,40500,-3,48000,50500,48000,45050,45250,42000,46000,68700,65000,73000,72000,87000,80000,83000,-5,21000,31000
8146,11,10000,1,1,10000,10788,32,22,27836,12500,-2,20000,-2,19000,50000,66418,56000,62000,42000,53100,42000,60200,59100,65544,71000,77800,72000,77000,61000,35000,43000,-2,72000,66000,-5
8147,11,7000,1,1,7000,7189,32,35,36696,6500,-2,-2,-2,15000,-2,-5,-5,-5,-5,-5,-5,-5,-5,-5,-5,-5,-5,-5,-5,-5,-5,-5,-5,-5,-5
8148,14,9336,1,2,9336,7189,43,35,39196,7200,14000,18376,10500,15000,21500,-2,22000,31200,34000,-2,0,58800,65600,75927,29136,43000,49200,50700,47000,42750,28532,35000,46000,39500,40000
8149,14,23000,1,2,23000,39700,77,69,65001,24800,13600,15000,18500,18500,38500,49000,57500,70180,146942,159805,839078,82172,60600,68000,80000,-2,42000,44800,26000,44300,64800,52650,71070,60900,68000
8150,14,23000,1,2,23000,39700,70,75,83533,700,18000,17000,10000,4262,-2,-2,-2,2640,12462,6900,5300,3802,7200,-2,80000,86050,44200,36800,45500,49800,55800,54800,-2,65800,63000
8151,14,-4,1,2,9000,12000,15,13,10430,20500,20000,22800,18050,-2,2575,30510,16250,-3,9193,-2,45000,36466,36000,-2,-2,30000,22000,36000,42000,61600,45000,46000,44220,48000,0
8152,14,16000,1,2,16000,26000,49,44,44121,23000,35000,35000,36000,50000,41000,59000,89000,1057448,100000,159805,-2,-2,189918,-2,160000,145000,183500,161000,-1,198000,180000,93000,-1,-5,-3
8153,14,16000,1,2,16000,26000,24,23,30847,23000,35000,35000,36000,30000,-2,-2,26000,30000,-5,-2,28000,47612,42000,58000,88000,109000,-5,-5,-5,-5,-5,-5,-5,-5,-5
8154,11,26000,1,1,26000,27000,16,19,16365,-3,-2,2000,43000,65000,-2,-2,-2,78000,-2,-2,-2,-2,35000,-2,-2,28010,-2,32000,38500,54798,-2,-2,-2,-1,60000
8155,11,26000,1,1,26000,27000,17,18,19101,-3,-2,-2,-2,65000,50000,100001,100001,1057448,146942,159805,70800,94000,80600,80600,-2,70090,68000,80500,90000,95450,98300,103200,95000,100100,98150
8156,11,26000,1,1,26000,27000,23,28,33393,-3,-2,35000,-2,65000,50000,-3,-2,1057448,-2,-2,-2,-2,45250,76700,79000,92000,-2,5500,122440,123000,122020,106620,152000,157000,-3
8157,11,-2,1,1,-2,30000,70,58,68154,35000,-5,-5,-5,-5,-5,-5,-5,-5,-5,-5,-5,-5,-5,-5,-5,-5,-5,-5,-5,-5,-5,-5,-5,-5,-5
8158,10,-3,2,1,-3,10000,24,28,24099,10800,13500,12573,7000,8000,13030,-2,26000,25000,-2,13600,-2,51000,35000,-2,48000,-1,107000,59000,57000,73000,-1,73000,100000,146000,-3
8159,11,26000,1,1,26000,24000,10,16,7676,26000,10000,10000,40000,12945,24532,26700,-2,48600,90275,20943,23005,-2,44000,70000,51000,-2,46200,42000,42000,72000,99956,53248,-5,-2,110000
8160,14,26000,1,2,26000,24000,12,16,21965,26000,-2,25080,41500,15646,16705,-2,18000,-2,32068,37476,-2,25700,36919,36928,37500,41600,66600,95100,77500,82150,80000,94800,-5,-5,96000
8161,14,6500,1,2,6500,9000,1,1,609,900,9000,9180,9600,10400,11000,15452,6312,15588,1783,12456,19976,6252,-2,3600,6240,-2,4526,0,6000,13000,-2,-2,-2,-2,0
8162,11,10000,1,1,10000,10000,43,30,28291,-3,26100,18489,30077,31025,-2,48000,55000,44200,146942,85300,-3,70200,70800,85000,129200,126000,120000,150000,150000,15000,150000,160000,207200,185000,185000
8163,11,3000,1,1,3000,-3,51,71,79749,7000,6000,-2,10600,15000,13400,22010,-2,28020,48708,34119,-2,-2,19900,-2,39000,-5,40000,40000,-5,61000,23220,120000,2160,22772,-5
8164,9,2950,3,1,2950,3300,19,18,23275,7150,8714,11000,19737,-5,-5,24100,-2,-2,43000,-5,-5,-5,-5,-5,-5,-5,-5,-5,-5,-5,-5,-5,-5,-5,-5
8165,11,18000,1,1,18000,15000,46,44,55181,16000,10000,30000,38008,14000,-2,24328,-5,-5,-5,14000,19200,28000,28000,29000,33000,40000,36000,46000,62500,66600,54500,20400,-5,-5,72000
8166,9,-4,3,1,3500,4900,90,99,97521,-3,-2,18000,-2,-2,7000,6800,7500,7000,14050,-5,-5,-5,-5,-5,-5,-5,-5,-5,-5,-5,-5,-5,-5,-5,-5
8167,9,-4,3,1,-3,12000,99,94,94908,12040,1800,9100,17000,7506,9300,18015,21420,-5,-5,-5,-5,-5,-5,-5,-5,-5,-5,-5,-5,-5,-5,-5,-5,-5,-5
8168,11,25000,1,1,25000,35000,17,17,14081,55000,40000,73000,-2,31000,37600,41000,49000,46000,52000,67000,76125,77150,83000,87000,98000,68000,56000,68000,-5,-5,95000,-5,-5,-5,-5
8169,14,33000,1,2,33000,35000,42,35,28073,55000,13500,15000,34000,30000,29834,29200,39000,39000,12000,22500,20000,23600,33000,30800,33764,32200,32000,35600,-5,43000,54000,-5,78000,-5,97000
8170,14,28000,1,2,28000,-3,71,63,65886,27300,31100,24700,-1,39888,45030,55025,24000,29025,27650,29030,77500,81500,80050,-5,-5,51840,-5,-5,37000,74000,85900,104760,66400,-5,-5
8171,9,-4,3,1,13760,13944,66,59,68925,21180,23200,13536,22000,32000,23900,37000,-5,35000,39600,-5,-5,-5,-5,-5,-5,-5,-5,-5,-5,-5,-5,-5,-5,-5,-5
8172,12,-4,3,2,5450,13250,63,65,67700,14540,-2,-2,9732,19300,-2,44125,54920,50145,50000,-5,-5,-5,-5,-5,-5,-5,-5,-5,-5,-5,-5,-5,-5,-5,-5
8173,11,-4,1,1,9000,8000,4,1,1335,10000,10000,13069,12350,13000,13930,15000,13000,14000,15300,23400,18400,-5,-5,-5,-5,22000,-2,28000,35800,25146,29000,26000,15420,12723,28294
8174,14,-4,1,2,3960,4920,4,4,4214,12720,-2,7665,9036,10824,14976,15348,-2,-2,23000,-2,24000,13548,14538,15972,-2,68000,43000,70275,82115,53840,23220,30000,37816,38500,36000
8175,14,17000,1,2,17000,16000,21,14,14763,-3,23264,5428,23337,25000,29208,18860,35628,-2,-2,30141,70000,69000,16000,41200,23200,32600,23709,44391,87500,38000,32000,35000,35000,50000,45000
8176,14,4248,1,2,4248,9720,16,6,10003,6048,11560,-2,12243,8500,19954,10000,11000,13000,42000,33000,70000,42200,-2,32384,-2,-2,56440,96400,37300,36064,94000,-5,45000,-5,-5
8177,11,13000,1,1,13000,15000,1,1,0,12000,12000,10097,12825,17260,16000,15000,16500,17000,-3,24000,24000,26100,24000,18132,24000,38500,43000,48000,53000,56000,56000,57000,62000,55000,66000
8178,14,12000,1,2,12000,19000,5,6,8061,22000,30000,-2,6420,-2,12000,0,22000,24380,-2,10000,16100,-2,28500,18000,-2,11000,18000,23000,32000,34000,34400,34000,34000,34000,34000
8179,11,14000,1,1,14000,19000,17,16,20583,23000,25000,14220,-2,24000,-2,18773,-2,-2,-2,-2,-2,29600,-2,25550,-2,-2,105000,10000,50000,40000,52000,70000,150000,0,-3
8180,14,-4,1,2,6500,5000,-3,-3,202,6000,-5,-5,-5,-5,-1,-5,-5,-5,-5,-5,-5,-5,-5,-5,-5,-5,-5,-5,-5,-5,-5,-5,-5,-5,-5
8181,14,9500,1,2,9500,10000,24,21,17154,15000,23000,20000,-2,-2,36000,39000,45000,47200,67200,66000,69500,59000,67000,64000,72000,91000,86000,88000,85000,110000,110000,120000,110000,109000,110000
8182,10,13000,2,1,13000,10000,3,5,6637,11366,-2,5400,36000,25812,25000,0,0,0,-3,0,-2,-2,0,-3,-2,0,-2,-5,0,-5,-5,0,10644,10644,0
8183,10,13000,2,1,13000,10000,2,2,1522,-3,4000,-2,-2,-2,-2,5600,13000,0,2766,3032,-5,0,0,7128,0,6000,-2,1980,7000,5000,20000,2332,11520,5448,700
8184,13,13000,2,2,13000,11000,18,13,11208,11366,11000,9060,36000,25000,17488,18976,19120,-2,-2,36501,44169,42091,-2,-2,17928,6060,9132,5880,36936,21650,18750,-2,10524,10668,10920
8185,10,13000,2,1,13000,11000,1,3,9422,-3,-2,-2,-2,4700,6000,0,0,-2,-2,25000,-2,0,0,15000,-5,-5,-5,-5,-5,-5,-5,-5,-5,-5,-5
8186,10,10000,2,1,10000,28000,4,2,923,8000,13000,9000,-2,-2,-2,-2,-2,-2,24000,-2,4270,700,-2,1500,0,4546,4373,9000,25000,1940,4757,5000,9290,10000,15000
8187,10,10000,2,1,10000,28000,33,28,33028,8000,-5,21800,-2,-5,-5,-5,-5,-5,-5,-5,-5,-5,-5,-5,-5,-5,-5,-5,-5,-5,-5,-5,-5,-5,-5
8188,10,10000,2,1,10000,28000,1,1,2184,8000,13000,21800,-2,-2,-2,-2,-2,-2,-2,-2,465,0,3500,22670,0,0,10547,-5,-5,-5,-5,-5,-5,-5,-5
8189,14,20000,1,2,20000,24000,12,8,5014,19000,-5,-5,-2,-2,21600,-5,-5,22000,33000,-5,-5,-5,-5,-5,-5,-5,-5,-5,-5,-5,-5,-5,-5,-5,-5
8190,11,-4,1,1,12000,26000,1,1,2330,16000,25800,26000,39800,41375,41200,35000,44200,52100,55000,58000,55013,-2,189918,90000,118000,-2,-5,-5,126000,102000,-5,-5,-5,-5,126500
8191,10,-4,2,1,3200,8000,49,47,48565,8000,-2,60000,55000,-2,-1,20330,-2,25000,22000,20000,18015,19000,24000,24000,22880,25920,30000,40000,40000,36665,8600,28600,26000,30000,-5
8192,13,-4,2,2,2250,37000,64,54,55879,60000,13007,850,0,14000,20000,20000,35000,30000,27000,24000,20000,35000,45000,140000,244343,332808,390662,-5,-5,-5,-5,-5,-5,27000,-3
8193,14,-4,1,2,4500,25600,68,51,53065,29300,40500,30300,30000,50100,-2,50000,50000,50000,55000,12021,76000,58752,45480,-2,85000,106200,121100,120000,162000,170000,-5,191000,217500,254000,283000
8194,14,-4,1,2,-3,7400,1,1,741,9000,5000,20000,20000,23000,25000,25000,30000,33000,146942,48000,56000,60000,72000,61000,67800,66000,73000,76000,100000,85000,75000,75000,80000,86000,96000
8195,14,-4,1,2,6000,9000,15,12,10295,-3,23000,11080,21180,25330,-2,21500,21120,23600,29700,29050,37000,32800,35500,0,9750,-5,-5,-5,-5,-5,-5,-5,-5,-5,-5
8196,12,-4,3,2,500,9000,45,40,30371,10000,75001,73200,9000,32102,25550,36500,41500,45400,41000,-5,-5,-5,-5,-5,-5,-5,-5,-5,-5,-5,-5,-5,-5,-5,-5
8197,11,-4,1,1,13000,12000,4,2,6793,15000,15000,17716,6392,10000,-2,23000,21302,5220,55250,49600,37760,44579,-2,53000,31200,50000,50000,57000,55000,12890,0,11000,-1,45000,69000
8198,14,11000,1,2,11000,20000,-3,-3,0,6000,-2,2000,1600,5900,-2,284,-5,3600,-2,-2,5500,6000,0,-2,768,-5,0,-2,3500,0,0,2080,4680,900,-3
8199,11,12000,1,1,12000,-5,-4,-4,-4,4000,-2,14000,-2,-2,-2,-3,-5,17224,-5,-5,-2,-5,-5,-5,-5,-5,-5,-5,-5,-5,-5,-5,-5,-5,-5
8200,11,7200,1,1,7200,22000,15,13,9733,-3,23000,18716,14000,35000,25000,-2,4000,-2,-2,5000,7000,-5,-2,-5,-2,-5,-5,1200,5500,-2,-5,4500,-2,0,-3
8201,11,7200,1,1,7200,22000,19,18,15715,-3,23000,18716,14000,35000,25000,-5,-2,-2,-2,-3,-2,2800,4500,15000,3000,-5,-5,16000,20000,18000,19000,27000,-2,50000,95000
8202,14,-4,1,2,-3,9072,1,1,177,9000,9000,-2,-2,-2,2080,300,-5,-2,6000,-2,-2,-2,2400,-5,-2,-5,-5,-5,-5,-5,34000,-2,-2,18000,27200
8203,11,-4,1,1,15500,28785,26,26,28366,34000,33000,28432,32100,-2,-2,70000,100001,1057448,146942,159805,839078,160097,189918,115000,244343,332808,-2,408473,237500,-5,-5,-5,-5,-5,-5
8204,11,-4,1,1,6500,6000,6,6,8686,-5,-5,-5,-5,-5,16000,-5,-5,-5,-5,-5,-5,-5,-5,-5,-5,-5,-5,-5,-5,-5,-5,-5,-5,-5,-5
8205,11,-4,1,1,-2,20000,4,3,5389,25000,12000,18712,8408,8000,22400,24000,30500,31000,30000,41000,-5,-5,-5,-5,-5,-5,-5,-5,-5,-5,-5,-5,-5,-5,-5
8206,11,8000,1,1,8000,7800,42,39,33437,9500,9010,18378,10660,-2,7344,11300,9760,18540,31706,-3,11240,7800,8000,13680,27025,20000,-5,-5,47200,61040,30000,-5,-5,16000,25583
8207,11,11000,1,1,11000,32000,1,3,8082,35000,-5,22800,-2,-2,50050,13000,10000,-2,-2,-2,31000,57000,-2,-2,32000,22000,31200,-2,40000,42161,12780,-2,-5,-5,-5
8208,13,8000,2,2,8000,8500,35,38,51492,10300,11810,11800,11425,12000,48800,18000,-2,-2,16000,32000,50793,48020,49050,82400,63000,96112,144908,74500,77000,140200,-5,161000,237000,-5,154000
8209,10,-4,2,1,1100,4699,8,3,6570,-3,3400,8850,0,5920,7200,-2,-2,360,1435,13000,14000,32227,14000,12000,12000,13000,36000,59600,80000,85000,72000,70000,70000,78000,50000
8210,13,-2,2,2,-2,14000,10,11,11889,13856,7296,9432,17304,-2,17000,0,-2,0,15624,7500,4551,11248,4848,5136,5160,12900,4260,14221,0,10272,9120,-5,-5,-5,-5
8211,11,20000,1,1,20000,-3,6,5,1611,-3,41000,-2,14389,15400,19000,17147,-2,-2,10000,17960,-2,12825,-2,17000,13000,27000,-5,5000,-5,-5,13840,-2,30240,-2,-5
8212,13,13000,2,2,13000,-3,75,79,71745,15660,43000,45528,44208,52160,54324,76500,61496,63328,40000,40200,42200,44100,47010,43040,47000,60000,72510,-1,-5,135000,-5,-5,111610,135415,270000
8213,14,4500,1,2,4500,5208,14,9,13505,-3,5550,9096,8796,8088,5200,-2,11320,-2,4160,7210,7236,13428,13908,7572,7968,10001,5320,15000,14000,17000,16000,13000,16000,48000,13880
8214,11,5500,1,1,5500,-3,16,9,3179,20000,23000,-2,30000,-2,-2,-2,17000,50000,58600,60000,70000,68000,-2,-2,-2,104000,-5,-5,-2,148000,-2,130000,150000,-2,190000
8215,14,7800,1,2,7800,12000,48,45,52358,9100,6600,22600,-2,17800,-2,34012,17015,46420,74625,17300,23000,24000,24010,20000,-5,-5,-5,-5,-5,-5,18000,25000,46000,-5,-5
8216,11,7800,1,1,7800,4099,1,2,4955,19470,22334,22400,19590,22000,2400,0,15490,21000,18200,23000,40000,-2,-5,23870,-5,-2,-2,30000,31000,32309,66000,36000,64000,-5,-5
8217,14,-4,1,2,5000,8000,48,53,63738,-3,10060,15000,15000,12500,20000,17000,65100,51600,-3,159805,98000,84500,97226,-2,122000,130500,170000,102000,222000,251400,247900,242000,259000,263000,195000
8218,14,31500,1,2,31500,30000,37,46,58602,43403,55000,62859,75001,53000,32866,35000,35400,38076,37350,39536,21100,19015,35714,48299,36948,31010,41570,44706,34726,32000,47000,28010,34000,-2,-3
8219,11,31500,1,1,31500,30000,56,43,53782,43403,55000,62859,75000,450,57500,7000,-2,80000,15000,16000,32000,47024,23400,39000,61000,65500,31000,81000,109000,104000,77740,84000,-2,-2,-3
8220,12,-4,3,2,-3,-5,-4,-4,-4,35000,-5,-2,-2,1190,-2,1518,8000,1057448,69239,-5,-5,-5,-5,-5,-5,-5,-5,-5,-5,-5,-5,-5,-5,-5,-5
8221,12,-4,3,2,-3,16080,43,48,47603,10202,7200,5548,9400,9000,10000,19000,13000,25475,-2,-5,-5,-5,-5,-5,-5,-5,-5,-5,-5,-5,-5,-5,-5,-5,-5
8222,12,-4,3,2,4000,7605,69,58,60538,6240,18236,35000,-2,13292,14192,12892,16440,8400,10303,-5,-5,-5,-5,-5,-5,-5,-5,-5,-5,-5,-5,-5,-5,-5,-5
8223,9,-4,3,1,17075,24000,49,49,39063,20000,13300,75001,61000,100001,100001,100001,-3,1057448,52600,-5,-5,-5,-5,-5,-5,-5,-5,-5,-5,-5,-5,-5,-5,-5,-5
8224,10,-4,2,1,10000,19300,34,38,26932,25000,26480,24600,27628,9400,12620,28000,35000,32500,32500,37000,38000,38400,62300,57700,-5,-5,-5,-5,180000,99100,99000,48000,-5,-5,162000
8225,11,24000,1,1,24000,8900,25,47,52142,-5,-5,13200,10080,25000,-5,-5,-5,18500,-5,-5,53200,15920,55000,-5,-5,48600,-5,-5,-5,-5,-5,-5,-5,-5,-5
8226,14,25000,1,2,25000,28000,91,93,91372,8725,22920,55300,66900,78280,80100,92100,99300,1057448,146942,159805,839078,160097,189918,974100,159600,332808,205000,408473,238000,132100,129000,132000,123000,157200,-3
8227,14,25000,1,2,25000,28000,71,76,81523,46000,70000,-2,55000,100001,-2,-2,24000,29000,27100,29150,20000,25000,32000,24000,25000,107000,190076,170000,272000,242000,440692,497763,247000,-5,202000
8228,11,25000,1,1,25000,28000,75,74,79300,46000,70000,14400,55000,37200,36100,-2,58500,60500,62700,38000,56200,60500,71400,72800,82000,107000,95000,83000,91000,97800,57000,80000,103400,111000,106000
8229,11,25000,1,1,25000,28000,23,25,38025,46000,70000,-2,55000,100001,-2,-2,40000,46700,32000,50600,50000,70500,60000,70100,124000,170000,120000,240000,479983,180000,140000,100000,100000,125000,100000
8230,11,-4,1,1,5000,-3,1,1,92,4000,6548,667,1467,-2,1667,200,-5,-2,-2,5400,500,2000,15000,-5,-5,-5,-5,-5,-5,-5,-5,-5,-5,-5,-5
8231,11,-4,1,1,4000,13000,1,1,299,3000,6548,667,1667,5500,3333,2667,4396,-2,7000,-2,-2,6000,18000,-5,-5,-5,-5,-5,-5,-5,-5,-5,-5,-5,-5
8232,11,-4,1,1,-3,8000,1,1,2321,7000,-3,6000,9000,-5,-5,-5,10000,11000,-2,-2,-2,12000,14000,-2,15000,0,17000,19000,18500,20000,19000,21500,26000,-2,18000
8233,11,9000,1,1,9000,9000,15,10,8512,9000,15000,13600,20500,-2,30000,37500,48000,21300,15300,12300,18200,17075,-2,24000,21025,30000,38000,35000,36000,50000,21285,-5,50000,52000,8000
8234,9,3600,3,1,3600,10000,1,2,7766,2000,3000,7200,1000,5000,14500,-5,-5,-5,-5,-5,-5,-5,-5,-5,-5,-5,-5,-5,-5,-5,-5,-5,-5,-5,-5
8235,14,25000,1,2,25000,27150,67,75,70174,28029,24662,36212,16015,-2,-2,-2,-2,-2,-2,-2,-2,-2,-2,-2,-2,61800,89005,-1,110000,113050,130049,148610,-2,150010,160000
8236,11,30000,1,1,30000,4050,82,84,76108,14000,10040,10000,-2,0,5000,0,14004,33000,36005,-5,-5,-5,-5,-5,-5,136350,140000,160000,130000,128000,220000,250000,267000,270000,340000
8237,14,30000,1,2,30000,36000,86,85,88227,-3,45000,7000,10240,-2,75000,30850,68500,1057448,146942,159805,839078,-2,-2,974100,244343,332808,390662,-2,479983,454737,60000,150000,595986,922631,150000
8238,11,-2,1,1,-2,-3,36,42,43497,5888,25000,-2,10000,40000,80000,100001,-2,24850,31000,38357,22075,42150,66000,58975,70800,60616,90700,83800,82000,73200,85890,94000,76785,68340,110175
8239,10,11000,2,1,11000,13000,46,44,48186,19000,22000,19500,22000,31000,35000,32300,-2,55000,27000,37000,39000,35000,35000,75000,48000,53000,45000,47000,68000,78000,82000,37560,16000,67000,58000
8240,10,8000,2,1,8000,20000,17,15,16977,24000,25000,17000,-2,-1,-2,-2,17000,-1,-1,-1,35000,38000,-2,-1,-1,-5,-5,-1,-1,0,-1,-1,-1,-1,-3
8241,10,8000,2,1,8000,20000,42,35,44251,1000,7000,13000,17000,27000,30060,22000,19000,22000,25000,45040,-5,-5,45000,-5,45000,-5,-5,-5,-5,-5,-5,-5,-5,-5,-5
8242,9,-4,3,1,9680,18000,60,49,50324,20000,18000,20356,38912,40000,44700,-2,-2,-2,-2,-5,-5,-5,-5,-5,-5,-5,-5,-5,-5,-5,-5,-5,-5,-5,-5
8243,14,-4,1,2,8700,19000,49,45,51192,-3,16000,17740,-2,40250,45000,38700,48400,58200,-2,159805,39500,52000,43200,34000,71800,55300,100400,57000,19200,31752,44000,61800,63400,69490,-3
8244,10,8000,2,1,8000,10500,14,14,15081,13000,15000,12000,-2,30000,27500,25000,-2,20400,31100,32075,50100,46100,54100,49000,49200,45150,64000,69300,74000,58000,55000,35000,-5,65000,55000
8245,10,-2,2,1,-2,-3,4,3,4910,9000,7884,9800,9000,11000,10836,0,13020,500,0,25,-3,0,0,-2,-2,2880,6840,9792,0,7476,8088,8376,10704,-2,9000
8246,10,-2,2,1,-2,-3,11,11,21407,9000,7889,9800,9000,11000,10836,356,639,18488,446,995,645,7920,0,600,-2,-2,-2,-5,-2,28294,6312,-5,3558,-5,-5
8247,10,-2,2,1,-2,-3,1,3,2539,9000,7884,9000,9000,11000,10836,-2,13020,14488,15120,15120,1290,-2,1810,22536,7800,29904,10500,21480,-2,30440,12675,-2,31572,8890,10920
8248,10,8000,2,1,8000,8000,10,10,9631,4500,-5,-2,5255,-5,6000,-5,-5,-5,-5,-5,-5,-5,-5,-5,-5,-5,-5,-5,-5,-5,-5,-5,-5,-5,-5
8249,10,10000,2,1,10000,4000,17,18,20994,2000,3000,1500,3320,5000,9600,10000,19000,15000,7200,-5,-5,-5,5000,6196,-2,-5,-5,-5,-5,73200,39675,64000,71000,50000,75000
8250,10,-2,2,1,-2,6500,1,1,424,6350,-2,13000,-2,-2,2000,10000,-2,-2,22142,4000,3320,3120,2990,1000,1300,3020,-2,-2,-2,0,2628,2621,2652,0,-3
8251,13,8000,2,2,8000,-3,49,38,35833,7000,-2,13000,9500,18500,12000,14000,15000,-2,45000,23500,33200,34000,76200,-2,42000,7200,31200,22400,25000,35000,12000,28000,36000,20000,-3
8252,10,5000,2,1,5000,-3,24,18,23612,5000,1200,13000,-5,-2,11000,-5,0,0,0,-5,-5,7692,0,1000,0,4500,-5,-5,-5,-5,-5,-5,-5,-5,-5
8253,10,8400,2,1,8400,-3,8,6,4440,27000,-2,8987,29550,18000,4200,0,-2,-2,0,2000,-2,-2,0,1600,0,0,-5,4000,3000,0,0,7632,378,0,10000
8254,13,7000,2,2,7000,-3,5,6,2512,27000,-2,8987,13710,18000,10364,-2,-2,7404,10320,8200,6420,6336,6108,-2,5000,4000,-1,13000,12000,10000,12000,-2,24000,20000,32000
8255,10,8400,2,1,8400,-3,2,3,8246,-3,-2,8987,13710,24272,6000,-5,-5,-5,-5,-5,0,0,-2,-2,0,-5,-5,15000,-2,-2,20000,-1,-1,-2,18000
8256,10,8000,2,1,8000,-3,9,15,20702,27000,-2,8987,13710,17000,30000,40000,18000,-2,-2,16000,17060,12800,26000,62500,74500,99000,104400,-2,110000,123000,155000,108450,182200,87000,-3
8257,14,-4,1,2,20600,22000,23,22,16264,48000,37200,42000,39200,41412,57000,59000,60100,66600,60000,50000,60000,60000,85000,98000,-2,135000,-2,200000,150000,257000,244000,210000,0,922631,766958
8258,11,-4,1,1,-3,12000,1,1,949,13000,33800,14000,12000,-2,-2,-5,-5,-2,-2,-5,-5,-5,18000,-5,-5,-5,-5,-5,-5,-5,-5,-5,-5,-5,-5
8259,14,-4,1,2,9600,-5,2,4,2273,11640,2200,4500,4030,6500,8000,8938,11240,4644,10280,8137,10310,10502,15180,13982,20020,0,22150,44552,53000,46535,41870,31635,3870,50000,34000
8260,14,-4,1,2,7536,5924,12,10,9990,-3,800,-2,27000,15500,29000,12056,7440,9516,9656,12576,13428,12444,-2,28000,53300,-2,103000,-2,-5,-5,7200,-5,1440,-2,10800
8261,14,-4,1,2,-3,16000,5,9,14532,-3,7200,18300,25000,15927,-2,10788,30000,28000,27000,16000,20000,14096,15022,19687,33328,6796,32160,-5,46800,41800,48261,16000,16510,0,30000
8262,14,35000,1,2,35000,-3,17,16,14484,18500,-2,61100,75001,8000,-2,-2,-2,34480,146942,159805,839078,160097,189918,151270,114000,83000,390662,408473,213000,190000,260000,183000,189000,176032,-5
8263,11,12300,1,1,12300,15000,60,70,77383,-3,33000,-2,27000,36000,44855,-2,-2,-2,-2,-2,-2,-2,-2,16000,-2,19000,23000,20000,71000,27200,62000,50000,-2,-2,93000
8264,14,-4,1,2,-2,-3,5,4,5388,-3,20000,-2,12000,12000,15440,9000,10000,25000,52400,-2,-3,60000,15000,15000,-2,-2,-2,37000,50500,20000,11800,41000,20000,20000,10182
8265,14,18000,1,2,18000,28000,8,6,6997,-3,42000,44560,46000,47700,-2,39000,40058,46644,47179,57000,66000,92000,91000,70000,110000,103000,74010,80000,124000,95060,115000,131500,135000,130500,155000
8266,14,18000,1,2,18000,28000,10,10,6999,-3,42000,44560,46988,40000,15000,64000,-2,70000,-2,50000,59112,86506,58000,40000,17000,37000,42000,60000,23000,-2,-2,-2,50000,-2,-3
8267,11,-4,1,1,12000,13700,24,19,19994,15200,16150,16019,17670,19832,22000,-5,30000,31500,32000,29400,28000,32000,40000,49700,-2,17000,43000,53000,55500,69760,75000,37000,38152,45584,50559
8268,11,-2,1,1,-2,12500,8,8,25331,-3,16000,25000,-2,30000,-2,6000,-2,-2,28000,28000,28000,28000,26700,84000,60000,50000,60000,90000,35000,17000,116000,146000,91000,54652,50000
8269,14,3020,1,2,3020,9000,2,3,548,5000,9000,4488,2544,5280,9576,-2,14400,6120,-2,6000,3048,11652,11784,12144,4260,13051,4416,600,24360,8676,0,14340,13112,8071,1274
8270,11,-2,1,1,-2,20000,27,28,31231,-3,7820,7107,-2,40000,15900,19800,21000,23000,45000,63000,61600,67120,58240,65000,-2,70500,20000,71328,44000,14800,-2,35800,-5,100,194
8271,14,1400,1,2,1400,15404,26,32,25371,16000,18000,20030,20000,13000,13000,16200,18360,16340,-3,21770,18905,18701,22892,21722,28728,26000,11645,29000,33000,33000,35500,46000,36229,25000,7364
8272,11,-4,1,1,8000,20000,29,23,26420,24610,30030,44060,40000,44100,59000,61000,32660,72500,34652,64500,-5,-5,-2,11000,-2,47000,45225,36000,62000,86600,-2,-2,52000,65000,67000
8273,14,-4,1,2,8000,21200,67,67,70095,25218,30040,40050,40034,43650,20150,28340,26040,32050,29600,34000,32050,31000,35040,39500,80000,74000,121000,136000,89545,72300,79200,130000,111872,108500,75000
8274,11,-4,1,1,4020,7000,1,1,0,-3,11690,-2,23000,15000,-2,17050,-5,20000,20000,19000,19000,20000,27000,33000,29000,43000,24000,62000,65000,0,85000,43124,0,81000,59900
8275,11,-4,1,1,8000,-3,47,41,34679,-3,12838,12800,16300,-2,27020,27000,30175,40026,34000,41300,47000,56267,56798,68000,59200,60000,57000,75000,76000,82200,-2,73600,68400,-2,-3
8276,14,-4,1,2,8000,-3,35,29,29045,18168,13100,12340,16300,24400,26359,-2,33342,40026,34000,41300,-2,54020,56000,87000,59200,-2,26400,-2,78130,-2,56160,72720,-2,82060,93804
8277,11,-4,1,1,-3,8000,17,18,19454,9000,-5,-5,13333,-5,-5,-5,-5,-5,-5,-5,-5,-5,-5,-5,-5,-5,-5,-5,-5,-5,-5,-5,-5,-5,-5
8278,11,-2,1,1,-2,2000,5,8,5172,24000,12800,7200,-1,11000,400,9898,14600,12000,-2,12000,12000,15000,14000,28200,23000,-2,15840,9542,4000,12522,-5,-5,21000,14400,14400
8279,14,-4,1,2,5356,600,19,20,18460,2000,-2,4896,22000,3876,7312,19146,7998,13200,29000,29300,30000,31395,32000,33000,34740,44000,43000,51000,39433,156400,-2,32836,36400,51684,34464
8280,11,-4,1,1,4000,5500,-3,-3,179,-5,-5,-5,-5,-5,-5,-5,-5,-5,-5,-2,-2,875,3750,7000,4160,-5,-5,-5,-5,-5,-5,-5,-5,-5,-5
8281,11,-4,1,1,3000,9800,38,42,34227,5480,11768,12840,7000,12000,12000,28000,-5,-5,-5,-5,80008,-5,80000,-5,-5,-5,-5,-5,-5,-5,-5,-5,-5,-5,-5
8282,11,-4,1,1,-2,-3,49,45,35843,7000,19000,3660,5000,8000,4000,26200,16000,16000,17000,21012,14020,24000,-2,66000,-2,28800,24000,20000,38000,31900,39000,40000,33600,44000,38000
8283,14,-4,1,2,-3,-3,5,4,2653,-3,21580,-2,-2,-2,36000,-2,-2,11184,11400,11928,11976,7308,-2,-2,875,-5,-5,-5,-5,-5,-5,-5,-5,-5,-5
8284,14,-4,1,2,6900,-5,-4,-4,-5,-5,-5,-5,-5,-5,-5,-5,-5,-2,-5,-5,-5,-5,-5,6000,-5,-5,-5,-5,-5,-5,-5,-5,-5,-5,-5
8285,11,-4,1,1,7000,6500,33,32,25175,8000,11000,11000,11000,12000,17000,20000,24000,33000,35000,30000,30168,7794,17743,-5,-5,-5,-5,-5,-5,-5,-5,-5,-5,-5,-5
8286,14,-4,1,2,22150,18300,18,21,16944,23540,22000,28600,22000,22800,24200,41400,30000,34000,34000,38200,35200,12000,15600,15650,35200,52000,-2,-2,125000,157000,87000,70000,35000,25000,30000
8287,14,-4,1,2,5016,14736,8,5,3695,6552,8124,9504,18756,10104,-2,11304,9696,10872,11624,14480,17016,12605,17696,18707,8000,-2,13000,20000,17000,51000,49000,45000,43200,50000,50000
8288,10,4800,2,1,4800,12500,11,14,14237,-3,-5,-5,-5,-5,-5,-5,-5,-5,-5,-5,-5,-5,-5,-5,-5,-5,-5,-5,-5,-5,-5,-5,-5,-5,-5
8289,13,3444,2,2,3444,-3,6,6,15471,13000,-2,0,4872,8664,-2,0,8364,7200,4740,1380,12792,-2,18672,26064,14685,20000,18000,21480,9600,28248,22344,22176,0,2555,0
8290,11,3000,1,1,3000,12000,21,16,17772,20000,23000,9490,9000,15300,45000,-1,0,-1,19000,14000,22400,20210,-2,14000,23000,27000,25000,32000,39000,39000,-1,37000,37000,-1,70000
8291,11,3000,1,1,3000,12000,24,25,28030,3853,8000,8000,8015,38000,45000,30060,12318,-2,-2,-2,-2,780,0,28000,0,-2,-5,-5,0,10000,-2,9000,8000,7500,5614
8292,11,10000,1,1,10000,-3,1,1,102,20000,23000,9086,-2,20000,45000,-2,-2,-2,22000,-2,20710,22705,21525,5000,17000,29000,30207,20000,37700,30000,68796,69168,63600,62649,58600
8293,10,-3,2,1,-3,20000,22,17,26316,-3,36000,-2,-2,-2,20000,0,0,0,-5,0,50000,-2,-2,-2,0,-2,0,0,0,0,0,538,1800,-2,11136
8294,14,-3,1,2,-3,14000,10,11,16176,13000,22228,-2,-2,17000,15454,13000,24000,22200,-2,11800,21000,23015,28000,45300,29000,43000,43000,29400,30315,40168,43785,46533,48500,59800,59633
8295,11,-3,1,1,-3,856,10,9,16769,12115,8000,3840,17500,10800,13100,8800,-2,25800,-2,22830,20030,28700,33000,30000,38000,42050,49288,48000,58200,70000,77500,86001,0,69000,70000
8296,14,-2,1,2,-2,856,2,4,4115,12115,800,0,1134,-2,6133,-2,15368,17628,-2,-2,-2,12232,10212,-2,22000,16244,11264,12000,10000,46000,-2,43000,29000,-2,23500
8297,11,-2,1,1,-2,35000,-4,-4,-4,29000,56056,18840,23723,-2,-2,41000,-2,27000,-2,-2,-2,-2,20000,10000,-2,12000,-2,-2,99729,-2,54304,-2,-2,-2,-3
8298,14,-4,1,2,-3,6000,-3,-3,200,8000,10000,11600,-2,-2,48000,-5,0,13000,26640,14000,12000,13600,13242,25000,38000,67000,48000,408473,479983,115200,14840,4320,2860,21960,-3
8299,14,-1,1,2,-1,-3,82,84,82651,-3,-2,-2,-2,35000,32400,43000,1400,-2,-5,20000,24000,55026,-2,42400,14000,83000,58080,-2,63000,35000,84000,88000,92000,105000,114000
8300,11,-1,1,1,-1,-3,81,87,88647,30000,-3,-1,15800,-2,30000,-2,14500,-2,-2,-2,30000,64900,-2,44595,55400,64800,69000,-2,-2,-2,92000,108000,118000,112000,124000
8301,11,28000,1,1,28000,28000,13,15,17504,42000,5360,30000,48000,60000,21500,28000,30000,42100,63140,68300,75000,0,65000,65000,-2,70000,79600,71000,60000,53000,60000,45000,66000,110000,70000
8302,11,9000,1,1,9000,-3,71,72,65576,-3,14000,25500,-2,12000,6504,8725,10000,41700,-2,24200,26000,52000,49415,69523,62400,71000,75100,41000,45350,50000,57400,55000,67500,62000,75000
8303,14,9000,1,2,9000,-3,42,44,55392,-3,18000,25500,-2,-2,8000,-2,-2,-2,-2,-2,14300,15245,-2,-2,-2,23000,-1,-1,40000,-5,-5,-1,-1,-2,-3
8304,11,11000,1,1,11000,1300,59,59,58643,15001,16050,16100,23594,28530,26580,27200,23400,25200,28450,30800,31200,36300,37120,43600,58000,-2,56800,-2,105100,110300,110300,115000,125000,25000,-5
8305,14,-4,1,2,3700,6500,3,1,3244,6000,4552,6220,4420,7791,6980,9000,1700,-2,18000,10500,13350,26640,30432,-2,21532,14000,14400,-2,14000,21761,21076,23600,104300,7440,-3
8306,14,11000,1,2,11000,4000,11,9,11151,12000,25000,-2,-2,6760,1800,-2,-2,35260,-2,31000,-2,13000,11000,8000,-5,-5,-5,-5,-5,-5,-5,-5,-5,-5,-5
8307,11,11000,1,1,11000,4000,-4,-4,-4,12000,-2,30000,-2,-3,1800,-5,42000,-2,17500,13500,15000,21000,31000,20000,-2,27000,28000,49000,47500,69000,69086,-2,-5,85000,90000
8308,12,8040,3,2,8040,-3,8,11,16405,4822,200,307,1343,7628,7032,14072,-2,8088,9000,-5,-5,-5,-5,-5,-5,-5,-5,-5,-5,-5,-5,-5,-5,-5,-5
8309,14,-4,1,2,420,200,7,5,7705,11773,10000,11220,14400,19206,20491,18300,20640,23040,-2,25784,839078,-2,-2,17302,6956,-2,28000,59931,70000,68129,73000,57000,113640,136000,-3
8310,12,-4,3,2,630,-5,-4,-4,-5,-5,-5,-5,-5,-5,-5,-5,36000,30000,17880,-5,-5,-5,-5,-5,-5,-5,-5,-5,-5,-5,-5,-5,-5,-5,-5
8311,12,-4,3,2,6200,22600,94,91,86154,29350,-2,28700,32000,33180,-2,49000,36600,36600,48600,-5,-5,-5,-5,-5,-5,-5,-5,-5,-5,-5,-5,-5,-5,-5,-5
8312,12,-4,3,2,-3,11560,47,49,48520,6556,8112,8160,10852,8265,24400,42650,22320,-2,34624,-5,-5,-5,-5,-5,-5,-5,-5,-5,-5,-5,-5,-5,-5,-5,-5
8313,12,-4,3,2,-3,7083,27,28,20087,-3,8034,10400,10400,10554,3777,9504,8280,7000,20353,-5,-5,-5,-5,-5,-5,-5,-5,-5,-5,-5,-5,-5,-5,-5,-5
8314,11,10000,1,1,10000,12000,22,21,19035,-3,10000,30000,15000,18700,-2,41086,-2,-2,-2,-2,18719,19000,-2,24000,26000,29000,-2,33000,-2,69220,14400,15600,15600,20592,16224
8315,14,10000,1,2,10000,12000,32,31,31291,15600,12000,7000,8000,8000,-2,32000,34020,29080,34000,43000,18300,1600,13540,24776,-2,28775,-5,-5,84800,120000,128050,150000,240000,241000,216000
8316,11,2000,1,1,2000,6388,50,53,60048,18000,36316,14000,6695,13000,13000,23000,13000,15000,12800,10600,3480,13000,15000,25000,30000,30020,80000,-5,60000,33000,42030,42000,42474,48000,26000
8317,14,2000,1,2,2000,6388,23,32,45237,10196,14578,8475,16816,18347,16282,19000,17990,21504,22888,21025,22700,30250,27538,35070,21000,24000,29000,31000,34000,31000,32000,38091,34000,41000,44000
8318,11,31440,1,1,31440,20000,32,32,35047,22101,-2,8500,43350,-2,13100,20000,-2,-2,44000,50000,48000,40000,-2,70000,81000,-5,-5,-5,-5,-5,-5,-5,-5,-5,-5
8319,14,31440,1,2,31440,20000,40,35,45108,23000,45000,-2,43350,48500,54000,24014,25562,26000,-3,33020,-2,-2,-2,-2,57200,-2,66000,56000,67664,72328,64947,56747,62015,58537,73662
8320,11,31440,1,1,31440,20000,39,37,49894,23000,3700,8000,8680,8000,-2,-2,-2,-2,27000,37000,37000,37000,37500,46000,37000,50000,0,-2,0,3634,2400,5400,-2,-1,-3
8321,11,31440,1,1,31440,20000,7,9,19335,23000,45000,-2,43350,0,0,0,0,-2,-3,13200,13860,14136,13724,18000,-2,-5,-2,11400,17500,-2,-2,12000,0,0,-3
8322,11,31440,1,1,31440,20000,6,9,5947,23000,45000,6500,8473,5468,2151,12000,5000,11872,16784,-3,21000,18960,21360,4460,-1,7150,19663,9432,8556,9036,-2,10932,16104,-2,-3
8323,11,75001,1,1,75001,22000,33,35,42231,28000,28000,30000,45000,18000,20000,20000,21500,19090,22000,24800,28000,28100,28000,34000,32060,-2,40060,40000,40000,41000,48089,48000,43000,41000,-5
8324,12,-4,3,2,4235,2570,51,46,43726,7361,15300,16303,13550,11251,12336,10900,17500,19947,27260,-5,-5,-5,-5,-5,-5,-5,-5,-5,-5,-5,-5,-5,-5,-5,-5
8325,12,38220,3,2,38220,27950,32,30,24835,2100,-5,4282,6928,7620,10123,18571,-3,27800,30468,-5,-5,-5,-5,-5,-5,-5,-5,-5,-5,-5,-5,-5,-5,-5,-5
8326,9,-4,3,1,1576,-5,31,25,27766,300,-2,0,228,300,1,0,0,-5,3817,-5,-5,-5,-5,-5,-5,-5,-5,-5,-5,-5,-5,-5,-5,-5,-5
8327,11,-4,1,1,6000,13245,3,3,4145,9590,8550,14224,21224,24020,25000,25295,30090,27166,35656,41000,33430,35077,41483,45072,1500,26000,61000,62000,8000,51448,30000,18792,156228,14579,15900
8328,11,4000,1,1,4000,14000,23,28,26069,4000,10200,14630,23000,25300,-2,-2,-2,-2,-2,-2,-2,-2,-2,25000,31335,46000,40000,243000,30900,-2,-2,-2,73360,171988,48600
8329,14,4000,1,2,4000,8000,12,10,7472,5000,5000,7500,10349,0,-2,-2,-2,-2,-2,-2,-2,13000,5402,14964,-2,10900,18100,19212,19000,18000,26500,22100,-2,-2,42000
8330,14,4000,1,2,4000,14000,4,6,9043,16000,10200,-2,8500,-2,-2,10240,11000,25000,-2,25719,-2,-2,11112,18840,5000,15895,-2,16872,28601,39859,24270,11000,-2,19153,2184
8331,11,4000,1,1,4000,14000,4,4,9937,16000,10200,12000,23000,25300,6760,18500,-3,12140,15000,24610,26400,22630,22005,26800,34640,27560,32258,40000,63000,47080,36944,22400,23600,26898,15495
8332,14,-4,1,2,3800,7000,1,1,1783,-3,8328,-5,-5,-5,-5,-5,-5,-5,-5,-5,-5,-5,-5,-5,-5,-5,-5,-5,-5,-5,-5,-5,-5,-5,-5
8333,11,8700,1,1,8700,10260,24,34,43342,12000,-2,10500,2059,8579,6396,6689,-3,-2,-2,12448,12000,19032,15946,3000,7000,800,12000,-2,33868,39200,-2,-2,16275,20921,11232
8334,14,6005,1,2,6005,5000,22,12,15368,4000,6000,9000,9200,12600,7458,10500,16040,15740,23735,25070,22908,21040,17350,26490,36600,41000,47000,56000,53000,-2,64000,67600,82000,71000,-3
8335,12,-4,3,2,3300,5000,23,18,23293,3025,580,-2,30000,36816,50000,40300,-2,57500,56900,-5,-5,-5,-5,-5,-5,-5,-5,-5,-5,-5,-5,-5,-5,-5,-5
8336,14,18000,1,2,18000,35000,57,41,34381,25000,45000,12000,36016,36000,38020,44500,38000,38000,39033,38600,31000,26160,35300,974100,-5,332808,390662,408473,-5,-5,-5,-5,-5,-5,-5
8337,14,18000,1,2,18000,35000,22,27,27526,25000,45000,196,5199,4300,14200,16000,21130,24200,28007,33120,27240,27560,26265,29086,22000,42000,24000,26000,32000,28000,47000,44500,38000,8200,46000
8338,12,-4,3,2,7020,-3,60,48,45242,6794,6108,6400,19200,11000,9000,10598,10000,14028,11070,-5,-5,-5,-5,-5,-5,-5,-5,-5,-5,-5,-5,-5,-5,-5,-5
8339,11,18000,1,1,18000,24000,49,42,51835,25000,26000,20000,10300,13500,10075,16200,18200,21430,17600,25408,24804,27220,19852,20438,25800,-2,32000,-5,129000,42000,42000,40000,-5,0,94000
8340,14,-4,1,2,-2,9934,32,32,39079,8500,7528,12400,3226,-2,16700,25000,26876,26800,39260,42080,-2,-2,-5,-2,15156,34000,-5,49075,28200,26000,127025,37510,30000,120000,32808
8341,11,26000,1,1,26000,6000,68,66,71803,11000,14600,25000,17275,27000,34700,30000,32000,37000,42350,48000,49000,34000,66060,42000,29920,6000,-5,-5,0,40000,-5,-5,-5,-5,-5
8342,11,-2,1,1,-2,6000,21,18,20350,16000,17000,50000,20160,19000,10440,-5,-5,-5,-5,-5,10000,11005,12113,29078,17830,30700,14000,18503,24700,15300,8830,18024,14976,21228,50805
8343,14,-2,1,2,-2,6000,20,10,15960,0,12000,51983,18765,5340,11492,-2,2500,12616,15552,8478,8556,15456,14735,500,10860,26804,-5,10000,14000,8000,7740,11000,27000,-2,-3
8344,10,11800,2,1,11800,12000,9,6,8411,23000,12000,20000,18676,16816,37028,40432,20000,43000,42400,-1,-1,-1,-1,-1,-1,-1,-5,-1,93305,-1,-1,-1,-1,-1,-3
8345,14,15000,1,2,15000,9000,11,12,13128,15000,200,25600,25000,25000,29300,28000,31000,82000,3200,40000,40540,54000,51400,46000,63500,65000,69000,116000,117000,41200,-2,30000,20000,22000,-3
8346,14,15000,1,2,15000,9000,25,29,40182,15000,16000,55500,3400,18700,26000,18400,-2,20360,18600,65800,12750,30000,30800,32000,42000,-5,77000,98000,137000,138000,123000,126000,40000,100000,145000
8347,11,6000,1,1,6000,9660,10,11,9386,10014,15105,15000,-2,17430,9134,-2,-2,54000,-2,-2,42200,43400,49644,44000,-2,-5,-5,-5,-5,-5,-5,-5,-5,-5,-5
8348,11,5796,1,1,5796,6543,29,25,32644,6572,7500,14600,8718,12000,18000,8838,10000,-2,-2,-2,12000,10600,-2,24300,23800,38020,63900,74000,45180,50000,52000,65000,-5,-5,-5
8349,14,-4,1,2,-3,15416,16,16,12684,18000,20676,25250,29000,21600,28081,33000,29800,46500,-2,68900,-2,-2,-2,40800,-5,49000,83000,83000,87000,63400,62000,62000,83000,62000,70200
8350,14,4000,1,2,4000,9000,-4,-4,-4,-3,20000,12000,16000,13876,-2,12000,-5,-2,-2,-2,-2,-2,-2,-2,-5,-5,-5,-5,-5,-5,-5,-5,-5,-5,-5
8351,14,6000,1,2,6000,9000,35,36,34542,9275,-2,2800,-2,27400,28004,15000,25000,24600,28400,31725,-2,-2,-2,12000,-5,-5,-5,27000,38000,50000,54000,55000,57648,71000,125000
8352,14,6000,1,2,6000,12000,28,21,20419,9275,-2,3800,-2,1550,20600,-2,-2,25000,-5,41000,-2,-2,13896,19000,20000,21000,24000,51000,63000,65000,65000,72000,90000,72000,78000
8353,14,-2,1,2,-2,-3,1,1,1128,7130,8700,-3,12185,-2,14150,15040,-2,-2,-5,-5,-5,-2,25000,30000,32000,-2,-2,42817,35000,53000,53200,-2,-2,67397,-3
8354,13,-2,2,2,-2,-3,11,13,8765,24000,17000,13500,4896,5736,9528,11712,10380,12360,-2,11268,10176,11253,17978,37000,0,51800,35000,46800,62000,56000,32400,45220,2160,2328,1302
8355,11,-2,1,1,-2,7820,30,27,32758,6500,10000,7795,10520,14518,18188,17400,15000,24000,23000,31000,28800,25000,18000,-2,-5,27800,23000,-5,36000,-5,-5,-5,36000,-5,-5
8356,11,15000,1,1,15000,12000,-4,-4,-4,27000,30000,17372,19531,50000,50098,31568,25440,17000,-2,-2,-2,-3,-3,8000,8000,25000,30000,50000,35000,60000,-2,-2,-2,-2,-3
8357,14,15000,1,2,15000,12000,8,8,13499,27000,30000,-2,8420,8236,11900,21764,27000,32200,26370,29900,27200,36583,7708,54000,82000,105000,78000,92000,189000,271200,250000,165008,123001,147490,152250
8358,11,11000,1,1,11000,-5,-4,-4,-4,12000,25000,18000,8000,6500,1800,1000,1055,690,-2,6000,0,200,-2,-5,-5,42000,-5,-5,0,1400,-5,-5,-5,-5,-5
8359,14,11000,1,2,11000,-5,-4,-4,-4,8426,10100,14000,16920,11400,10844,15500,-5,21000,22000,24400,-2,18835,30440,54000,17600,24600,25000,13000,6800,7540,400,88600,40000,90000,150000
8360,11,10000,1,1,10000,9000,39,25,31519,10000,10000,31200,40000,45000,100001,10500,41000,16000,20816,54000,50800,60000,-2,4000,0,15000,15000,20000,-5,0,10000,0,6000,0,0
8361,11,8000,1,1,8000,5640,54,57,52383,-3,-2,28884,-2,17000,-2,-2,46650,51500,53100,55550,68000,70200,82814,54400,80400,114000,-2,154000,193000,220723,440692,168000,185000,-2,156700
8362,12,-4,3,2,5650,12000,28,31,28158,13743,27000,19719,11500,13010,14420,14000,28000,20500,20000,-5,-5,-5,-5,-5,-5,-5,-5,-5,-5,-5,-5,-5,-5,-5,-5
8363,12,-4,3,2,6100,5150,81,82,84682,6900,10410,12811,19825,32850,34822,30034,31016,28932,35009,-5,-5,-5,-5,-5,-5,-5,-5,-5,-5,-5,-5,-5,-5,-5,-5
8364,11,-4,1,1,4000,-3,6,7,11259,15877,21381,21608,20422,23013,29254,32426,32000,32000,33550,34900,36000,35000,40000,-5,20000,20000,48163,20000,28000,43200,27300,22800,30920,43172,42000
8365,9,4092,3,1,4092,3500,33,38,49933,-3,10000,11000,12000,8000,29500,28000,80200,1057448,49000,-5,-5,-5,-5,-5,-5,-5,-5,-5,-5,-5,-5,-5,-5,-5,-5
8366,12,4092,3,2,4092,3500,2,3,6861,-3,-2,4944,-2,8400,-2,1587,4736,4668,3600,-5,-5,-5,-5,-5,-5,-5,-5,-5,-5,-5,-5,-5,-5,-5,-5
8367,14,-2,1,2,-2,-3,14,18,14090,814,2855,0,-2,801,3000,4700,6096,4300,4400,3000,0,0,0,0,-5,-5,-5,13072,-5,-5,1000,15000,-5,6044,15024
8368,11,-3,1,1,-3,28000,56,50,48994,-3,48000,54582,63000,53000,14100,35700,27863,29427,32500,34924,32706,29300,32704,23400,23200,21780,-5,-5,-5,-5,-5,-5,-5,-5,-5
8369,9,35000,3,1,35000,50000,52,54,58519,65000,24702,26908,-5,-5,-5,32000,27510,25000,32000,-5,-5,-5,-5,-5,-5,-5,-5,-5,-5,-5,-5,-5,-5,-5,-5
8370,9,-4,3,1,12784,20000,23,29,27633,-3,38800,37000,22000,24000,26000,26000,23000,17540,-2,-5,-5,-5,-5,-5,-5,-5,-5,-5,-5,-5,-5,-5,-5,-5,-5
8371,12,-4,3,2,10940,4500,68,51,50710,17007,14500,4700,20000,-5,-5,-5,-5,-5,-5,-5,-5,-5,-5,-5,-5,-5,-5,-5,-5,-5,-5,-5,-5,-5,-5
8372,12,21000,3,2,21000,-3,98,99,99550,-3,50000,-2,4700,1280,1820,6800,3300,38900,3000,-5,-5,-5,-5,-5,-5,-5,-5,-5,-5,-5,-5,-5,-5,-5,-5
8373,12,-4,3,2,-3,7613,33,39,32104,10980,11000,-2,11251,16060,17484,13312,17363,16297,16601,-5,-5,-5,-5,-5,-5,-5,-5,-5,-5,-5,-5,-5,-5,-5,-5
8374,14,8800,1,2,8800,-3,32,35,43846,9440,2040,8500,-2,2320,6000,13200,3200,5596,9464,9764,15048,22700,24780,26710,30100,16000,36000,57000,36000,48000,53988,72000,81000,53505,128000
8375,14,-3,1,2,-3,7000,16,25,25098,12480,18970,19180,17875,-2,4787,5640,3516,6252,6816,7968,8544,15468,13353,15900,10720,12600,15600,5924,20000,12430,19000,24000,30000,34000,30000
8376,14,12200,1,2,12200,7000,13,13,11542,12480,18970,19180,-2,10407,7305,-2,5573,6000,6400,10430,17800,14976,-2,27642,16116,-2,-2,14956,16952,21151,28288,13500,300,23796,0
8377,14,12200,1,2,12200,11800,5,6,8910,10296,18980,19180,5175,15496,6088,6000,11468,17000,15000,0,4908,10116,8042,5928,8136,-2,580,10380,0,13608,14256,18732,14580,14943,14856
8378,11,12200,1,1,12200,7000,14,13,19015,12480,18970,19180,17875,15496,16000,1800,-2,13000,13400,13500,14462,8082,940,13200,4000,12964,-2,-2,-2,1340,18608,-2,-2,-5,-5
8379,11,15000,1,1,15000,-3,37,44,50214,24000,1125,2890,10000,2100,12300,17000,23000,-2,20050,22080,33030,-2,42100,38040,46100,45000,48000,55000,237300,72600,72000,60000,160000,-5,150000
8380,11,15000,1,1,15000,-3,17,12,15790,24000,25000,23000,14000,2430,12300,9500,12060,30200,31900,33600,36045,37850,38500,-5,-5,-5,-5,62600,65000,80500,69025,82600,52000,50500,28575
8381,11,35000,1,1,35000,35000,44,52,60232,51000,65000,70000,15200,18006,70000,18025,45150,38600,-2,-2,98010,-1,189918,154000,125050,97000,-2,25005,59035,50500,64100,38200,55000,60000,38000
8382,11,-1,1,1,-1,-3,27,30,38513,32000,35000,39400,58700,67000,11200,14000,15000,11500,22000,25000,24000,20000,12000,24600,39000,47000,42500,35000,52300,50000,45000,55000,66240,60000,61000
8383,14,7500,1,2,7500,12375,11,6,5264,12764,-2,13474,5468,3924,4560,-2,4452,5784,6192,6672,5700,7128,7128,-2,604,15128,13280,14000,17000,-2,17000,15000,18000,18400,18500
8384,10,11000,2,1,11000,12500,1,2,2995,33248,38000,13000,18300,26900,28340,29000,31100,33080,33000,36150,39000,-2,39000,41000,44000,42000,54000,62000,81000,-5,80000,81500,89000,55000,82000
8385,13,11000,2,2,11000,12500,17,13,14942,33248,29500,31500,47200,38000,32500,6100,-2,-2,24700,26420,24350,27400,18001,20000,-2,46000,25000,41000,62125,64000,119000,19570,25300,192000,35000
8386,11,-4,1,1,2503,9216,81,77,70056,5200,-2,-2,-2,12320,16000,6600,-2,-2,11500,-3,-2,-2,-1,-2,48000,-5,-5,-5,-5,30000,70200,-2,58040,10932,-3
8387,14,8000,1,2,8000,-3,16,15,20198,35650,30000,32000,25000,25000,35000,24100,20000,9200,7975,10040,11800,9200,14400,12470,-5,-5,-5,-5,-5,-5,-5,-5,-5,-5,-5
8388,11,15800,1,1,15800,8900,13,12,8238,14505,18418,19317,19706,-3,20825,-2,21400,23700,23400,18500,14300,16000,24000,20740,-2,45000,36174,51000,95000,94000,63500,35000,0,65000,100000
8389,14,15800,1,2,15800,9000,25,15,13984,12480,9000,34200,-2,-2,26572,28000,28500,25840,30500,38000,34730,43030,34050,33800,15000,17000,25000,-2,42056,63400,68213,-2,68000,-2,-3
8390,11,15800,1,1,15800,9000,25,23,32505,12480,8000,14400,20000,35000,25000,26700,28000,29015,33500,34174,38050,-2,72000,76000,68000,90000,-2,112100,-5,132000,113000,103600,134000,151200,150000
8391,14,20000,1,2,20000,-3,49,36,28111,15990,28548,31015,32770,-3,40500,46000,24000,27622,29731,42750,23240,16000,25585,37108,47844,57980,67440,74000,84100,98000,106000,108080,124000,110750,119000
8392,11,20000,1,1,20000,-3,64,75,76373,23000,21000,-2,23000,27000,1850,0,-2,15000,16000,22530,24150,24000,28500,47000,50000,62000,31200,66000,82100,-5,110000,103100,-5,-5,-5
8393,14,20000,1,2,20000,-3,17,11,6147,13704,1990,5262,4660,4928,5906,10900,-2,40000,43890,50860,49600,55500,40550,33600,43296,28000,-2,34000,38000,39690,25265,19730,5350,56200,50600
8394,11,20000,1,1,20000,-3,10,6,9944,20200,21000,-2,23000,-2,22000,1500,-2,4500,-3,12860,-3,13296,15000,-2,12524,-5,15000,0,30000,-2,-2,-2,-2,-2,-3
8395,14,14000,1,2,14000,26000,62,70,58898,28000,29000,-2,-2,-2,48300,-2,-2,-2,50000,50500,65000,-2,70000,-2,80500,83000,113000,-2,171884,210000,-2,-2,132658,109798,-3
8396,11,-2,1,1,-2,-3,37,36,32684,18340,11000,36592,15000,30000,21000,45800,11900,14000,14250,16000,17000,20000,15000,-5,8800,21280,-5,-5,-5,24000,-5,-5,-2,1200,0
8397,11,-2,1,1,-2,-3,14,12,12896,18340,11000,32478,15000,11600,29000,-2,-5,-5,-5,-5,-5,-5,-5,-5,-5,-5,-5,-5,-5,-5,-5,-5,-5,-5,-5
8398,14,-2,1,2,-2,-3,18,22,31179,18340,10000,30368,15000,5000,5600,10650,16300,17000,16080,16000,14640,24020,26700,38000,46400,-5,-5,-5,77000,73500,73000,68600,46000,45000,63500
8399,14,-2,1,2,-2,15000,12,15,15769,6000,-2,15000,20000,12000,14000,13620,-2,30000,37250,32000,26000,26000,41118,39750,45700,69042,102000,109000,127525,138000,134000,-2,126000,144000,-3
8400,11,10000,1,1,10000,-3,8,9,5480,-3,12000,-2,-2,15000,18000,-3,-2,-2,-2,0,-2,-2,-2,-2,-2,-2,7000,-5,720,-5,-5,-5,-5,-5,-5
8401,14,-4,1,2,-3,8300,5,4,4739,7170,9148,10460,11820,-3,16564,8234,12564,12170,15274,20547,20749,17649,16315,-2,18400,41000,48000,38000,46334,42644,44288,42000,6622,42000,-3
8402,11,-1,1,1,-1,13000,24,28,31837,7000,14000,13100,1800,15000,-2,22000,19000,25400,38000,53000,78240,73000,-1,-5,-2,26000,26000,27000,34000,35500,34450,33000,33800,30000,33000
8403,11,-2,1,1,-2,14000,43,29,28121,-3,15648,18100,-2,-5,-5,-5,-5,-5,-5,-5,-5,-5,-5,-5,-5,-5,-5,-5,-5,-5,-5,-5,-5,-5,-5
8404,14,-2,1,2,-2,13000,25,24,23188,-3,15647,18100,23000,-5,-5,-5,-5,-5,-5,-5,-5,-5,-5,-5,-5,-5,-5,-5,-5,-5,-5,-5,-5,-5,-5
8405,14,-1,1,2,-1,15000,4,3,1566,-3,12000,-2,-2,-2,-2,-2,-2,0,-2,-2,-2,-2,5000,-2,1664,-5,-2,4008,10164,4777,-2,10080,-2,15112,14800
8406,11,-4,1,1,7000,10000,7,9,10619,9000,13000,12000,13396,14900,14900,17300,18000,20000,21000,10000,18000,-2,51000,31200,11120,14000,24500,25000,53000,37000,35000,35700,41000,52000,49000
8407,14,-4,1,2,11000,-3,6,4,1925,-3,11000,12000,13000,14999,14000,16000,18000,20000,22000,18800,19060,-2,51000,40000,20000,22000,22000,50000,60000,-5,40000,60000,60000,55000,-3
8408,14,-1,1,2,-1,6000,27,27,40191,10760,10600,15951,18448,2256,7500,13000,15449,25000,12958,28000,15200,28720,29000,46100,-1,19000,-2,42152,53457,26400,28400,-2,68190,60960,119400
8409,11,-4,1,1,-3,39000,78,80,65532,13700,20000,-1,7069,-2,7600,53750,4910,3683,7865,30300,40715,46020,53020,51000,66000,70100,81300,100000,111500,131000,160400,182400,202000,195500,-3
8410,11,-4,1,1,200,33000,-4,-4,-4,1800,4500,-5,1800,-1,-5,-5,-5,-5,-5,-5,-5,-5,-5,-5,-5,-5,-5,-5,-5,-5,-5,-5,-5,-5,-5
8411,11,-1,1,1,-1,11000,31,32,32471,11000,24000,24000,35000,37000,45000,55000,19500,24700,18000,16000,18000,15000,-5,-5,-2,4568,25956,-5,29316,30608,32076,-5,-5,-5,-5
8412,11,-1,1,1,-1,33000,12,15,11226,10134,9200,36776,22500,-2,-5,30000,21800,30800,2080,33000,30000,28000,30000,6000,2300,19000,46000,39000,31000,-2,-2,-2,-2,-1,59150
8413,14,-1,1,2,-1,33000,15,17,24112,15000,19000,66000,22400,34000,28000,30000,45000,36600,34000,31200,43000,42100,38000,54000,45000,44000,45000,73000,45000,38000,25000,50000,46000,42000,64400
8414,13,-1,2,2,-1,19000,68,65,70044,14000,22000,3550,7550,10055,14010,34000,32040,36500,40620,47010,60600,52630,60580,55000,57400,102900,78000,51600,74800,61000,142400,96000,149000,80000,76000
8415,10,-1,2,1,-1,29000,14,17,21215,14000,15000,10500,14200,-2,18500,27700,25500,34180,40500,32680,21500,14000,15060,105000,120000,-5,-5,43600,-5,-2,148999,100000,-5,-5,-3
8416,13,-1,2,2,-1,29000,32,35,41197,-3,22000,17350,18000,20000,10215,3411,16500,19493,24735,29615,-2,65050,61080,82360,81080,90500,80025,115682,118313,126870,137324,138000,162010,163397,-3
8417,13,-1,2,2,-1,29000,43,42,54052,14000,22000,16905,18000,20000,14900,7788,13058,-2,41100,-2,42120,35922,-2,40365,23437,-2,33900,28000,40800,36111,49770,55300,47000,75411,90500
8418,12,7800,3,2,7800,7000,19,25,25104,-3,13000,12000,20100,12280,-1,14400,14500,12000,-2,-5,-5,-5,-5,-5,-5,-5,-5,-5,-5,-5,-5,-5,-5,-5,-5
8419,12,7800,3,2,7800,7000,32,39,49720,-3,17000,12000,-2,23000,7000,19600,38000,-2,11300,-5,-5,-5,-5,-5,-5,-5,-5,-5,-5,-5,-5,-5,-5,-5,-5
8420,10,10000,2,1,10000,5500,23,20,19095,15000,40000,12868,15000,-2,-2,10000,44500,50000,10000,25000,-2,18000,30000,32400,37000,35000,-2,40935,40863,65000,-2,-2,-2,13697,39432
8421,10,10000,2,1,10000,15000,27,24,24978,15000,30000,24390,15000,-2,-2,-2,11000,17000,21000,20000,26800,26500,35000,40000,-2,30000,64400,77400,80000,101000,98614,70000,70000,72000,81200
8422,13,7000,2,2,7000,6487,43,47,56957,2000,17000,20000,-2,8023,8333,9339,24927,23527,29000,26000,28380,26290,28000,36800,43000,55000,41000,59000,63000,77400,135617,53000,91000,92000,90060
8423,10,7000,2,1,7000,6298,9,15,21014,17000,17000,20000,20000,18000,7000,11000,13000,12000,12000,44500,40420,40000,11000,30000,65000,62000,0,0,15000,23891,25531,42000,29229,0,15000
8424,12,3700,3,2,3700,4200,11,11,15883,4188,14000,-2,1100,5726,84,1077,1812,5681,3009,-5,-5,-5,-5,-5,-5,-5,-5,-5,-5,-5,-5,-5,-5,-5,-5
8425,12,-1,3,2,-1,11300,64,50,49896,15700,10000,-2,17002,15602,17000,27000,25200,24000,24000,-5,-5,-5,-5,-5,-5,-5,-5,-5,-5,-5,-5,-5,-5,-5,-5
8426,10,5800,2,1,5800,0,34,38,37612,18000,2600,8000,20920,34300,31500,40750,40320,40000,42000,41500,49000,49000,-5,-5,-5,-5,-5,-5,-5,-5,-5,-5,-5,-5,-5
8427,10,-4,2,1,-3,-3,16,12,10548,10480,18100,-2,14212,9440,-5,-5,-5,-5,-5,-5,-5,-5,-5,-5,-5,-5,-5,-5,-5,-5,-5,-5,-5,-5,-5
8428,13,8700,2,2,8700,7700,27,25,26329,2856,8200,9500,17610,18000,27000,-2,28728,24000,15000,-2,28000,-2,29800,11693,9400,18600,-2,-2,40000,44200,-2,-1,42000,41000,0
8429,12,-4,3,2,6456,10000,51,42,30014,13280,8261,11000,8215,13400,15000,13615,15085,8890,14980,-5,-5,-5,-5,-5,-5,-5,-5,-5,-5,-5,-5,-5,-5,-5,-5
8430,13,-1,2,2,-1,6100,70,71,80012,5900,7000,10283,29944,28000,32000,47988,20000,25000,27959,31644,33163,32017,39199,-2,50328,48000,56000,58000,57000,62000,46000,41000,65000,76893,51756
8431,13,12000,2,2,12000,13000,42,41,46333,20000,-2,55000,2250,25000,35000,16500,29000,37000,27000,35000,28900,48000,55000,61000,42000,43500,53000,52000,56000,63500,440692,153000,-2,-2,339000
8432,13,12000,2,2,12000,13000,2,2,668,17000,21000,16000,-2,4588,3996,8468,9750,6853,-2,44398,35730,-2,-2,-2,-2,57000,-2,-5,-2,-2,-1,-1,-2,-5,-3
8433,10,9000,2,1,9000,21000,7,8,11794,9600,-2,20000,28000,-2,25000,24000,85000,20100,-2,59788,21364,37000,20000,25000,26200,42000,48000,69000,107400,-2,78000,100312,69000,25400,-3
8434,13,-4,2,2,10400,14622,49,48,49053,19000,23000,19000,19175,10128,4000,27840,7000,6100,6000,12000,3000,4096,6000,20000,20000,25000,30005,41000,40000,51002,49000,148000,184700,194568,206000
8435,9,3000,3,1,3000,5000,71,66,74825,1800,-2,2300,1900,12500,13000,6600,10500,20000,18000,-5,-5,-5,-5,-5,-5,-5,-5,-5,-5,-5,-5,-5,-5,-5,-5
8436,9,-3,3,1,-3,7500,-4,-4,-4,13717,28000,51000,-5,20000,-2,19172,21496,23000,27504,-5,-5,-5,-5,-5,-5,-5,-5,-5,-5,-5,-5,-5,-5,-5,-5
8437,12,5146,3,2,5146,5736,54,49,62048,8600,-2,5688,10000,15358,10400,3214,8650,12000,4700,-5,-5,-5,-5,-5,-5,-5,-5,-5,-5,-5,-5,-5,-5,-5,-5
8438,9,4440,3,1,4440,4236,2,3,1088,4800,4800,5616,4308,8392,-2,4572,-2,-2,1188,-5,-5,-5,-5,-5,-5,-5,-5,-5,-5,-5,-5,-5,-5,-5,-5
8439,9,3690,3,1,3690,5014,6,14,16220,4200,4800,7000,11196,3800,3000,5444,-2,15684,3396,-5,-5,-5,-5,-5,-5,-5,-5,-5,-5,-5,-5,-5,-5,-5,-5
8440,10,-2,2,1,-2,600,7,11,11154,-3,1640,-2,4500,5000,12000,-2,-2,-2,10099,4000,8665,-2,-2,18290,-2,26546,-2,-2,-1,-2,-2,-5,-5,24000,27000
8441,10,12820,2,1,12820,36504,10,12,16563,31727,10000,5000,16600,23327,20000,21216,8000,18500,13288,22590,32000,30000,27000,-2,-2,-2,11000,15000,13000,-2,-5,10800,-5,-5,-5
8442,10,12820,2,1,12820,36504,3,7,4638,31727,-2,5000,16600,23327,20000,23216,10050,-2,10573,10180,10000,33000,-2,-2,-2,-2,-2,-2,0,8200,10504,0,10000,5000,-3
8443,9,10000,3,1,10000,-3,45,51,49509,4434,7992,1968,13886,12796,18000,-5,15000,-2,32320,-5,-5,-5,-5,-5,-5,-5,-5,-5,-5,-5,-5,-5,-5,-5,-5
8444,9,-3,3,1,-3,14000,30,30,38427,-3,-2,-2,27666,16000,33000,17000,21000,30000,15500,-5,-5,-5,-5,-5,-5,-5,-5,-5,-5,-5,-5,-5,-5,-5,-5
8445,12,-4,3,2,-2,-3,44,35,33043,37000,-2,1026,22218,30000,30882,26000,-5,24000,0,-5,-5,-5,-5,-5,-5,-5,-5,-5,-5,-5,-5,-5,-5,-5,-5
8446,12,-2,3,2,-2,3440,8,3,3226,-3,14340,12000,20000,-5,-5,-2,-5,-5,-5,-5,-5,-5,-5,-5,-5,-5,-5,-5,-5,-5,-5,-5,-5,-5,-5
8447,9,4000,3,1,4000,-5,-4,-4,-4,-3,-2,8641,6384,4925,7899,-2,3918,10522,5949,-5,-5,-5,-5,-5,-5,-5,-5,-5,-5,-5,-5,-5,-5,-5,-5
8448,9,18000,3,1,18000,-3,40,38,47462,7800,-2,-5,6000,-2,-2,41500,30000,37000,22560,-5,-5,-5,-5,-5,-5,-5,-5,-5,-5,-5,-5,-5,-5,-5,-5
8449,12,18000,3,2,18000,-3,19,28,42068,26000,-2,-5,-5,-2,-1,-2,25000,20600,25500,-5,-5,-5,-5,-5,-5,-5,-5,-5,-5,-5,-5,-5,-5,-5,-5
8450,9,-3,3,1,-3,4200,-4,-4,-5,-5,8000,-5,-2,-5,14500,-5,-5,-5,-5,-5,-5,-5,-5,-5,-5,-5,-5,-5,-5,-5,-5,-5,-5,-5,-5
8451,12,-2,3,2,-2,4200,-4,-4,-5,-5,10000,-5,-2,8000,-5,-5,-5,-5,-5,-5,-5,-5,-5,-5,-5,-5,-5,-5,-5,-5,-5,-5,-5,-5,-5
8452,12,8000,3,2,8000,25000,6,4,1468,1100,13800,-3,16600,16000,20000,22400,20000,-2,31000,-5,-5,-5,-5,-5,-5,-5,-5,-5,-5,-5,-5,-5,-5,-5,-5
8453,9,-4,3,1,1250,2100,55,69,62234,40000,20187,21500,22150,24250,29300,29900,58840,41450,53900,-5,-5,-5,-5,-5,-5,-5,-5,-5,-5,-5,-5,-5,-5,-5,-5
8454,9,-4,3,1,860,-3,94,92,86353,3350,6288,6720,24900,29703,36779,39700,42500,985,52618,-5,-5,-5,-5,-5,-5,-5,-5,-5,-5,-5,-5,-5,-5,-5,-5
8455,12,-4,3,2,-2,9300,24,31,23513,19510,22083,23300,21500,19440,-2,0,25000,9500,33800,-5,-5,-5,-5,-5,-5,-5,-5,-5,-5,-5,-5,-5,-5,-5,-5
8456,9,-4,3,1,-3,10700,85,80,66591,18000,22483,23300,21560,19440,22550,23150,25100,-5,-5,-5,-5,-5,-5,-5,-5,-5,-5,-5,-5,-5,-5,-5,-5,-5,-5
8457,12,-4,3,2,-3,11000,25,22,18772,12000,7600,31700,9560,9200,14412,14064,9400,16800,17550,-5,-5,-5,-5,-5,-5,-5,-5,-5,-5,-5,-5,-5,-5,-5,-5
8458,9,-4,3,1,-2,11400,44,55,57115,10400,9616,5680,9340,19000,11600,29000,14000,14100,16030,-5,-5,-5,-5,-5,-5,-5,-5,-5,-5,-5,-5,-5,-5,-5,-5
8459,9,13000,3,1,13000,23216,15,15,14970,33000,31999,-2,-2,24000,-2,18000,24000,25000,20000,-5,-5,-5,-5,-5,-5,-5,-5,-5,-5,-5,-5,-5,-5,-5,-5
8460,12,-4,3,2,6600,14000,14,10,8715,20800,1838,14486,-2,1540,1384,-2,7000,-2,19060,-5,-5,-5,-5,-5,-5,-5,-5,-5,-5,-5,-5,-5,-5,-5,-5
8461,14,-2,1,2,-2,9183,26,25,34623,-3,18000,6968,-5,-2,8334,12000,11000,11800,14500,15000,50000,52000,-2,60000,-5,-5,-5,-2,22000,36000,-2,30000,52000,37400,45000
8462,11,0,1,1,0,9183,4,9,17066,-3,-2,0,-5,4000,7761,-5,-5,14900,-5,-5,-5,-5,-5,-5,-5,-5,-5,-5,-5,-5,-5,-5,-5,-5,-5
8463,13,16000,2,2,16000,23000,67,71,74528,27000,28000,36000,37000,27000,25200,32300,8200,17650,49400,58015,63740,81600,49200,53828,48100,167000,119163,130000,132000,150500,80000,143000,162000,193100,205000
8464,12,-1,3,2,-1,13460,52,61,79159,11081,16781,15000,20005,20300,2195,6457,8000,11000,12000,-5,-5,-5,-5,-5,-5,-5,-5,-5,-5,-5,-5,-5,-5,-5,-5
8465,9,3100,3,1,3100,2500,28,39,43518,6133,6222,4333,6205,4304,4159,4726,8664,7714,10668,-5,-5,-5,-5,-5,-5,-5,-5,-5,-5,-5,-5,-5,-5,-5,-5
8466,9,4500,3,1,4500,2500,29,33,42982,6133,6050,-2,11893,10000,10000,9000,19000,23005,22005,-5,-5,-5,-5,-5,-5,-5,-5,-5,-5,-5,-5,-5,-5,-5,-5
8467,12,-1,3,2,-1,16000,25,18,22718,19000,19126,19591,26000,29000,24700,25000,27818,30750,33271,-5,-5,-5,-5,-5,-5,-5,-5,-5,-5,-5,-5,-5,-5,-5,-5
8468,11,32000,1,1,32000,40000,62,73,76359,40000,40000,45000,55000,50000,41500,36100,-5,-5,41045,77025,83900,81575,66025,85000,94000,101020,109000,89500,113500,90000,100000,111000,-5,138500,169000
8469,11,19000,1,1,19000,40000,38,48,57930,40000,40000,55000,60000,85000,9900,12060,24300,21200,42200,44400,57200,47000,47600,64600,72100,75914,100040,99000,94000,90000,86000,96000,-5,56450,113764
8470,9,10526,3,1,10526,16000,22,23,32590,26238,4800,7644,7500,-2,13000,17500,11000,37000,19000,-5,-5,-5,-5,-5,-5,-5,-5,-5,-5,-5,-5,-5,-5,-5,-5
8471,12,-2,3,2,-2,-3,30,31,30020,-3,-2,29800,29741,30129,-1,25752,-2,-2,37965,-5,-5,-5,-5,-5,-5,-5,-5,-5,-5,-5,-5,-5,-5,-5,-5
8472,9,13500,3,1,13500,-3,36,38,27255,-3,-2,18440,28360,31000,30000,36500,-5,28100,-5,-5,-5,-5,-5,-5,-5,-5,-5,-5,-5,-5,-5,-5,-5,-5,-5
8473,13,-4,2,2,-3,11659,32,32,37275,3175,12160,3036,3830,6326,40952,12450,54000,15000,17000,16500,19000,22000,19100,12000,9932,21000,18000,8614,11622,86600,22824,14072,10660,12336,-3
8474,13,11000,2,2,11000,14000,27,26,30210,7000,25000,24025,20035,22076,30000,23000,20252,13100,12000,23000,17000,21000,20000,20800,20000,20000,27364,39000,134000,70000,148000,-5,-5,-5,-5
8475,13,3000,2,2,3000,-3,5,2,1687,6000,10000,10800,19302,34420,35856,40000,19500,26945,-2,19000,32000,-2,-2,-2,57880,-1,-2,-2,-2,-2,10904,7825,15600,0,16800
8476,10,3000,2,1,3000,-3,23,19,20053,6000,10000,8200,7605,-5,-5,-2,-2,5000,-5,-2,-3,-2,14000,18000,-5,-5,-5,-5,-5,-5,-5,-5,-5,-5,-5
8477,13,12000,2,2,12000,-3,11,8,6760,6000,10000,-2,7800,-2,0,-2,-2,-2,-2,-2,2436,2436,-2,-2,-2,127800,54000,32500,98800,30200,18398,-2,51000,-2,33000
8478,10,3000,2,1,3000,7280,14,13,19790,6000,1000,-2,-2,-2,-2,30000,-2,17000,60000,-2,50000,-2,-2,20000,30000,35500,-2,-5,34000,32000,39555,0,-5,-5,-5
8479,13,8000,2,2,8000,4000,25,22,31705,4970,-2,-2,6108,12568,6110,21000,7000,18500,15000,-2,28780,-2,-2,-1,-1,-1,-1,-1,-1,-1,-1,-1,-1,-1,-3
8480,13,8000,2,2,8000,-3,8,9,13867,15000,611,314,23000,1600,32640,17919,38000,45400,22919,16200,14340,13700,18660,19780,21000,20550,-2,69000,76740,274000,-2,95500,-2,-2,-3
8481,10,8000,2,1,8000,13000,7,5,5854,15000,18000,19000,-2,7380,13000,12240,-2,14000,20000,51383,-2,20000,40000,80000,80000,109000,100000,58000,80000,98000,147000,30000,20000,57000,90000
8482,13,3000,2,2,3000,7000,18,13,9675,33400,33560,12200,-2,11953,14700,49000,14000,14000,46300,-2,-2,-2,-2,43000,25600,53600,64000,70000,41200,40000,42000,41000,43000,43000,0
8483,13,3000,2,2,3000,-3,15,17,12412,-3,9600,-2,10472,7852,10324,27228,30960,29400,17600,30450,-2,28799,-2,4000,-2,26500,26500,23600,50600,65000,63000,68000,23000,25344,0
8484,13,3000,2,2,3000,-3,32,52,59073,2532,-2,-2,20800,-2,15000,1600,13288,18960,-2,15000,-2,-2,-2,25000,41000,61040,78000,84000,85000,103000,90000,-5,8484,45000,700
8485,10,5500,2,1,5500,-3,4,7,16079,-3,-3,-2,-2,-2,19958,-2,13908,18000,-2,-2,1300,-2,-2,17800,13000,13000,20020,13000,7500,0,0,10200,0,0,0
8486,9,11000,3,1,11000,11000,24,29,26466,4000,-2,6555,10508,7768,7900,12080,8324,19000,15000,-5,-5,-5,-5,-5,-5,-5,-5,-5,-5,-5,-5,-5,-5,-5,-5
8487,9,11000,3,1,11000,5000,5,4,5656,4000,6000,6334,-2,12066,30000,59270,-2,-2,11600,-5,-5,-5,-5,-5,-5,-5,-5,-5,-5,-5,-5,-5,-5,-5,-5
8488,13,14500,2,2,14500,17000,85,76,79867,10438,14175,12880,11740,23982,57106,-2,43708,48885,53010,-2,74000,74320,75830,80506,108000,96010,126000,134030,148665,103008,105000,105500,121000,121230,137000
8489,13,14500,2,2,14500,-3,44,39,45787,2563,6082,14826,9950,8400,9135,9100,-5,9945,13040,17794,32020,35065,36470,39250,40300,51400,74750,89300,106850,124350,107000,134600,-2,166800,165800
8490,13,9500,2,2,9500,3320,17,17,22593,6000,6000,-2,8000,24800,15500,27200,-2,-2,15000,18730,-1,19150,27147,-2,-5,-2,-2,-5,-5,82000,-1,-1,-2,-5,-5
8491,12,-4,3,2,9800,8525,62,56,57341,4920,-5,-3,12800,14338,10190,16000,25000,18000,15000,-5,-5,-5,-5,-5,-5,-5,-5,-5,-5,-5,-5,-5,-5,-5,-5
8492,13,2426,2,2,2426,1068,40,46,41820,3000,-2,4500,4000,-2,-2,16480,26400,28000,30240,25000,30800,-2,-2,23000,24600,25000,131200,27796,-2,33596,26720,28600,29600,32400,27400
8493,13,-4,2,2,15080,-3,25,25,18718,12000,21000,25000,31000,33400,34000,35000,46000,43000,44000,56000,23100,31000,31852,27000,27800,37000,27000,25869,16000,10000,13000,16000,2280,12280,9148
8494,13,9000,2,2,9000,8698,16,13,7288,-3,17700,11280,3428,4204,4734,-2,-2,-2,13000,32000,18300,19500,34000,23904,-2,-1,14000,8196,9000,15000,19000,15000,15960,14900,16000
8495,10,13000,2,1,13000,12784,11,8,9521,13000,13180,14000,19000,24000,15000,27382,8840,10400,-2,-2,-2,-2,18660,15000,16200,48194,36600,30000,23574,53780,25351,30000,-2,25885,-3
8496,10,13000,2,1,13000,13000,49,42,35673,22000,10000,15000,19000,14000,15000,-2,22000,-5,-5,-5,-5,-5,-5,-5,-5,-5,-5,-5,-5,-5,-5,-5,17148,-2,-3
8497,10,13000,2,1,13000,13000,26,28,38066,38000,10000,15000,19000,25000,15000,25720,36000,-2,43000,28000,-5,17000,25600,23892,16000,15000,14000,27000,29000,32000,43000,32000,43000,45000,38000
8498,10,6594,2,1,6594,-3,27,23,32552,2827,6876,7325,10200,13200,16150,18821,-5,16500,17500,19100,-2,-2,-2,9000,25500,32135,41000,33124,39000,59000,35000,48000,44000,67243,57000
8499,10,15000,2,1,15000,19000,14,13,21531,21000,2724,7000,7662,-2,12610,1500,15800,15000,-5,17385,23300,23000,-2,-2,8000,6000,92680,12780,43700,454737,17652,-2,-2,50940,-3
8500,13,15000,2,2,15000,19000,11,11,17273,20000,20000,22000,23000,35000,36000,7400,11750,10320,8980,49300,10400,12980,-2,31403,11708,16168,17000,16000,27000,18000,24000,24000,18000,25000,28000
8501,10,-4,2,1,-3,8000,1,1,0,6000,7168,6162,8000,7000,7000,-2,9226,9000,6240,-2,11022,-3,0,20000,38000,32000,32000,0,11832,12360,13260,13680,15600,24000,-3
8502,13,6000,2,2,6000,6000,21,21,21625,12000,4728,4800,4092,5052,2990,5439,8184,7178,-2,29000,5880,-2,-2,5264,8852,15000,65200,18000,21000,52000,47700,60000,107900,106400,122831
8503,13,6000,2,2,6000,6000,6,8,14237,4956,6000,7000,8000,8700,4952,7416,7632,4200,-3,6112,5292,-2,4236,7821,14420,7860,11200,21000,33150,15000,47020,25000,8507,12000,-3
8504,10,6000,2,1,6000,6000,2,5,7956,12000,5992,7000,8000,12000,14500,-2,-2,13000,23000,39000,16124,-2,-2,27000,26020,42015,42000,59000,66000,77000,-2,107000,100000,115000,100000
8505,13,-4,2,2,-3,15847,16,13,9042,18080,33000,23180,24244,22255,27013,31818,28000,29000,-3,25000,25095,-2,-2,-5,-5,-5,-5,-5,-5,-5,-5,-5,-5,-5,-5
8506,10,2302,2,1,2302,1200,17,18,22034,4510,-2,3518,3000,3000,1500,-2,-1,15660,-2,-2,14000,20800,17000,21000,18000,19000,29931,40000,42000,17000,11600,12000,27000,36000,-3
8507,10,2302,2,1,2302,-5,-4,-4,-4,4510,-2,3518,3080,6000,7000,-3,-2,10000,-2,-2,14000,-2,-2,9000,15000,8000,15000,8000,0,6000,-2,0,-2,-2,-5
8508,10,2000,2,1,2000,8986,1,2,9005,2076,3576,8000,3000,-2,-2,-2,-2,-2,-2,-2,-2,-2,0,-2,0,-2,-2,0,-2,0,-2,8400,700,-5,-5
8509,10,1776,2,1,1776,8986,24,23,21514,2386,1200,-2,-2,16013,11530,23036,36000,31030,23010,26140,30050,35010,61060,34300,57100,35075,56250,52846,64000,66050,60100,70000,90000,70000,80000
8510,13,1776,2,2,1776,8986,19,19,36793,2076,3276,8000,3000,2776,1764,6324,2724,2474,0,1300,7800,5000,9605,12328,18000,8500,10800,9600,7968,0,2400,9672,9720,19608,-3
8511,13,17000,2,2,17000,15000,17,23,24845,3000,-5,-1,-1,-5,-5,-5,-5,-2,-1,-1,-5,-5,-5,-1,-1,-5,-5,-1,-5,-1,-1,-1,-2,-1,-3
8512,13,16000,2,2,16000,15000,13,16,25359,13000,15000,-2,-1,-2,-2,8000,-2,-2,-1,-5,-2,-2,-1,-1,-5,-5,-5,-5,-5,-5,-1,80000,-1,-1,-3
8513,13,8000,2,2,8000,1328,27,27,28165,11500,10000,22000,28000,30000,30000,35010,40000,28000,45000,45000,50100,50000,60100,70100,-2,65100,80000,60000,60000,85000,64600,70000,70000,95000,95000
8514,13,16576,2,2,16576,34000,26,22,26914,8900,9300,10200,11400,15400,16000,17000,21400,20086,21900,25400,25400,38000,50010,32000,41000,53000,-5,-5,-5,-5,-5,-5,-5,-5,-5
8515,9,13000,3,1,13000,5536,75,72,74705,11550,10000,9720,14000,15000,18400,23000,28100,39000,-2,-5,-5,-5,-5,-5,-5,-5,-5,-5,-5,-5,-5,-5,-5,-5,-5
8516,9,13000,3,1,13000,5531,78,86,83349,12590,-2,400,9300,11500,-5,5320,-5,11020,-5,-5,-5,-5,-5,-5,-5,-5,-5,-5,-5,-5,-5,-5,-5,-5,-5
8517,10,-4,2,1,4000,-3,40,48,44636,12000,-5,-5,-5,-5,-5,-5,-5,-5,-5,-5,9445,-5,-5,-5,-5,-5,-5,-5,4106,4000,30000,20400,18000,160000,766958
8518,9,14000,3,1,14000,22000,71,65,57399,20000,32289,31388,19345,42714,47589,-2,30250,20100,25100,-5,-5,-5,-5,-5,-5,-5,-5,-5,-5,-5,-5,-5,-5,-5,-5
8519,12,-4,3,2,2176,4416,57,55,49659,21996,0,200,15630,12429,17000,6017,-2,75779,47800,-5,-5,-5,-5,-5,-5,-5,-5,-5,-5,-5,-5,-5,-5,-5,-5
8520,9,-4,3,1,-1,7730,93,94,93048,-3,12500,-2,24000,23800,16200,37100,43000,-1,-2,-5,-5,-5,-5,-5,-5,-5,-5,-5,-5,-5,-5,-5,-5,-5,-5
8521,9,-4,3,1,-3,1000,45,44,29753,16700,41388,-2,-5,35010,35006,-5,87000,45000,78000,-5,-5,-5,-5,-5,-5,-5,-5,-5,-5,-5,-5,-5,-5,-5,-5
8522,12,-4,3,2,1000,6800,16,16,23152,6700,41388,-2,61000,34008,87000,77000,87000,45000,0,-5,-5,-5,-5,-5,-5,-5,-5,-5,-5,-5,-5,-5,-5,-5,-5
8523,9,9724,3,1,9724,26000,17,15,16531,8895,16000,-2,20776,21000,22000,15000,26000,28000,-2,-5,-5,-5,-5,-5,-5,-5,-5,-5,-5,-5,-5,-5,-5,-5,-5
8524,9,9724,3,1,9724,9200,72,63,68789,8715,13500,15095,14105,15800,21125,6800,26270,22720,33500,-5,-5,-5,-5,-5,-5,-5,-5,-5,-5,-5,-5,-5,-5,-5,-5
8525,9,9724,3,1,9724,26000,44,42,54964,11000,15000,14508,6500,6100,9000,-2,8500,10000,2000,-5,-5,-5,-5,-5,-5,-5,-5,-5,-5,-5,-5,-5,-5,-5,-5
8526,9,7438,3,1,7438,9720,3,4,5900,8100,17000,6467,9664,-2,7910,-3,8544,-2,9472,-5,-5,-5,-5,-5,-5,-5,-5,-5,-5,-5,-5,-5,-5,-5,-5
8527,9,7438,3,1,7438,9720,4,5,11967,8100,17000,8000,-2,-2,14000,31000,-2,-2,8500,-5,-5,-5,-5,-5,-5,-5,-5,-5,-5,-5,-5,-5,-5,-5,-5
8528,12,-4,3,2,3120,-3,24,20,21747,-3,8500,2000,5660,-2,2904,5500,4400,-2,-2,-5,-5,-5,-5,-5,-5,-5,-5,-5,-5,-5,-5,-5,-5,-5,-5
8529,12,5000,3,2,5000,9000,24,23,30751,2000,6500,18000,15000,2030,-5,23000,14500,12000,16000,-5,-5,-5,-5,-5,-5,-5,-5,-5,-5,-5,-5,-5,-5,-5,-5
8530,12,5000,3,2,5000,5000,21,17,23129,10000,-2,800,6479,2450,5000,-5,26000,32000,18600,-5,-5,-5,-5,-5,-5,-5,-5,-5,-5,-5,-5,-5,-5,-5,-5
8531,12,-4,3,2,-2,13800,21,20,18970,8390,21200,24382,22892,26200,-2,42560,25000,24300,44000,-5,-5,-5,-5,-5,-5,-5,-5,-5,-5,-5,-5,-5,-5,-5,-5
8532,13,10000,2,2,10000,16500,10,10,14330,16000,12500,-2,5500,35000,25000,11050,10037,13000,34270,35375,37160,40000,42496,32000,36000,36000,67645,57000,61000,54000,66000,66000,69440,73000,74000
8533,12,-2,3,2,-2,20000,86,76,81681,2700,24793,12366,16968,18498,23150,28000,31000,68500,-2,-5,-5,-5,-5,-5,-5,-5,-5,-5,-5,-5,-5,-5,-5,-5,-5
8534,9,-2,3,1,-2,20000,77,87,92967,25000,30000,37000,-2,6113,3800,40300,5460,31050,33042,-5,-5,-5,-5,-5,-5,-5,-5,-5,-5,-5,-5,-5,-5,-5,-5
8535,10,3000,2,1,3000,-3,22,25,25120,7000,8390,9015,21490,17500,25500,33000,23000,29100,10000,0,-5,22000,14000,-5,25000,-5,-2,-2,50000,-1,-1,-2,-2,33784,13632
8536,10,3000,2,1,3000,-3,28,23,31218,7000,6000,18000,10000,12000,17000,-2,14000,18000,14000,13000,24000,27360,23170,29664,26000,38000,36100,27677,33000,41000,23288,29032,-5,-5,-5
8537,13,-2,2,2,-2,14000,45,39,32381,15000,12400,-2,6000,11000,15000,18000,19000,19500,21000,22000,23000,24000,25000,-5,-5,-5,-5,-5,-5,62000,-5,-5,-5,-5,-5
8538,10,6000,2,1,6000,5300,1,3,1172,6000,-2,8000,9000,-2,-2,-2,0,6000,2700,8000,10000,0,4800,8028,-2,3600,6400,-5,-5,-5,-5,-5,-5,-5,-5
8539,13,7000,2,2,7000,9000,14,13,8230,10000,8660,8879,10900,9800,-2,10000,12000,14000,16000,15000,16000,-2,-2,-2,18200,23200,18800,22400,11610,14550,12082,-2,22176,21000,23000
8540,13,7000,2,2,7000,6700,28,25,21240,6000,8600,9558,11600,3570,10000,13347,13600,12081,17025,18500,22000,18600,20700,26001,44500,36000,33000,-2,48000,43000,43000,50000,40000,58000,55000
8541,10,-4,2,1,6296,2595,39,32,30960,18000,8000,2600,14600,26035,28000,35600,-2,37000,24000,-5,18196,14000,14000,18000,-1,-5,-5,-5,73000,210000,29000,20000,67000,42000,48000
8542,12,-4,3,2,-2,7584,39,35,46202,11483,12100,20000,10640,21940,24490,26060,27730,44000,41000,-5,-5,-5,-5,-5,-5,-5,-5,-5,-5,-5,-5,-5,-5,-5,-5
8543,9,-4,3,1,-2,12840,63,66,50950,9000,11848,3000,9000,13800,20006,-2,12500,14040,10000,-5,-5,-5,-5,-5,-5,-5,-5,-5,-5,-5,-5,-5,-5,-5,-5
8544,9,17000,3,1,17000,6800,17,13,14982,12000,2300,17800,24600,15369,15330,16000,16500,18000,11350,-5,-5,-5,-5,-5,-5,-5,-5,-5,-5,-5,-5,-5,-5,-5,-5
8545,9,-4,3,1,6000,10280,52,57,47019,11756,14738,18234,20500,24000,24467,-5,24000,24000,28010,-5,-5,-5,-5,-5,-5,-5,-5,-5,-5,-5,-5,-5,-5,-5,-5
8546,12,-4,3,2,6200,10292,46,53,51511,13756,14813,18234,20500,26400,24978,30000,36000,24000,27050,-5,-5,-5,-5,-5,-5,-5,-5,-5,-5,-5,-5,-5,-5,-5,-5
8547,9,-4,3,1,710,10000,11,9,6337,-5,-5,-5,-5,-5,20594,19198,27198,-5,-5,-5,-5,-5,-5,-5,-5,-5,-5,-5,-5,-5,-5,-5,-5,-5,-5
8548,9,2832,3,1,2832,1200,46,39,48630,8010,8054,8716,17285,12671,8700,11000,9500,11083,20700,-5,-5,-5,-5,-5,-5,-5,-5,-5,-5,-5,-5,-5,-5,-5,-5
8549,13,6000,2,2,6000,7000,60,62,69897,14000,16000,16088,19850,22025,23000,30000,37400,39300,41740,29000,34000,5816,3756,19400,-2,85000,85000,104000,104000,28800,125400,30000,22800,33600,38400
8550,9,6000,3,1,6000,-3,3,7,12387,12000,11000,9395,12903,13340,18128,-2,18118,16800,5000,-5,-5,-5,-5,-5,-5,-5,-5,-5,-5,-5,-5,-5,-5,-5,-5
8551,10,6000,2,1,6000,8000,29,37,52886,10000,3826,9604,-5,11555,12000,18000,22000,24000,-2,38000,46000,56350,76100,48000,50000,-5,-5,48000,-5,-5,-5,-5,-5,-5,-5
8552,10,6000,2,1,6000,8000,27,28,32494,10000,10000,4008,-5,9000,16325,-2,88500,-2,23000,17000,0,14000,17000,25000,25000,32000,30000,42000,30000,23000,-5,-5,-5,-5,-5
8553,13,-4,2,2,-3,22208,50,68,57327,23000,22000,26000,20500,22160,29075,-2,47800,49934,55300,65150,59300,32000,-2,40000,35000,45000,-5,50000,55100,68700,73000,76500,73000,76300,102765
8554,12,-3,3,2,-3,6700,40,43,55550,18000,12000,12217,8100,-2,11737,15000,21000,35000,35000,-5,-5,-5,-5,-5,-5,-5,-5,-5,-5,-5,-5,-5,-5,-5,-5
8555,9,5200,3,1,5200,18700,35,40,31078,16780,24000,26800,25800,28011,28000,-5,29000,33600,41704,-5,-5,-5,-5,-5,-5,-5,-5,-5,-5,-5,-5,-5,-5,-5,-5
8556,9,10000,3,1,10000,10000,25,23,25434,-3,-1,18000,18000,23700,34000,34000,38000,34000,43020,-5,-5,-5,-5,-5,-5,-5,-5,-5,-5,-5,-5,-5,-5,-5,-5
8557,13,700,2,2,700,-3,2,3,2663,28000,22000,30000,30000,40000,2000,17000,0,1000,2400,6500,-2,0,1000,2400,3000,300,-2,17000,7872,11648,-2,-2,-2,-2,5400
8558,13,700,2,2,700,13000,26,26,37583,28000,22000,30000,10000,40000,10000,10000,4000,27500,36500,43000,48500,49020,52000,60000,58612,20000,30000,39660,44638,36000,38000,40000,39000,42000,41000
8559,10,-2,2,1,-2,25000,25,22,20726,2506,-2,8614,9615,-2,16100,25650,26000,24140,24043,24000,32100,30013,30043,30000,26000,49000,36663,76271,70000,71200,97012,-2,97000,118000,-3
8560,10,-1,2,1,-1,25000,23,27,41190,20000,20000,-2,23000,30000,35000,25000,37300,-2,-2,-2,-2,-2,-2,40020,50500,73000,-2,-2,89000,-2,75600,140000,99601,87500,-3
8561,13,3000,2,2,3000,3800,16,15,16445,-3,12000,-2,-2,10000,6700,21424,13500,9350,12096,-2,18064,-2,16619,-2,0,-2,4246,-2,-2,8813,10092,8304,13568,24444,12000
8562,12,20000,3,2,20000,-3,26,23,26757,28002,29515,28000,25000,25000,27318,28500,27000,34877,37000,-5,-5,-5,-5,-5,-5,-5,-5,-5,-5,-5,-5,-5,-5,-5,-5
8563,9,20000,3,1,20000,35000,20,29,35679,16630,23400,25000,29000,29000,-5,16000,20800,18400,18030,-5,-5,-5,-5,-5,-5,-5,-5,-5,-5,-5,-5,-5,-5,-5,-5
8564,9,20000,3,1,20000,35000,13,16,18509,33000,12000,13400,15530,17000,21000,15020,15000,22030,30000,-5,-5,-5,-5,-5,-5,-5,-5,-5,-5,-5,-5,-5,-5,-5,-5
8565,9,20000,3,1,20000,35000,5,6,13841,-3,30000,20000,25000,25000,21000,21900,23500,26000,35000,-5,-5,-5,-5,-5,-5,-5,-5,-5,-5,-5,-5,-5,-5,-5,-5
8566,12,-2,3,2,-2,25000,38,45,42846,25000,30000,28200,30000,25000,23760,24000,25000,-2,13000,-5,-5,-5,-5,-5,-5,-5,-5,-5,-5,-5,-5,-5,-5,-5,-5
8567,9,-2,3,1,-2,25000,2,1,599,25000,30000,28200,30000,25000,20000,-2,-2,-2,-2,-5,-5,-5,-5,-5,-5,-5,-5,-5,-5,-5,-5,-5,-5,-5,-5
8568,13,5000,2,2,5000,9800,38,48,51516,-3,11300,10000,17000,25000,-2,16000,15790,14500,16240,-2,21710,23500,28120,36040,-2,46000,73220,31000,31000,27000,32376,34000,41000,36000,35942
8569,10,6000,2,1,6000,9800,1,1,94,-3,11300,11000,17000,25000,30000,24000,19700,-2,-2,-2,16200,16000,23000,-2,-2,-2,-2,-2,18474,27000,29000,16776,14000,32760,32760
8570,13,-2,2,2,-2,8100,3,5,10790,13800,15000,-2,-2,16000,1340,8532,24480,35000,28200,22224,20000,-2,18800,31500,28000,34000,39444,11807,8000,19080,38160,0,10800,10000,1700
8571,12,4332,3,2,4332,3600,8,10,8737,2400,6000,8000,-2,-2,-2,-2,-2,-2,870,-5,-5,-5,-5,-5,-5,-5,-5,-5,-5,-5,-5,-5,-5,-5,-5
8572,12,4332,3,2,4332,3600,44,32,33282,14000,-2,12000,10000,-5,15000,30000,-2,31500,-2,-5,-5,-5,-5,-5,-5,-5,-5,-5,-5,-5,-5,-5,-5,-5,-5
8573,10,6000,2,1,6000,8500,1,1,1980,-3,15000,-2,-2,30000,9000,1100,6000,3248,-2,1500,40000,1590,40000,-2,26000,-2,-2,3500,46000,-2,70000,5000,30000,30958,0
8574,10,6000,2,1,6000,-3,1,1,1658,-3,-5,-2,-2,30000,-5,-2,-2,16000,30000,-2,15000,10000,14000,-2,-5,-2,-2,-2,34000,53000,43300,46000,41523,56500,56000
8575,10,6000,2,1,6000,75001,2,2,1859,-3,15000,-2,-2,30000,18000,-2,14304,-2,21000,17800,17550,17850,17800,-2,18750,-2,-2,-2,25000,-2,61740,-2,-2,54000,30000
8576,10,6000,2,1,6000,-3,6,9,15222,-3,15000,-2,17000,30000,-2,18150,2800,4500,18000,2200,1500,26000,2276,-2,-5,46000,-2,4000,8000,7300,11000,8000,396,-2,-3
8577,10,-2,2,1,-2,-3,13,18,18058,-3,-2,-2,-2,20000,12000,13000,18000,-2,-2,-2,25000,-2,-2,-2,-2,-2,35600,0,52500,108000,46000,42000,54000,50000,40000
8578,13,-4,2,2,-3,12000,13,11,8903,5000,1830,0,7800,18748,-5,19800,28000,34000,25000,17600,32000,16000,14500,21000,13000,18000,21000,23000,21000,22000,22376,25000,27946,30000,35000
8579,13,15000,2,2,15000,10000,3,5,7052,-3,25000,0,-2,45000,6000,-2,3720,10190,16920,13820,14040,10258,-2,5970,3000,-2,-2,-2,28850,15000,-2,2400,-2,-2,2500
8580,13,15000,2,2,15000,10000,1,1,1442,-3,20000,20000,25000,40000,4468,1800,-2,1057448,31000,19532,-2,45360,2070,-2,16000,25000,24861,27000,25000,25000,22000,-2,-5,-5,-5
8581,10,15000,2,1,15000,10000,4,4,5292,-3,20000,-2,-2,-2,-2,-2,-2,9000,-2,9360,-2,8300,11000,-2,-2,-2,17000,11000,18000,-5,-5,-5,-5,-5,-5
8582,10,15000,2,1,15000,10000,13,13,16019,-3,20000,-2,25000,45000,20000,-2,-5,-2,23000,-2,35115,26000,26000,25010,21000,46000,-2,-2,83000,100904,57514,40000,45000,88010,0
8583,13,-4,2,2,-3,18000,27,23,25467,17204,16000,12070,-2,24000,-2,10000,33500,29000,36000,34000,-2,-2,35767,-5,-5,55000,-2,43000,18000,59000,40996,40840,50000,-2,-3
8584,10,5300,2,1,5300,1000,2,4,11249,7000,14000,-2,-5,-5,-5,-5,-5,-5,-3,-2,-2,-2,-2,6109,6420,-5,-5,-5,-5,-5,-5,-5,-5,-5,-5
8585,9,8000,3,1,8000,-3,22,23,27785,3000,9600,20000,16000,16000,30000,34200,78000,40000,53000,-5,-5,-5,-5,-5,-5,-5,-5,-5,-5,-5,-5,-5,-5,-5,-5
8586,10,14000,2,1,14000,16000,5,5,2995,-3,45000,48000,25000,30000,25000,-2,-2,48100,-2,-2,-2,-2,-2,-2,-2,32300,-2,36658,400,-2,-2,48200,-2,30000,52660
8587,10,14000,2,1,14000,16000,4,4,7410,-3,20000,-2,-2,32000,13536,1200,8000,15000,19000,14560,14000,15000,26000,12000,15000,17000,-2,18000,7500,14700,0,-5,-5,-5,-5
8588,10,14000,2,1,14000,16000,37,33,43602,-3,20000,3800,10577,10935,9444,41065,42600,39920,20520,45000,49450,51090,63250,57130,69500,60000,74000,85200,94200,110980,102380,-2,110000,105505,101500
8589,9,-4,3,1,9000,-3,5,3,7337,-3,-5,-2,-2,1000,6220,10000,10000,17000,-2,-5,-5,-5,-5,-5,-5,-5,-5,-5,-5,-5,-5,-5,-5,-5,-5
8590,12,-2,3,2,-2,8000,6,6,6134,2724,883,2139,23065,13000,4446,20048,-5,30948,-3,-5,-5,-5,-5,-5,-5,-5,-5,-5,-5,-5,-5,-5,-5,-5,-5
8591,9,-4,3,1,3000,-3,6,6,2105,12000,-2,10284,2000,6000,3000,6000,-2,2907,-2,-5,-5,-5,-5,-5,-5,-5,-5,-5,-5,-5,-5,-5,-5,-5,-5
8592,9,1800,3,1,1800,10000,2,1,3489,-3,-5,9895,12000,6000,-1,-2,-1,-5,-5,-5,-5,-5,-5,-5,-5,-5,-5,-5,-5,-5,-5,-5,-5,-5,-5
8593,12,-4,3,2,3000,-3,14,13,16485,10000,8542,15065,12350,11000,12000,20000,24000,8500,4000,-5,-5,-5,-5,-5,-5,-5,-5,-5,-5,-5,-5,-5,-5,-5,-5
8594,9,2000,3,1,2000,4000,1,1,2481,1200,16000,200,-2,5000,-2,1000,22000,17000,17350,-5,-5,-5,-5,-5,-5,-5,-5,-5,-5,-5,-5,-5,-5,-5,-5
8595,9,2000,3,1,2000,4000,3,1,233,1200,1600,100,-2,5000,8000,20900,-2,-2,24212,-5,-5,-5,-5,-5,-5,-5,-5,-5,-5,-5,-5,-5,-5,-5,-5
8596,10,8000,2,1,8000,-3,13,21,30157,7400,12000,9000,5466,13200,14000,11000,16500,26200,25000,10000,17000,33000,-2,-2,-2,-2,-2,-2,-5,-5,-5,-5,-5,-5,-5
8597,10,11160,2,1,11160,-3,3,2,558,-3,-2,18000,25000,-2,-2,-2,27248,11880,-2,-2,15748,-2,-2,8000,-2,-2,5000,0,2500,0,0,1600,2500,2328,0
8598,13,11160,2,2,11160,-3,1,1,555,-3,-2,-2,4404,5568,4908,8196,7740,12336,51986,-2,-2,13656,22152,8839,2520,-2,-2,15500,12000,-2,7000,2417,-5,-5,-5
8599,10,9000,2,1,9000,-3,13,9,9726,4100,9100,8000,-2,6000,7426,14210,-2,25000,28200,19500,-5,29700,-2,25000,20000,-2,37500,35000,43364,13200,14400,-5,-5,-5,-5
8600,13,5400,2,2,5400,-3,1,1,981,-3,2500,1320,-2,-2,13310,-2,-2,-2,-5,-2,-2,-2,20000,-1,-1,33340,5400,23200,-5,22600,0,-5,-5,-5,-5
8601,13,7000,2,2,7000,7800,24,23,38316,-3,-2,3000,20000,23000,16900,-2,-3,45050,43025,79029,32600,31000,32560,35620,34620,37700,51500,-5,-5,78560,-5,71600,-5,71000,-5
8602,10,7000,2,1,7000,4500,10,6,10315,-3,-3,-2,33000,24000,45000,50800,58000,40300,41500,37007,47000,-2,51000,65030,68007,71000,78000,79000,96000,61000,130000,136000,0,-5,-5
8603,13,3660,2,2,3660,2500,39,42,66135,8000,8000,12600,1244,2000,29000,33600,37000,39600,41800,48000,45000,52880,59500,83000,89035,99000,64100,-5,-5,-5,-5,-5,-5,-5,-5
8604,10,12000,2,1,12000,14000,16,22,28857,15000,15000,16000,18000,-2,-2,-2,-2,-2,-2,26100,30024,34100,-2,-2,33000,43000,43800,52800,53000,59650,166200,65000,76000,80000,78000
8605,13,-2,2,2,-2,-3,8,8,11561,14000,18000,19000,-2,15700,-2,24000,19000,-2,-2,-2,74600,-2,-2,-2,-2,-2,6000,-2,-2,3000,23400,-2,5360,-2,12600
8606,9,21000,3,1,21000,17000,28,25,28366,30000,25000,-1,-1,43000,-5,43000,44000,43030,52020,-5,-5,-5,-5,-5,-5,-5,-5,-5,-5,-5,-5,-5,-5,-5,-5
8607,10,3600,2,1,3600,15000,24,29,30676,25000,19000,-5,-5,-5,-5,-5,-5,-5,-5,-5,-5,-5,-5,-5,-5,-5,-5,-5,-5,-5,-5,-5,-5,-5,-5
8608,13,7000,2,2,7000,3000,30,35,51105,16000,10500,15000,4346,2000,10000,9000,12280,5496,-2,9276,-2,-2,5211,-2,12188,19112,64728,4076,7560,1972,2172,4308,0,-2,2400
8609,10,-4,2,1,-2,10000,31,42,34034,16000,10500,15000,9000,6000,-2,-2,0,800,0,-2,-2,42159,-2,-2,0,16000,0,15000,4800,-2,0,8000,0,1552,0
8610,12,-2,3,2,-2,-3,84,93,91060,1740,9000,5216,1500,5041,8030,7541,8579,9425,11767,-5,-5,-5,-5,-5,-5,-5,-5,-5,-5,-5,-5,-5,-5,-5,-5
8611,9,0,3,1,0,-3,97,87,92019,-3,3280,8320,13000,9959,10198,17000,20200,12650,12750,-5,-5,-5,-5,-5,-5,-5,-5,-5,-5,-5,-5,-5,-5,-5,-5
8612,13,-2,2,2,-2,-3,45,38,46149,31000,33000,12570,24000,26000,18000,-2,29000,-5,-5,74000,-5,65460,55158,-2,-2,70000,29000,31000,36500,38000,40000,40000,41000,40000,60000
8613,13,-4,2,2,2600,17300,18,21,19766,19000,30000,-2,8300,7000,-2,-2,63800,54700,64678,70810,77900,72560,35300,27500,33004,52200,-5,50000,-5,72000,80000,-5,0,-2,49300
8614,14,-4,1,2,1300,27000,8,8,10536,15934,15000,-2,-2,-2,-2,10246,8567,-2,300,20000,28000,20430,2483,-5,-5,-5,-5,-5,-5,-1,-5,8275,-5,-2,-5
8615,13,-1,2,2,-1,-3,12,13,8478,-3,10000,-2,11000,10081,10350,6880,7312,9800,-5,8480,15516,6402,9597,39680,14200,20640,20440,13872,16000,7620,20200,19000,20000,15800,5000
8616,10,-1,2,1,-1,-3,23,25,36410,15000,13000,4000,20000,22000,6300,26000,33551,36500,43200,47700,47000,51700,51200,58000,62000,73000,73000,74000,-1,-2,-2,-5,-5,-5,-5
8617,10,9000,2,1,9000,9000,10,12,12182,8500,8500,5000,7400,9864,-5,-5,25000,15000,146942,36000,18000,23000,-2,-2,52000,-5,-5,50000,52000,127000,-5,130000,30000,35000,24000
8618,13,-1,2,2,-1,-3,12,18,12601,14000,18000,12540,17298,16437,6764,21160,-2,10970,26354,-5,9496,27444,34920,15000,16400,64200,89500,96320,-5,-5,102400,107800,99800,27000,-5
8619,13,10000,2,2,10000,-3,43,43,42241,14000,30000,-2,-2,-2,35000,15500,-2,-2,20600,20280,22500,21300,26400,25600,27600,-2,31000,36000,34800,43000,23030,20907,20000,28000,23000
8620,10,-2,2,1,-2,9000,24,20,26936,14000,16000,20000,20000,3000,9000,12500,15000,18000,-5,36000,36000,37000,42000,-2,30000,-1,35000,45000,10000,48000,43488,25000,30000,31200,35000
8621,10,-2,2,1,-2,3420,13,14,9087,9170,8000,-2,9070,9000,-2,9000,40000,27000,56000,25000,16000,27000,14000,30000,25000,28000,20000,34000,20000,15000,-5,-5,-2,-5,37000
8622,13,-2,2,2,-2,10000,18,11,12108,-3,14000,920,3900,1300,1000,157,5000,3260,10000,6500,25000,15010,15000,-2,400,11000,15000,24000,15000,12000,15000,20000,20000,20000,27000
8623,10,20000,2,1,20000,12000,60,67,56785,15726,21000,7200,13000,16520,20020,-2,30000,27000,27175,-2,-2,33000,46001,-2,5769,-2,92200,99000,128000,121000,-2,-1,-2,130000,-3
8624,10,20000,2,1,20000,-5,-4,-4,-4,7000,-2,10012,11000,12000,15700,15700,15000,14000,26000,26000,18000,18000,18000,20000,24020,33000,30000,39000,80200,55400,57484,60800,-5,32400,43200
8625,10,20000,2,1,20000,12000,37,37,39652,15726,17000,5000,27000,9000,30000,-2,44030,43563,42030,39014,51060,58000,60100,64100,66200,80000,90400,-5,111000,123000,122300,132040,128000,65100,67020
8626,10,-2,2,1,-2,-3,3,4,3057,4209,5464,-3,5000,-2,-2,13660,17800,-2,-2,-3,0,0,0,-2,-2,10000,-2,0,0,-2,-2,-2,-2,-5,-5
8627,10,-2,2,1,-2,-5,4,1,1577,-3,13940,-2,-2,-2,-2,3700,19500,24000,16300,42000,27000,-2,54000,47000,29000,35000,-2,31033,43680,63111,46028,-2,53000,34000,-3
8628,10,-2,2,1,-2,12000,1,4,12050,8000,13440,-2,-2,-2,-2,-2,-2,-2,15000,-3,-3,-2,-2,-2,18200,36000,-2,34000,23500,-2,-2,19300,-5,25000,20000
8629,10,-2,2,1,-2,12000,1,1,1568,8000,13940,-2,-2,-2,-2,-2,-2,-2,-2,-2,19000,12000,5000,25000,-2,28000,56000,-5,-5,-5,-5,-5,-5,-5,143000
8630,10,11000,2,1,11000,7000,3,4,4394,-3,12000,-2,15000,16000,-2,0,15000,14000,-5,14000,14000,21000,14000,12000,14000,46000,42000,39500,0,21000,3482,28000,31000,36000,31000
8631,13,-1,2,2,-1,20500,1,1,270,-3,5300,6300,12000,8000,26000,10665,7608,3980,4194,6664,8484,16176,8304,14000,17080,43700,34328,23512,40000,20800,34000,16800,18100,8796,17481
8632,10,11000,2,1,11000,0,22,21,32155,6370,7500,12000,8100,11095,11000,13400,12100,11000,-5,26000,18000,17000,-5,-5,-5,-5,-5,-5,-5,-5,-5,-5,-5,-5,-5
8633,10,11000,2,1,11000,4500,14,20,27317,3500,7600,12000,20000,6500,-2,7440,12340,6900,-5,-5,-2,0,10000,2891,9500,8000,10000,13560,10000,19600,12400,19000,38000,25000,23400
8634,13,-4,2,2,1600,100,27,19,22506,5550,16005,34090,28850,18517,17000,11000,-2,25800,8250,2717,-3,27752,9648,11076,11000,20100,24000,-2,30000,31000,38000,40500,9000,5636,-3
8635,12,-4,3,2,10000,11336,67,54,48915,22125,25030,22490,27500,31000,31000,35500,33000,50500,39000,-5,-5,-5,-5,-5,-5,-5,-5,-5,-5,-5,-5,-5,-5,-5,-5
8636,13,-2,2,2,-2,25000,20,18,20606,32000,25000,-2,24000,29908,30000,31000,36002,35060,42000,48100,40200,38555,-5,41035,42000,-5,-5,-5,-5,63000,52000,88050,90050,96000,89600
8637,12,250,3,2,250,3780,75,67,61915,7200,8730,8085,8819,10000,20280,10210,10200,10200,12200,-5,-5,-5,-5,-5,-5,-5,-5,-5,-5,-5,-5,-5,-5,-5,-5
8638,13,-1,2,2,-1,-3,28,30,43066,-3,-1,-2,-2,-2,-2,13500,19746,-2,8989,5600,-2,-2,30600,-5,24600,-5,-5,-2,186800,31500,-5,-5,-5,-5,-5
8639,13,-1,2,2,-1,-3,10,11,10759,-3,2885,4596,-2,-2,5604,2108,7296,2210,5777,5364,4112,6744,12688,-5,20000,36350,-2,-1,85000,79000,-1,-5,-1,-5,-3
8640,10,-4,2,1,10200,10000,73,71,65350,13500,27501,38450,52285,60200,71250,100001,96500,91000,86500,159805,87900,160097,189918,974100,244343,332808,226500,408473,479983,454737,440692,58000,595986,922631,195000
8641,13,-2,2,2,-2,5200,13,10,14078,0,-2,-2,8760,21040,-2,-2,8500,11000,11000,12000,12000,10000,1700,15000,13000,19739,29765,35000,17500,38000,40000,20000,-2,20000,29000
8642,13,9000,2,2,9000,5200,11,10,20180,-3,-2,-2,-2,-2,5366,9500,8368,-2,9000,11000,10714,12927,12500,13000,15000,14000,16500,16000,18000,24000,22000,21038,18000,23000,0
8643,13,-2,2,2,-2,5200,14,12,13036,-3,-2,-2,-2,-2,-2,-2,26000,25000,38800,39000,26450,33484,34000,50000,35000,54000,31000,49000,25500,-2,50000,-2,-2,58480,53000
8644,10,-2,2,1,-2,5200,6,5,11121,5000,-2,-2,-2,-2,-2,-5,25000,-2,12500,-2,15000,-2,-1,13000,0,-1,-5,23000,36000,-5,-5,-1,-2,40000,-3
8645,10,-4,2,1,-2,5000,13,13,10272,1500,-2,-2,-2,-2,-5,216,-2,15000,7000,0,0,1010,0,4000,-2,-5,1,5000,1001,0,-5,0,-2,-2,0
8646,9,5000,3,1,5000,6000,22,18,16359,14000,-5,32000,-2,-2,-2,-5,25300,-5,-5,-5,-5,-5,-5,-5,-5,-5,-5,-5,-5,-5,-5,-5,-5,-5,-5
8647,10,-3,2,1,-3,6028,6,7,4511,8650,8000,8000,8943,9800,45000,-2,-2,-2,-2,-2,12000,-2,-2,-2,28000,26000,15000,22000,-5,-5,-5,-5,-5,-5,-5
8648,13,-3,2,2,-3,6028,18,17,29207,9000,9000,30000,10500,18900,65000,29000,26045,25040,25391,24288,32304,48000,51000,49000,68800,63000,90000,94000,118000,108200,440692,152846,93800,40000,40000
8649,13,-1,2,2,-1,3200,3,5,5432,-3,-3,-2,-2,-2,1892,3924,2496,632,-2,12600,2604,-2,2520,-5,-5,900,0,5970,19600,0,0,2400,-2,-5,-5
8650,10,-1,2,1,-1,3200,9,7,7079,-3,-2,-2,-2,-2,-2,0,0,0,0,0,0,150,0,0,0,0,0,-5,0,-2,28328,-2,-2,35000,-3
8651,10,-1,2,1,-1,3200,6,5,2727,-3,-2,4869,4869,6797,6475,6399,7000,8800,13000,13000,13000,13300,13000,12000,13000,-2,14000,-5,-5,0,15200,20000,18000,19000,-3
8652,13,7000,2,2,7000,12000,39,32,33710,13336,22235,21000,23121,22400,25000,26100,26642,21000,39000,41000,65000,20000,89900,-1,24000,25000,34000,37000,43000,43000,52000,65000,66000,55000,60000
8653,10,10000,2,1,10000,12000,9,12,15197,14000,20000,20000,8000,9000,2000,28000,7000,-5,-5,16150,18000,30000,18000,-5,-1,30000,32000,-1,-1,-1,-1,-1,-1,-5,-5
8654,10,10000,2,1,10000,12000,9,4,651,14000,22000,-2,8000,9000,-2,7544,-2,-2,-2,11000,400,-2,-2,-2,-2,-2,-2,-2,6000,-5,-5,-5,-5,-5,-5
8655,10,34000,2,1,34000,12000,37,32,38804,-3,-5,-2,-2,-2,7920,-2,7000,0,11000,10000,-2,2000,12000,-5,0,0,-2,0,-2,-2,-2,0,1000,0,0
8656,9,8400,3,1,8400,45000,7,2,5963,40000,14600,22000,28000,27000,28000,25000,26000,31000,27500,-5,-5,-5,-5,-5,-5,-5,-5,-5,-5,-5,-5,-5,-5,-5,-5
8657,10,8000,2,1,8000,20000,13,7,3947,-3,21000,-5,12000,2000,26000,-1,-2,15000,-1,14000,12000,10000,-2,52000,-1,22000,0,-2,30000,30000,2800,0,34000,0,-3
8658,13,15000,2,2,15000,37000,33,23,28209,50000,22000,17072,15812,11000,-2,17000,32000,36500,46000,50000,51304,35000,46000,45010,62000,58000,145000,120200,151000,92000,95000,94000,88000,80127,88000
8659,13,20000,2,2,20000,37000,23,22,38672,50000,22000,10220,12800,12055,19000,10700,27200,32220,40700,47960,-5,-5,-5,-5,-5,-5,-5,-5,-5,-5,-5,-5,-5,-5,-5
8660,13,-2,2,2,-2,12536,19,22,24396,6000,-2,-2,-2,-2,-2,-2,3070,-2,-2,2300,-2,0,0,-2,0,10000,240,9000,0,8316,-2,-5,-5,-5,-5
8661,10,6000,2,1,6000,12536,15,13,26126,2000,12000,-2,-2,24000,-2,-2,15000,21000,20000,22000,11300,17000,20000,38000,32000,34000,37000,37000,62000,56000,55000,56000,87000,75000,0
8662,13,6000,2,2,6000,12536,11,4,5943,2000,12000,-2,-2,4220,6624,11240,12000,12116,-3,15800,-2,-2,5544,9283,9108,7788,6240,0,1000,1920,1200,4380,3720,9720,-3
8663,10,-3,2,1,-3,948,25,29,37193,6500,-5,9181,16913,15274,13000,14171,14000,21600,19300,17600,21600,-2,22000,-2,22500,17760,26000,38480,61888,64280,55776,42623,46352,45696,53000
8664,13,-2,2,2,-2,616,19,22,21843,40554,75001,11352,14455,-2,-2,12580,12400,12562,10849,14084,16550,15018,22000,26323,32200,37686,43667,45720,50000,56849,60000,63259,63893,31000,-3
8665,13,-1,2,2,-1,150,15,16,20197,5952,-2,12630,5076,9336,16700,14652,18152,7440,21220,8485,12760,9644,11816,-2,19182,26168,31920,32000,35000,74000,81079,64128,43500,41400,-3
8666,10,-1,2,1,-1,3442,22,27,21374,6500,4200,12630,3400,11038,13000,22000,20000,14503,10170,10790,15488,11620,16500,22550,15416,23500,-5,-5,-5,-5,-5,-5,-5,-5,-5
8667,10,-3,2,1,-3,150,13,13,14360,5952,-2,12630,7576,7200,14387,17330,16000,20000,22000,25000,22000,23000,25000,23000,30200,34000,67000,54000,68000,45000,46000,48000,39000,45000,50000
8668,13,-2,2,2,-2,11000,14,15,26410,12000,12270,12000,14000,13000,-2,16500,-2,-1,19500,15000,-1,-1,-2,-2,-1,-1,-1,-1,50247,-1,-1,-1,-1,-1,-3
8669,10,-1,2,1,-1,-3,8,4,3684,-3,-2,4000,17000,-2,-2,-2,-2,40000,-2,14000,46425,31000,-5,-1,-2,-2,96200,-1,72200,71992,-2,84600,-2,97200,100000
8670,10,6000,2,1,6000,9000,19,19,26755,-3,-2,-5,-5,-5,-5,-5,-5,20000,22300,26000,35200,-5,-2,-1,-1,-5,-1,-1,-1,-1,-1,-1,-1,-2,-3
8671,10,-2,2,1,-2,-5,-4,-4,-5,-5,-5,-5,-2,-2,29030,35270,36100,37000,38000,38000,38700,70500,-5,-5,-5,-5,-5,-5,-5,-5,-5,-5,-5,-5,-5
8672,10,-4,2,1,6552,5794,1,1,911,7612,5773,7000,9678,9791,-2,15631,14550,8400,6752,-5,-2,11332,-2,9832,8000,10000,-5,-5,-5,-5,-5,-5,-5,-5,-5
8673,13,-4,2,2,0,-3,49,45,38563,-3,-2,-2,8700,28400,-2,-2,-3,15500,-3,23000,20288,16001,27277,19400,20150,30900,33300,35100,34000,34040,42000,27744,33500,30000,-3
8674,12,-4,3,2,9336,28571,13,14,9741,7616,12108,11600,2020,5232,18120,10224,7368,6138,9720,-5,-5,-5,-5,-5,-5,-5,-5,-5,-5,-5,-5,-5,-5,-5,-5
8675,13,-2,2,2,-2,-3,-4,-4,-4,-3,-1,-2,-2,-2,-2,-2,29000,33000,23400,21000,-2,23000,24000,45010,-2,32400,30184,29080,37620,31264,43000,-2,22000,49000,14500
8676,10,14000,2,1,14000,-3,-4,-4,-4,10000,15000,6000,10000,9000,9900,6000,7040,6000,10000,-5,-5,-5,28000,14535,32000,36000,41000,28000,35000,-2,42000,-1,25000,-5,-5
8677,10,14000,2,1,14000,-3,17,13,11230,10000,-5,10000,8300,-5,7000,-5,10000,0,-3,0,8428,19000,34800,-2,-5,-5,-5,-5,-5,-5,25000,0,-5,-5,-5
8678,10,2352,2,1,2352,2800,2,1,2343,5760,3900,10000,12000,5300,12000,-2,12400,11500,-2,-2,-2,40000,6832,19500,19000,20000,46000,17500,28000,21300,6600,1300,15000,3000,-3
8679,13,-4,2,2,-2,-3,9,5,6617,5745,4000,10000,15000,8139,7276,1200,12400,13920,27000,30000,24000,42000,47000,43000,65010,45000,56000,65000,65000,75000,90000,50500,54538,12000,18000
8680,13,3000,2,2,3000,-3,14,11,21339,-3,16000,20000,12875,6500,7500,-5,-5,-5,-5,-5,-5,-5,-5,-5,-5,-5,-5,-5,74000,121600,84000,64075,75000,65000,105200
8681,10,3000,2,1,3000,-3,9,9,20572,-3,12000,20000,-2,5925,-2,-2,44050,42000,25000,-2,-2,39000,-2,-2,32060,103000,-5,-5,-5,122000,92000,115000,115000,125000,120000
8682,10,1551,2,1,1551,2960,1,3,877,-3,-2,-2,-2,-2,-2,12000,-2,15000,20000,20150,2000,12490,15000,20000,-2,-2,-2,35000,17050,12000,-2,-2,2460,8724,12012
8683,10,1551,2,1,1551,-3,1,2,9654,-3,9000,900,1240,-1,-5,-3,9896,-2,25400,16112,9848,-2,-2,35468,15000,-2,-2,-2,26000,18000,26400,0,-2,10075,-3
8684,13,1551,2,2,1551,2960,11,5,15258,-3,-2,2400,-2,-2,8400,1160,11012,-2,7600,37600,-2,17000,-2,54600,28400,28400,26000,-2,14000,19200,29000,29000,25948,26000,35000
8685,13,-4,2,2,9888,-3,15,23,29508,-3,19320,-2,-2,-2,2400,18000,18000,48000,32200,20000,40250,51980,24000,60400,45000,-2,61000,68000,60000,72012,58336,60000,69000,-2,-3
8686,10,4000,2,1,4000,-3,-3,-3,7670,1900,-5,-2,150,0,-2,-5,5000,6482,18000,-2,1000,0,4000,-5,-5,-5,-5,0,0,7560,-5,-5,-5,-5,-5
8687,10,4000,2,1,4000,8900,14,19,18007,3500,16600,21500,21700,25800,26300,16000,14000,22000,37500,39500,40000,21000,22000,-2,-5,-5,-5,-5,-5,-5,-5,-5,-5,-5,-5
8688,13,4992,2,2,4992,1000,4,4,8567,-3,-2,-2,-2,-2,-2,30000,12000,18000,20000,-2,-2,-2,-2,-2,40000,-2,-2,44000,62200,37000,70000,-2,50000,-2,29000
8689,10,-2,2,1,-2,1000,3,5,3650,-3,-2,-2,-2,-2,-2,32300,15600,-2,-2,13000,45000,55000,51100,48000,30000,64000,65000,89040,24000,39366,19000,28000,33000,0,7330
8690,13,8600,2,2,8600,5334,6,12,18678,-3,-2,2880,-2,-2,-2,-2,23702,7005,13585,27500,38470,34300,38120,-2,-1,12500,20000,10000,13500,12000,1000,37200,-2,39394,-3
8691,10,-2,2,1,-2,13086,1,1,764,-3,-2,-2,-2,-2,-2,16000,-2,-2,-2,-2,5000,-2,3500,-2,18000,6900,32940,5928,69120,8940,8760,6952,9456,9696,11083
8692,13,7000,2,2,7000,13086,5,6,7604,-3,-2,-2,-2,-2,-2,516,-2,-2,-2,4000,-2,20632,-2,-2,-2,-2,-5,-5,-5,-2,-5,-2,-2,-2,30000
8693,13,6157,2,2,6157,5260,21,17,15236,5804,6120,21000,19800,18500,24000,14079,14500,15700,-2,31000,33000,-1,-2,-1,-2,63000,-2,-2,-1,100000,-1,107000,123000,-5,-5
8694,13,6157,2,2,6157,2028,19,21,24573,-3,10000,9600,15000,-2,-2,-2,-2,37000,43000,31200,-2,-2,36700,36000,40000,118193,178000,129000,180000,108000,-5,89686,-5,-5,-5
8695,13,6157,2,2,6157,2028,6,5,5758,-3,10000,9600,10000,-2,-2,-2,-2,-2,-2,16567,-3,6272,11560,7248,-2,8344,8340,6672,14472,7644,8088,8376,9504,9048,9948
8696,13,-4,2,2,-2,4290,17,18,14939,17000,10000,4680,-2,-2,12000,10688,10304,-2,16680,-2,12316,-5,4800,8337,20550,20000,-5,53000,-5,-5,-5,108000,-5,-5,-5
8697,13,11046,2,2,11046,15000,21,20,16994,16000,15000,-2,2000,-1,10449,62300,66500,71000,66500,76100,71900,75300,79000,25500,44400,45300,68800,125000,89500,65000,110000,119080,32000,140000,156394
8698,10,11040,2,1,11040,11291,20,27,38892,15000,15000,9500,20000,6158,4174,4145,10326,4132,20743,22330,28000,23200,29492,25260,35650,55000,52000,73899,65500,83000,92800,85000,108000,89000,-3
8699,9,-4,3,1,9000,15400,38,28,23176,28000,20002,22600,-2,45000,25000,-2,-2,1057448,93000,-5,-5,-5,-5,-5,-5,-5,-5,-5,-5,-5,-5,-5,-5,-5,-5
8700,12,-4,3,2,5474,16416,93,77,73668,16843,20106,8600,11835,11570,12836,12000,14927,15940,15100,-5,-5,-5,-5,-5,-5,-5,-5,-5,-5,-5,-5,-5,-5,-5,-5
8701,12,-4,3,2,3200,-3,46,42,36831,7200,12000,8620,6900,31206,28300,31000,28200,32800,52100,-5,-5,-5,-5,-5,-5,-5,-5,-5,-5,-5,-5,-5,-5,-5,-5
8702,9,13000,3,1,13000,4300,43,36,37223,10000,12476,15707,21500,33800,20000,4140,970,1300,1200,-5,-5,-5,-5,-5,-5,-5,-5,-5,-5,-5,-5,-5,-5,-5,-5
8703,12,-4,3,2,4130,5000,58,68,61635,-5,8001,10022,10020,14050,14639,-2,10100,14050,14100,-5,-5,-5,-5,-5,-5,-5,-5,-5,-5,-5,-5,-5,-5,-5,-5
8704,11,7888,1,1,7888,10250,24,16,17214,7980,10104,15800,6100,23861,26600,32500,35602,-2,-2,47450,46420,-2,-3,32000,25350,36200,37000,19000,22500,21600,35000,50000,60000,-2,3600
8705,14,7888,1,2,7888,10250,26,13,13519,3760,50052,4716,5892,5172,-2,-2,-2,22800,17680,24000,29000,6048,7168,2268,8140,8000,23192,0,25000,0,30000,-2,-2,970,15967
8706,14,7888,1,2,7888,8172,27,22,37783,7980,3000,15800,14400,7576,7792,9504,-2,12106,15680,-2,-2,25369,35278,-2,63520,38490,43500,43000,9708,6000,177450,245075,291800,265254,351600
8707,12,-4,3,2,6420,19500,58,53,52328,19500,9005,30020,27830,26010,24000,26822,23000,32445,28000,-5,-5,-5,-5,-5,-5,-5,-5,-5,-5,-5,-5,-5,-5,-5,-5
8708,14,-4,1,2,-2,-3,10,6,5454,-5,-2,16000,17280,7000,9600,6150,6075,7151,26000,25500,27000,27000,-2,44500,-2,48500,41200,66000,59000,64400,73000,66700,-5,86000,-3
8709,11,6000,1,1,6000,7500,-4,-4,-4,-3,7000,-2,-2,12000,12000,-5,4000,2800,6000,8000,9000,9495,7000,11600,-2,-2,13000,-2,46000,18000,-2,19000,24000,48000,107000
8710,11,-3,1,1,-3,-5,-4,-4,-4,-3,2256,-2,-2,-2,-2,-5,190,-2,0,3630,12960,-3,-3,-2,-2,0,4000,11000,13000,26000,18000,19000,9000,0,10000
8711,9,-4,3,1,-2,12732,18,17,17336,6000,9811,12902,22000,15274,-2,22000,-2,13000,-2,-5,-5,-5,-5,-5,-5,-5,-5,-5,-5,-5,-5,-5,-5,-5,-5
8712,9,-3,3,1,-3,6000,-4,-4,-4,7000,-2,11400,-2,-2,-2,35000,-2,-2,51024,-5,-5,-5,-5,-5,-5,-5,-5,-5,-5,-5,-5,-5,-5,-5,-5
8713,9,-4,3,1,17200,14210,38,25,17680,-5,9000,3000,-2,14000,26304,-5,22527,24599,19688,-5,-5,-5,-5,-5,-5,-5,-5,-5,-5,-5,-5,-5,-5,-5,-5
8714,14,-4,1,2,17266,15218,17,15,16829,15020,16710,15487,26873,18174,19200,25000,31200,21900,18800,20560,24000,17000,29120,-2,39600,42000,-5,-5,-5,15000,-5,-5,-5,-5,-5
8715,12,-4,3,2,11592,8170,32,29,27744,8878,6864,12618,8724,9120,9179,10156,7800,9865,5980,-5,-5,-5,-5,-5,-5,-5,-5,-5,-5,-5,-5,-5,-5,-5,-5
8716,12,-4,3,2,-3,17233,83,79,69794,16423,17260,17722,13460,22210,23475,31320,32000,24300,14192,-5,-5,-5,-5,-5,-5,-5,-5,-5,-5,-5,-5,-5,-5,-5,-5
8717,12,-4,3,2,2592,4006,57,43,34989,7165,7000,13710,16487,18090,22137,26200,38000,44000,41700,-5,-5,-5,-5,-5,-5,-5,-5,-5,-5,-5,-5,-5,-5,-5,-5
8718,12,-4,3,2,2410,3205,85,84,72078,16232,24000,26860,26225,25014,-2,48800,-2,34000,31300,-5,-5,-5,-5,-5,-5,-5,-5,-5,-5,-5,-5,-5,-5,-5,-5
8719,12,-4,3,2,2000,7599,18,21,11045,3200,5650,30000,37000,36000,57000,43000,-2,8550,12500,-5,-5,-5,-5,-5,-5,-5,-5,-5,-5,-5,-5,-5,-5,-5,-5
8720,12,-4,3,2,-3,6229,30,32,26414,4860,-2,5898,6052,5642,7945,5900,1690,5120,5080,-5,-5,-5,-5,-5,-5,-5,-5,-5,-5,-5,-5,-5,-5,-5,-5
8721,12,-4,3,2,-3,3350,30,24,23882,9110,12816,9947,22720,21420,20720,30800,31400,46500,48735,-5,-5,-5,-5,-5,-5,-5,-5,-5,-5,-5,-5,-5,-5,-5,-5
8722,11,16000,1,1,16000,25600,70,69,61999,-3,24421,18000,17005,16000,15600,18320,17000,15000,17000,23000,21000,21040,23000,27000,29000,38010,38000,40000,45000,52000,53000,50000,51000,55000,65000
8723,11,16000,1,1,16000,25600,25,22,24006,-3,17000,18000,5012,9400,7800,2100,8350,-2,16850,-2,-2,-2,19000,34020,-5,-2,-5,-5,-5,-5,-5,-5,26075,-5,-3
8724,11,16000,1,1,16000,25600,48,45,54186,-3,20000,18000,8000,10000,4000,-2,-2,25000,-5,-2,-5,-2,-2,47000,33057,-2,-5,-5,-5,-5,65000,1600,5220,7620,20800
8725,11,12000,1,1,12000,-3,30,29,29876,18100,14000,18612,15810,12300,12550,13520,14130,17900,-2,16000,25780,30800,32065,-2,11740,17256,17148,31104,41004,43272,84293,33420,91176,47488,63860
8726,11,12000,1,1,12000,-3,9,8,2059,23000,-2,35000,12244,4132,-2,-2,-2,5900,12440,11956,17288,17000,23000,23000,22000,28900,26000,36000,47000,13500,-2,46000,53000,60000,65000
8727,11,12000,1,1,12000,-3,11,11,17730,23000,-2,35000,-2,5232,13800,-2,-2,42000,39340,-2,42100,49500,49000,54500,61000,59000,37000,72000,69000,93000,95000,83000,87000,88000,113000
8728,12,-4,3,2,-3,11280,82,81,72436,15999,1899,27399,39262,21936,22600,29785,23500,-2,23000,-5,-5,-5,-5,-5,-5,-5,-5,-5,-5,-5,-5,-5,-5,-5,-5
8729,12,-4,3,2,3111,4480,94,96,96764,8858,-2,-3,6962,16542,20073,12278,21845,22510,23500,-5,-5,-5,-5,-5,-5,-5,-5,-5,-5,-5,-5,-5,-5,-5,-5
8730,9,-4,3,1,-3,2570,3,4,963,11217,6383,5091,-2,-2,-2,2000,400,2000,4182,-5,-5,-5,-5,-5,-5,-5,-5,-5,-5,-5,-5,-5,-5,-5,-5
8731,12,-4,3,2,4843,8600,2,6,10073,11217,6383,3095,3791,6012,6384,6420,6552,6876,5868,-5,-5,-5,-5,-5,-5,-5,-5,-5,-5,-5,-5,-5,-5,-5,-5
8732,9,-4,3,1,6876,10664,-4,-4,-4,4462,8714,14300,13083,9964,11176,9780,14810,13470,12750,-5,-5,-5,-5,-5,-5,-5,-5,-5,-5,-5,-5,-5,-5,-5,-5
8733,12,-4,3,2,6598,10664,-4,-4,-4,4462,-3,14180,13076,1636,644,-2,14810,4229,11100,-5,-5,-5,-5,-5,-5,-5,-5,-5,-5,-5,-5,-5,-5,-5,-5
8734,12,6500,3,2,6500,9825,56,57,71670,7737,9900,9000,10654,13445,13000,36684,8998,4362,4460,-5,-5,-5,-5,-5,-5,-5,-5,-5,-5,-5,-5,-5,-5,-5,-5
8735,9,6500,3,1,6500,9468,92,80,84628,4625,7400,8006,8110,7822,31000,1000,-5,22000,12744,-5,-5,-5,-5,-5,-5,-5,-5,-5,-5,-5,-5,-5,-5,-5,-5
8736,12,6256,3,2,6256,3000,27,23,23337,860,11711,19248,15320,2135,4807,8375,8704,11392,16024,-5,-5,-5,-5,-5,-5,-5,-5,-5,-5,-5,-5,-5,-5,-5,-5
8737,9,6256,3,1,6256,8009,3,2,2282,3909,11711,19248,5855,8707,-2,-2,9345,22512,5932,-5,-5,-5,-5,-5,-5,-5,-5,-5,-5,-5,-5,-5,-5,-5,-5
8738,9,4760,3,1,4760,5300,60,49,60483,7200,8000,10000,8000,13700,13000,15100,16050,1550,-5,-5,-5,-5,-5,-5,-5,-5,-5,-5,-5,-5,-5,-5,-5,-5,-5
8739,12,-4,3,2,6440,6600,10,15,16405,15620,14000,19820,12000,10000,3000,15000,15000,15000,41500,-5,-5,-5,-5,-5,-5,-5,-5,-5,-5,-5,-5,-5,-5,-5,-5
8740,11,13250,1,1,13250,24000,62,69,70230,33000,26500,28463,22348,23100,32160,4753,7214,41978,47504,50051,13935,14310,14501,1585,17285,20000,13892,23064,25000,31000,1400,13740,33980,25740,25810
8741,11,13250,1,1,13250,24000,32,32,40836,35000,18847,28463,-2,5202,5247,5120,6200,13412,16250,12195,17168,160097,34683,42000,47800,36808,34908,43100,77535,86500,92000,98590,105589,62947,80797
8742,12,-4,3,2,2060,3500,58,70,71409,22750,24380,33000,21000,-2,24448,26780,38200,71000,38450,-5,-5,-5,-5,-5,-5,-5,-5,-5,-5,-5,-5,-5,-5,-5,-5
8743,9,-4,3,1,8700,19000,65,49,42092,15600,22800,26112,21763,29025,23050,30600,25790,29050,50200,-5,-5,-5,-5,-5,-5,-5,-5,-5,-5,-5,-5,-5,-5,-5,-5
8744,12,3590,3,2,3590,7200,34,30,39756,5200,13200,16325,17402,23656,13760,17000,17005,16800,21000,-5,-5,-5,-5,-5,-5,-5,-5,-5,-5,-5,-5,-5,-5,-5,-5
8745,9,2000,3,1,2000,1400,48,53,62992,4000,-2,-2,4851,1579,3477,8350,9750,12500,15750,-5,-5,-5,-5,-5,-5,-5,-5,-5,-5,-5,-5,-5,-5,-5,-5
8746,9,4800,3,1,4800,23700,55,61,53663,15000,15820,20040,23200,22590,24940,23895,26096,23300,23900,-5,-5,-5,-5,-5,-5,-5,-5,-5,-5,-5,-5,-5,-5,-5,-5
8747,12,-4,3,2,6016,7245,54,46,40773,6524,23556,18975,23724,30461,33612,30006,31626,37309,35420,-5,-5,-5,-5,-5,-5,-5,-5,-5,-5,-5,-5,-5,-5,-5,-5
8748,12,5000,3,2,5000,4100,62,64,64837,4900,7000,4010,2800,15000,12300,15700,-2,-2,-2,-5,-5,-5,-5,-5,-5,-5,-5,-5,-5,-5,-5,-5,-5,-5,-5
8749,10,-4,2,1,14500,25000,17,23,18298,41300,39000,24715,20000,26252,26792,29190,34997,30882,46954,39210,38791,41015,45273,-2,51122,59656,42645,55900,62316,42820,42857,50541,47961,63696,-3
8750,12,4000,3,2,4000,-3,38,27,33417,6456,35,14500,8514,7800,35000,-2,-2,17200,16500,-5,-5,-5,-5,-5,-5,-5,-5,-5,-5,-5,-5,-5,-5,-5,-5
8751,9,4000,3,1,4000,-3,24,25,35669,6456,40000,-2,-2,15000,19200,18800,-2,10100,13500,-5,-5,-5,-5,-5,-5,-5,-5,-5,-5,-5,-5,-5,-5,-5,-5
8752,12,26400,3,2,26400,-3,30,39,31658,24000,35000,37000,40000,45000,11124,16000,13000,20200,20500,-5,-5,-5,-5,-5,-5,-5,-5,-5,-5,-5,-5,-5,-5,-5,-5
8753,12,26400,3,2,26400,-3,14,14,17294,24000,35000,37000,40000,45000,19000,23000,32000,23063,53000,-5,-5,-5,-5,-5,-5,-5,-5,-5,-5,-5,-5,-5,-5,-5,-5
8754,9,26400,3,1,26400,-3,15,17,26667,24000,-3,37000,40000,45000,25000,25000,18600,-2,61000,-5,-5,-5,-5,-5,-5,-5,-5,-5,-5,-5,-5,-5,-5,-5,-5
8755,9,26400,3,1,26400,-3,5,4,3118,24000,35000,37000,40000,45000,24152,32000,32543,27453,28007,-5,-5,-5,-5,-5,-5,-5,-5,-5,-5,-5,-5,-5,-5,-5,-5
8756,12,26400,3,2,26400,-3,51,47,62737,24000,35000,37000,40000,45000,25000,19000,18000,25000,27000,-5,-5,-5,-5,-5,-5,-5,-5,-5,-5,-5,-5,-5,-5,-5,-5
8757,12,-4,3,2,1537,5120,11,8,7272,11015,4183,11745,75001,15000,12600,12000,-2,14000,17008,-5,-5,-5,-5,-5,-5,-5,-5,-5,-5,-5,-5,-5,-5,-5,-5
8758,9,37000,3,1,37000,18537,70,59,63096,14000,12640,27800,34360,25300,25500,33105,27000,34096,18035,-5,-5,-5,-5,-5,-5,-5,-5,-5,-5,-5,-5,-5,-5,-5,-5
8759,14,24000,1,2,24000,35000,91,87,84121,-3,-2,-1,-2,-1,-1,-2,-1,-1,62000,-1,-1,-1,-2,-2,-2,-1,-1,95000,95280,100852,90400,100200,100200,39300,61000
8760,12,-4,3,2,3544,3227,38,39,46383,2238,971,1303,1762,700,6070,1490,2904,3577,35712,-5,-5,-5,-5,-5,-5,-5,-5,-5,-5,-5,-5,-5,-5,-5,-5
8761,9,3168,3,1,3168,4332,21,19,28243,6000,9632,-5,-5,-5,-5,-5,-5,25000,32000,-5,-5,-5,-5,-5,-5,-5,-5,-5,-5,-5,-5,-5,-5,-5,-5
8762,12,-4,3,2,-3,4694,12,10,8576,5872,7224,17800,6552,6180,6768,6840,7140,7296,8014,-5,-5,-5,-5,-5,-5,-5,-5,-5,-5,-5,-5,-5,-5,-5,-5
8763,12,-4,3,2,3430,8287,63,61,62616,3784,9039,11294,23504,-2,18100,23400,26480,8025,18000,-5,-5,-5,-5,-5,-5,-5,-5,-5,-5,-5,-5,-5,-5,-5,-5
8764,12,14000,3,2,14000,14000,37,28,44328,-3,12674,14738,18481,16200,23400,28600,-2,-2,9620,-5,-5,-5,-5,-5,-5,-5,-5,-5,-5,-5,-5,-5,-5,-5,-5
8765,9,14000,3,1,14000,-3,28,26,30903,7060,-2,7960,5776,7128,9800,16040,21000,21000,28000,-5,-5,-5,-5,-5,-5,-5,-5,-5,-5,-5,-5,-5,-5,-5,-5
8766,12,14000,3,2,14000,-3,15,13,19966,5743,-2,-2,11300,12152,-2,12144,14900,20000,20000,-5,-5,-5,-5,-5,-5,-5,-5,-5,-5,-5,-5,-5,-5,-5,-5
8767,9,2976,3,1,2976,3228,5,5,12607,-5,2792,2792,2592,3888,2976,3046,1382,652,15480,-5,-5,-5,-5,-5,-5,-5,-5,-5,-5,-5,-5,-5,-5,-5,-5
8768,9,-4,3,1,2690,31000,87,91,86161,35600,2802,3870,55000,8213,24200,27100,29400,29020,28020,-5,-5,-5,-5,-5,-5,-5,-5,-5,-5,-5,-5,-5,-5,-5,-5
8769,9,-4,3,1,-3,28000,68,79,64235,12705,14525,13922,17400,17735,18855,19720,19863,30717,37650,-5,-5,-5,-5,-5,-5,-5,-5,-5,-5,-5,-5,-5,-5,-5,-5
8770,12,11492,3,2,11492,4108,10,11,18877,17084,-2,18020,19743,14504,-2,32568,38344,40608,47385,-5,-5,-5,-5,-5,-5,-5,-5,-5,-5,-5,-5,-5,-5,-5,-5
8771,9,11492,3,1,11492,4108,5,3,7592,5000,9000,20652,7484,8894,9092,13300,17000,15422,-2,-5,-5,-5,-5,-5,-5,-5,-5,-5,-5,-5,-5,-5,-5,-5,-5
8772,12,-4,3,2,3052,3684,28,27,17983,6321,4404,5232,4181,9350,6672,-5,-5,-5,-5,-5,-5,-5,-5,-5,-5,-5,-5,-5,-5,-5,-5,-5,-5,-5,-5
8773,12,-4,3,2,7067,-5,-4,-4,-4,188,-3,24371,23725,21530,32014,23450,26650,23950,-5,-5,-5,-5,-5,-5,-5,-5,-5,-5,-5,-5,-5,-5,-5,-5,-5
8774,9,6228,3,1,6228,6500,99,99,96317,5500,9372,-2,6944,6500,17000,8500,23050,27000,20000,-5,-5,-5,-5,-5,-5,-5,-5,-5,-5,-5,-5,-5,-5,-5,-5
8775,9,30000,3,1,30000,46200,91,84,78447,47650,40000,54498,53300,27000,27500,28600,21800,-2,31000,-5,-5,-5,-5,-5,-5,-5,-5,-5,-5,-5,-5,-5,-5,-5,-5
8776,9,33000,3,1,33000,-3,70,71,61654,-3,-1,-2,-1,-1,-1,-1,-1,-1,-1,-5,-5,-5,-5,-5,-5,-5,-5,-5,-5,-5,-5,-5,-5,-5,-5
8777,12,-4,3,2,2817,4408,64,53,66749,16427,15606,9917,8726,13925,18819,17879,1136,27609,18700,-5,-5,-5,-5,-5,-5,-5,-5,-5,-5,-5,-5,-5,-5,-5,-5
8778,9,-4,3,1,443,1300,34,37,30260,6020,-2,-2,2875,10105,12323,10705,15700,23700,1140,-5,-5,-5,-5,-5,-5,-5,-5,-5,-5,-5,-5,-5,-5,-5,-5
8779,12,-4,3,2,1864,5332,64,61,58342,15478,14782,17570,13222,14860,20100,20000,-3,27000,28900,-5,-5,-5,-5,-5,-5,-5,-5,-5,-5,-5,-5,-5,-5,-5,-5
8780,12,3600,3,2,3600,7200,22,23,31016,1800,18688,31003,7600,15850,10120,13050,12500,16515,17500,-5,-5,-5,-5,-5,-5,-5,-5,-5,-5,-5,-5,-5,-5,-5,-5
8781,9,-3,3,1,-3,3995,38,27,29837,-5,8400,10790,17500,19813,19000,24010,48200,50005,50110,-5,-5,-5,-5,-5,-5,-5,-5,-5,-5,-5,-5,-5,-5,-5,-5
8782,12,-4,3,2,10669,16681,99,90,94688,11156,15702,5562,12496,6200,15982,16962,17600,20792,18900,-5,-5,-5,-5,-5,-5,-5,-5,-5,-5,-5,-5,-5,-5,-5,-5
8783,12,6000,3,2,6000,12000,58,65,75303,5802,5788,14949,75001,12674,13756,14524,17900,14008,16624,-5,-5,-5,-5,-5,-5,-5,-5,-5,-5,-5,-5,-5,-5,-5,-5
8784,9,4100,3,1,4100,11174,25,42,51654,14220,1100,-2,8692,-2,4810,12000,5474,14612,17150,-5,-5,-5,-5,-5,-5,-5,-5,-5,-5,-5,-5,-5,-5,-5,-5
8785,9,4100,3,1,4100,11174,4,3,8912,14220,15960,11570,8692,-2,-2,16037,1073,1564,-2,-5,-5,-5,-5,-5,-5,-5,-5,-5,-5,-5,-5,-5,-5,-5,-5
8786,10,-3,2,1,-3,21000,17,17,17700,-3,-2,-5,9100,10000,-2,21050,40004,50050,11000,13000,33000,-5,-5,-5,-5,-5,-5,-5,-5,-5,-5,-5,-5,-5,-5
8787,13,-1,2,2,-1,21000,6,6,7868,-3,-2,-2,-2,-2,7536,7788,-2,-2,-2,-2,-2,3996,-2,-2,12000,10000,-2,15000,23400,35000,26000,28000,10000,22000,23000
8788,12,-4,3,2,-3,500,42,49,49303,460,1694,-2,7008,5679,5200,4376,7752,9588,5664,-5,-5,-5,-5,-5,-5,-5,-5,-5,-5,-5,-5,-5,-5,-5,-5
8789,13,20000,2,2,20000,39000,1,1,1485,-3,6000,-1,6000,35000,-2,-2,1885,-2,-3,-2,-2,-2,-2,-2,-2,50152,-2,-2,0,7512,8957,8532,9372,10824,-3
8790,10,-2,2,1,-2,14000,6,9,11875,-3,-2,-2,600,-2,-2,1183,2000,5000,27050,22260,13076,-2,20744,22000,31080,55200,-2,408473,55000,66000,84720,64100,56400,-2,63000
8791,13,4000,2,2,4000,-3,19,11,10086,-3,-1,-2,4000,21760,8221,-2,-2,3000,-2,7000,-2,-2,5000,5000,6000,-2,923,8000,5000,-2,-2,2400,6000,20984,6296
8792,10,30000,2,1,30000,40000,78,88,81294,54000,55460,45000,38070,60000,34800,30000,20000,68000,-2,-2,25300,-2,32000,-2,-2,-2,-2,-2,36000,39000,-2,20000,2600,17160,17088
8793,10,-2,2,1,-2,6865,58,52,43984,7300,8150,-3,5786,40000,19300,14400,-2,15720,19002,21500,26255,-2,29526,34475,28000,44900,54000,60000,69000,68000,72225,44000,48000,48000,55100
8794,13,-4,2,2,-2,30000,31,29,28781,-3,6636,8012,-2,8472,-2,12286,-2,5288,8788,7340,8560,14599,21347,23067,17644,19500,22000,22000,31400,26500,-2,28200,25000,120070,34432
8795,12,-4,3,2,5000,13158,42,45,31811,16025,-2,17187,20680,22816,27377,10840,16740,11480,13472,-5,-5,-5,-5,-5,-5,-5,-5,-5,-5,-5,-5,-5,-5,-5,-5
8796,9,-4,3,1,9250,30000,66,65,51531,30000,36000,26200,15150,55000,-2,-2,-2,-2,26000,-5,-5,-5,-5,-5,-5,-5,-5,-5,-5,-5,-5,-5,-5,-5,-5
8797,12,5000,3,2,5000,8200,18,22,11962,-3,-2,13560,-2,4850,-5,-2,-2,7540,-2,-5,-5,-5,-5,-5,-5,-5,-5,-5,-5,-5,-5,-5,-5,-5,-5
8798,12,5000,3,2,5000,8200,-4,-4,-5,-5,17200,12000,22100,12900,17000,37500,-3,46500,-5,-5,-5,-5,-5,-5,-5,-5,-5,-5,-5,-5,-5,-5,-5,-5,-5
8799,12,5000,3,2,5000,8200,27,26,32517,-3,-1,13560,-5,-5,-5,-2,-2,25000,31000,-5,-5,-5,-5,-5,-5,-5,-5,-5,-5,-5,-5,-5,-5,-5,-5
8800,12,-4,3,2,6228,13000,25,22,15184,12000,11000,10000,2000,22800,23080,27173,28000,23000,28000,-5,-5,-5,-5,-5,-5,-5,-5,-5,-5,-5,-5,-5,-5,-5,-5
8801,12,-3,3,2,-3,5888,63,54,51358,4520,5208,7837,4237,5908,8510,8455,13279,8880,8700,-5,-5,-5,-5,-5,-5,-5,-5,-5,-5,-5,-5,-5,-5,-5,-5
8802,12,12000,3,2,12000,5000,16,23,32808,5000,-2,3900,5412,7728,-2,14452,15580,-2,19200,-5,-5,-5,-5,-5,-5,-5,-5,-5,-5,-5,-5,-5,-5,-5,-5
8803,9,-4,3,1,-2,8192,2,3,1665,5894,3560,5000,-2,-2,-2,40160,44294,-3,18527,-5,-5,-5,-5,-5,-5,-5,-5,-5,-5,-5,-5,-5,-5,-5,-5
8804,12,-4,3,2,2714,3400,38,48,36711,13296,21000,25000,12407,11924,27500,29600,37110,28680,39150,-5,-5,-5,-5,-5,-5,-5,-5,-5,-5,-5,-5,-5,-5,-5,-5
8805,9,3072,3,1,3072,14000,38,43,48087,17000,11000,13650,13500,16841,15375,20000,-2,-2,-2,-5,-5,-5,-5,-5,-5,-5,-5,-5,-5,-5,-5,-5,-5,-5,-5
8806,9,-4,3,1,-3,20000,91,84,82343,21000,23000,31000,34786,12000,-5,13500,-5,-5,-5,-5,-5,-5,-5,-5,-5,-5,-5,-5,-5,-5,-5,-5,-5,-5,-5
8807,12,-4,3,2,4040,5920,51,52,47444,-3,-1,-1,-2,-1,-1,-2,-2,-1,-1,-5,-5,-5,-5,-5,-5,-5,-5,-5,-5,-5,-5,-5,-5,-5,-5
8808,9,4000,3,1,4000,-3,12,15,12553,300,4910,4905,3600,-2,12000,10000,10513,14000,15000,-5,-5,-5,-5,-5,-5,-5,-5,-5,-5,-5,-5,-5,-5,-5,-5
8809,12,6000,3,2,6000,10000,16,15,15801,12000,-2,14000,-2,19000,6131,1730,-2,-2,-2,-5,-5,-5,-5,-5,-5,-5,-5,-5,-5,-5,-5,-5,-5,-5,-5
8810,11,5000,1,1,5000,-3,15,12,18930,100,-2,-2,5071,6000,3027,9000,34560,33000,37250,48050,51024,33215,55500,-2,-5,-2,40000,45000,50000,63981,100000,-1,-1,-5,-5
8811,14,6000,1,2,6000,-3,7,9,6079,-3,-2,13867,23936,18724,16516,19210,-2,16720,19620,19640,19880,18180,-2,36924,0,17800,36000,-5,-5,49000,-5,41080,50956,28000,63836
8812,14,6000,1,2,6000,7000,6,3,1712,475,-2,8864,8752,5480,-2,5452,9248,9856,-2,10340,-2,-2,6396,-2,13104,6144,-2,6768,0,-2,11532,11820,12024,10704,11617
8813,11,6000,1,1,6000,7000,13,11,15837,475,-2,3306,7000,12891,-2,-5,19134,13200,-5,21000,-2,46025,39705,40230,3503,43934,50000,50000,74000,66000,85000,80000,75000,-2,106000
8814,11,6000,1,1,6000,7000,4,3,7244,475,-2,-2,-2,-2,-2,-2,-2,-2,-2,14500,21000,18000,26900,8380,0,6240,9396,8676,9600,13992,0,11340,15720,-3,-3
8815,14,6000,1,2,6000,7000,15,10,35277,475,-2,-2,-2,-2,16469,-2,-2,7000,-2,-2,0,-2,11200,22000,29000,38000,57000,35000,-5,-5,77000,77000,92000,-5,-5
8816,12,-4,3,2,4000,13798,54,51,48244,12100,19800,16674,16473,19700,23975,26600,30300,29500,26727,-5,-5,-5,-5,-5,-5,-5,-5,-5,-5,-5,-5,-5,-5,-5,-5
8817,9,-2,3,1,-2,-3,73,84,90778,-3,7000,-2,-2,29000,7908,-2,16081,-2,-2,-5,-5,-5,-5,-5,-5,-5,-5,-5,-5,-5,-5,-5,-5,-5,-5
8818,13,-4,2,2,3046,-3,32,32,21913,-3,11363,18412,-2,15500,-2,32000,-2,23000,-2,-2,39500,46000,47000,-2,-2,70000,-5,-2,68000,-2,-2,42000,-2,56000,-3
8819,12,-2,3,2,-2,-3,35,41,55045,7600,9669,16000,19000,13000,34520,24000,9000,34980,28000,-5,-5,-5,-5,-5,-5,-5,-5,-5,-5,-5,-5,-5,-5,-5,-5
8820,9,-2,3,1,-2,5000,71,79,79331,36000,9669,16000,19000,13000,15000,-2,10100,17200,27100,-5,-5,-5,-5,-5,-5,-5,-5,-5,-5,-5,-5,-5,-5,-5,-5
8821,12,40000,3,2,40000,55000,96,92,94334,50000,63000,18830,56500,58200,37600,100001,83000,82500,88500,-5,-5,-5,-5,-5,-5,-5,-5,-5,-5,-5,-5,-5,-5,-5,-5
8822,9,-4,3,1,4000,25000,59,51,42609,14025,16520,21020,19115,10715,17625,-5,-5,30150,32300,-5,-5,-5,-5,-5,-5,-5,-5,-5,-5,-5,-5,-5,-5,-5,-5
8823,9,-4,3,1,-3,19800,58,58,51081,9400,57000,24439,28500,29721,28500,32500,48000,45300,40000,-5,-5,-5,-5,-5,-5,-5,-5,-5,-5,-5,-5,-5,-5,-5,-5
8824,9,3500,3,1,3500,2000,46,51,62463,0,3800,1400,5860,1550,6700,16000,20100,1400,13000,-5,-5,-5,-5,-5,-5,-5,-5,-5,-5,-5,-5,-5,-5,-5,-5
8825,12,-4,3,2,310,-3,70,67,73739,16000,16000,35300,33200,33300,37200,39500,43700,31700,46400,-5,-5,-5,-5,-5,-5,-5,-5,-5,-5,-5,-5,-5,-5,-5,-5
8826,12,-4,3,2,1800,3000,89,86,84710,69750,16100,18500,41000,33860,39544,20500,37900,38500,40400,-5,-5,-5,-5,-5,-5,-5,-5,-5,-5,-5,-5,-5,-5,-5,-5
8827,12,-4,3,2,0,2100,69,65,57460,11070,12050,13600,9200,630,1850,14150,20100,19000,19800,-5,-5,-5,-5,-5,-5,-5,-5,-5,-5,-5,-5,-5,-5,-5,-5
8828,12,-4,3,2,2100,-3,53,54,40785,8975,24525,25975,23345,-2,42600,44000,-2,-2,-2,-5,-5,-5,-5,-5,-5,-5,-5,-5,-5,-5,-5,-5,-5,-5,-5
8829,12,-4,3,2,2110,4045,96,94,87495,7520,16050,19020,21550,24050,29100,35050,42050,45100,48100,-5,-5,-5,-5,-5,-5,-5,-5,-5,-5,-5,-5,-5,-5,-5,-5
8830,12,-4,3,2,2900,3300,86,94,91575,23000,11000,10402,-2,-2,-2,81303,-3,1057448,146942,-5,-5,-5,-5,-5,-5,-5,-5,-5,-5,-5,-5,-5,-5,-5,-5
8831,12,-4,3,2,4000,650,67,63,67447,30000,42000,70000,75001,-2,-5,-5,-2,0,146942,-5,-5,-5,-5,-5,-5,-5,-5,-5,-5,-5,-5,-5,-5,-5,-5
8832,9,-3,3,1,-3,-3,34,32,24945,100,-2,0,-2,-2,8440,-2,5446,4000,2000,-5,-5,-5,-5,-5,-5,-5,-5,-5,-5,-5,-5,-5,-5,-5,-5
8833,12,-2,3,2,-2,-3,78,86,91610,6000,3080,5540,5000,7500,27500,19030,17350,22620,34665,-5,-5,-5,-5,-5,-5,-5,-5,-5,-5,-5,-5,-5,-5,-5,-5
8834,9,-2,3,1,-2,2000,10,6,8548,6000,-2,200,600,-2,5000,5200,3000,400,5000,-5,-5,-5,-5,-5,-5,-5,-5,-5,-5,-5,-5,-5,-5,-5,-5
8835,9,5580,3,1,5580,-3,12,12,18241,-3,-2,-2,-2,-2,11370,10000,12000,16000,26000,-5,-5,-5,-5,-5,-5,-5,-5,-5,-5,-5,-5,-5,-5,-5,-5
8836,9,19000,3,1,19000,-3,74,75,76620,-3,32816,27481,-2,-2,14600,26600,31500,27280,-2,-5,-5,-5,-5,-5,-5,-5,-5,-5,-5,-5,-5,-5,-5,-5,-5
8837,9,19000,3,1,19000,-3,62,61,47554,-3,32816,26628,-2,-2,-2,36000,-2,45400,50000,-5,-5,-5,-5,-5,-5,-5,-5,-5,-5,-5,-5,-5,-5,-5,-5
8838,9,19000,3,1,19000,24885,69,69,65630,-3,36316,33700,10706,15000,28905,34639,32648,30648,33510,-5,-5,-5,-5,-5,-5,-5,-5,-5,-5,-5,-5,-5,-5,-5,-5
8839,12,-4,3,2,-3,8399,70,68,56173,12430,17100,25610,20510,100001,22300,50300,53000,71200,64060,-5,-5,-5,-5,-5,-5,-5,-5,-5,-5,-5,-5,-5,-5,-5,-5
8840,13,-4,2,2,-3,4400,10,16,16092,21488,7074,9216,16332,-2,16200,0,6000,3000,-2,12554,11424,10200,-3,-2,-2,-2,-2,-2,69000,24000,35000,24000,0,-2,-3
8841,12,-4,3,2,3025,4105,60,56,55740,1600,1250,-2,-5,-5,-5,-5,-5,10492,7876,-5,-5,-5,-5,-5,-5,-5,-5,-5,-5,-5,-5,-5,-5,-5,-5
8842,9,6000,3,1,6000,-3,85,71,81450,8000,8150,21800,19000,25000,27500,27000,27000,32600,31700,-5,-5,-5,-5,-5,-5,-5,-5,-5,-5,-5,-5,-5,-5,-5,-5
8843,9,6000,3,1,6000,-3,7,7,7197,10292,8280,7813,-2,-2,-5,-2,35000,20800,21000,-5,-5,-5,-5,-5,-5,-5,-5,-5,-5,-5,-5,-5,-5,-5,-5
8844,9,6000,3,1,6000,-3,20,16,23489,10292,8150,5000,-2,36000,2400,14000,56000,7000,10000,-5,-5,-5,-5,-5,-5,-5,-5,-5,-5,-5,-5,-5,-5,-5,-5
8845,12,-4,3,2,3900,8200,95,91,89626,12300,24228,18500,24025,22000,26000,53500,52000,55500,56000,-5,-5,-5,-5,-5,-5,-5,-5,-5,-5,-5,-5,-5,-5,-5,-5
8846,9,-4,3,1,6910,9400,75,66,61616,14100,16000,10332,11883,12500,16600,-2,22673,40480,37900,-5,-5,-5,-5,-5,-5,-5,-5,-5,-5,-5,-5,-5,-5,-5,-5
8847,12,-4,3,2,-3,8260,66,73,77498,14100,14500,10332,12226,12200,16273,20000,4790,20004,19700,-5,-5,-5,-5,-5,-5,-5,-5,-5,-5,-5,-5,-5,-5,-5,-5
8848,12,-4,3,2,2000,-3,23,28,21529,-3,-2,-2,-2,-2,-5,60500,-2,-2,-5,-5,-5,-5,-5,-5,-5,-5,-5,-5,-5,-5,-5,-5,-5,-5,-5
8849,12,4600,3,2,4600,950,21,26,23213,243,3816,8515,5808,5504,4860,4764,6800,39040,36000,-5,-5,-5,-5,-5,-5,-5,-5,-5,-5,-5,-5,-5,-5,-5,-5
8850,9,4600,3,1,4600,-3,1,1,483,-3,-2,198,6300,-2,12000,10400,12500,10000,10000,-5,-5,-5,-5,-5,-5,-5,-5,-5,-5,-5,-5,-5,-5,-5,-5
8851,12,3072,3,2,3072,-3,39,43,57647,0,1136,6826,7782,12150,15261,16210,16050,30593,38023,-5,-5,-5,-5,-5,-5,-5,-5,-5,-5,-5,-5,-5,-5,-5,-5
8852,11,5000,1,1,5000,4000,1,1,4367,-3,10000,11000,15600,15500,15000,-5,15000,-2,12000,12000,-2,-2,-2,-2,-2,12480,12480,-5,12000,-2,25000,-2,19896,14000,14000
8853,14,5000,1,2,5000,4000,26,26,37661,12000,18000,9096,-2,8000,18000,21500,-2,34850,35034,16000,23100,21504,98160,26200,26600,34600,43600,3600,43750,30200,73000,2000,30000,0,-3
8854,14,5000,1,2,5000,6082,16,16,12040,-3,18000,9096,-2,8000,15000,19000,-2,15000,28400,14000,21000,19000,22192,26072,19500,17000,20000,23000,-5,29000,-2,-2,33420,34175,38481
8855,11,20000,1,1,20000,20188,55,55,51674,30000,-2,-2,-2,-2,45000,-2,-2,-2,-2,-2,-2,-2,-2,-2,-2,-2,-2,-2,50000,50000,55000,53000,42000,45000,55000
8856,11,7700,1,1,7700,7210,28,27,39498,5400,8000,12000,13000,30000,30000,-2,8000,-2,9350,4824,-2,-2,-2,7800,-2,25000,31000,-2,20100,27000,-2,12760,40860,42000,64800
8857,11,9000,1,1,9000,19500,24,29,30258,7400,11416,-2,-2,23000,20000,20060,21948,21872,19438,17000,25434,25244,18000,31660,44250,52905,38290,43880,63000,70000,76000,100500,105608,-2,57044
8858,14,9000,1,2,9000,4389,28,34,47502,7400,11416,9626,-2,25000,13000,12600,-2,16853,14560,13300,21406,18881,-2,12229,20360,26300,30250,31700,-2,29000,56212,-5,-5,-5,-5
8859,11,9000,1,1,9000,4389,37,37,52504,7400,11416,9626,9000,9000,20000,-2,24266,8480,18790,22948,19240,16736,15942,22372,27300,24000,29000,43000,41000,44847,53000,23000,44000,43000,76000
8860,11,25000,1,1,25000,36370,19,27,20313,35000,34000,27000,-2,31142,36000,30300,29550,25200,35250,-2,48000,-2,-2,38686,39605,38000,37000,36000,42700,57000,-5,-5,186000,47600,52000
8861,14,21500,1,2,21500,26340,32,40,54147,28600,30000,30840,32000,-2,45000,11967,1998,300,2600,6600,76300,79350,81200,140000,93000,93500,-5,0,0,-1,44000,-2,-1,-1,45200
8862,11,15000,1,1,15000,19000,66,73,65934,19913,23765,27252,28000,38700,40000,21000,26000,30000,30000,34000,62650,50000,48200,73551,78089,66000,-5,-5,-5,-5,-5,-5,-5,-5,-5
8863,11,7161,1,1,7161,7600,64,71,56183,9250,16000,16650,11000,11500,23000,26360,31900,30050,26750,25588,7395,24272,16200,25500,39500,40000,54000,34254,63000,54000,59219,96500,12353,19200,36000
8864,14,8000,1,2,8000,10157,15,12,9678,9476,11333,22341,-2,23800,24178,32856,28110,24475,27200,25200,30000,36500,35000,45000,46000,12050,59036,60000,64000,59048,38006,40050,47000,42000,51000
8865,11,8000,1,1,8000,-3,2,2,1849,-3,12500,13200,10500,-2,-2,-2,-2,11000,20000,-5,5500,-2,6900,-2,-1,-2,9000,3000,-2,-2,3000,1000,0,9398,3000
8866,11,10120,1,1,10120,-3,26,30,37457,-3,21000,-2,9857,9600,10200,36143,-5,10000,10000,9600,8960,10000,12000,17000,23000,23000,-2,13800,14500,-1,37250,41320,44556,47900,33792
8867,14,-3,1,2,-3,-3,11,10,16756,-3,3000,7092,-2,5625,3877,5227,7740,-2,11316,10512,11040,12666,20370,-2,3588,5968,3300,9288,0,2300,1854,0,12600,0,-3
8868,11,5000,1,1,5000,-3,4,8,17637,8448,3000,-2,7695,11440,12404,9635,-2,28000,28000,34037,38000,44000,33000,46000,-2,45000,-2,13000,13000,14000,29000,21000,17000,-2,-3
8869,14,9000,1,2,9000,5200,1,1,3084,-3,5200,5000,-2,-2,9000,-5,9720,-2,930,11900,-2,18700,17700,-2,22180,-5,3120,-2,18500,26000,11000,21392,-5,27980,-5
8870,14,9000,1,2,9000,12800,7,7,12625,9000,-5,-2,384,1200,4000,888,4452,4767,3640,6712,5800,4446,19200,-5,-2,-2,-2,-2,0,8000,11000,9547,13020,-3,14532
8871,11,3110,1,1,3110,7468,22,21,26747,9703,16000,7000,-2,-2,30000,13000,15500,15000,16049,18000,18000,17000,22000,25000,-2,28000,28000,49870,37200,31000,33684,52000,47000,120000,55000
8872,11,3110,1,1,3110,7468,13,11,8236,9703,16000,7000,1800,15835,9000,9680,12000,13600,14000,25000,25000,15300,560,23000,22800,37000,50000,73820,76000,48000,75000,67000,57000,1400,8800
8873,14,8000,1,2,8000,14328,40,39,41296,11572,5227,7900,9042,-2,15025,49000,16000,42000,32650,38180,21094,22530,24038,-5,-5,-5,-5,-1,-5,-5,-5,-5,-5,-5,-5
8874,12,10000,3,2,10000,10799,52,62,51875,6157,5000,10384,8230,13040,5810,18061,15030,20020,22672,-5,-5,-5,-5,-5,-5,-5,-5,-5,-5,-5,-5,-5,-5,-5,-5
8875,14,10000,1,2,10000,19770,27,22,16104,18500,11164,42237,-2,-5,-5,31000,46000,26052,30600,2990,-3,-2,0,-2,3500,-5,-5,-5,32000,42000,29000,20475,52736,14000,20000
8876,11,10000,1,1,10000,19770,22,28,47696,18500,11164,42237,3000,8340,9000,10100,-2,0,17600,0,-2,-2,0,-2,0,-5,-5,-5,700,24000,32600,-2,-5,-5,12000
8877,11,10000,1,1,10000,19770,14,16,21165,18500,-2,3700,29500,18300,10000,14000,18000,12000,16000,20000,-5,20400,32400,18000,40000,28000,-5,-5,107500,-2,42000,-5,98000,-5,-5
8878,14,6696,1,2,6696,13321,14,17,32112,12000,10500,47200,14000,14400,36000,45000,14020,35100,28300,0,70010,67000,48000,72200,50300,21433,55000,75000,66012,88434,-5,-5,-5,-5,-5
8879,11,6696,1,1,6696,13321,20,23,37111,12000,4082,6800,12026,20490,20025,44555,16700,20000,12484,15148,18944,26800,24322,31680,36447,47774,60000,85000,70000,76000,83472,70500,67000,74000,78600
8880,11,32000,1,1,32000,28800,46,40,29702,15667,26482,30850,52665,54030,-2,68000,78200,70100,200,78100,68980,84600,189918,112000,-5,84000,138000,149000,109000,156000,148000,166900,231000,204400,222000
8881,11,10000,1,1,10000,6953,16,13,12711,43300,39000,11000,31458,27000,20000,12739,14807,20536,1034,13508,13960,15000,16500,22600,24300,24147,60600,44000,60000,-2,-2,90000,63711,64000,66400
8882,11,10000,1,1,10000,19542,17,19,29641,43300,16700,9800,31602,40000,43000,55000,-2,9000,25500,34000,37260,15162,11228,8074,27522,32384,39092,31028,31160,41624,92784,10272,12000,12000,11892
8883,14,9093,1,2,9093,11000,13,25,19504,12000,10000,13000,17666,15000,22160,-2,18960,18000,-3,26790,25360,26000,30000,35000,37500,-2,70000,-2,77000,-2,-2,24000,-2,-2,-3
8884,11,9093,1,1,9093,11000,-4,-4,-5,-5,12000,0,6446,5466,10930,9374,14878,8850,100,14000,27000,6600,15696,14330,24000,29000,44000,52000,81000,111000,-5,-5,-5,-5,-5
8885,14,9093,1,2,9093,11000,37,36,45086,11000,15000,20685,11380,15340,10000,27740,13000,20859,43350,39956,59400,41200,43000,-5,59000,-5,-5,-5,-5,-5,-5,-5,-5,-5,-5
8886,11,28201,1,1,28201,31150,17,20,19334,31491,23000,-2,41119,24070,20454,15443,29000,31000,21000,21000,28000,27492,-2,6424,7016,24000,13000,18200,17000,24340,28198,40000,15856,18660,20310
8887,11,28201,1,1,28201,31150,4,3,5759,-3,23000,30958,41119,-5,-5,-5,-5,-2,12780,25600,25560,26000,21000,-5,1331,6200,-2,-5,-5,-5,-5,-5,6660,-2,-3
8888,14,6000,1,2,6000,6000,6,8,7427,5000,-2,-2,-2,16000,18000,18000,17000,15000,0,7691,-2,42000,-5,39796,5051,14392,16672,18900,28000,30584,0,19000,22000,0,0
8889,14,22856,1,2,22856,6660,38,35,34314,6800,13110,6859,13916,14620,22180,22000,31145,26950,28000,-2,33400,34500,35000,42000,-1,13200,69500,69000,78000,454737,76500,77000,67000,-1,-3
8890,14,22856,1,2,22856,24610,38,34,39998,16500,-2,6350,18000,22000,18100,18000,40150,30000,30000,34000,35000,35000,35600,47000,49500,46000,62900,65000,67500,76500,78000,89000,90000,98000,108000
8891,11,22856,1,1,22856,24610,56,54,61727,16500,7250,9582,8500,12000,16000,16500,15800,17000,20500,27500,30000,32500,31696,-5,-5,-5,-5,-5,-5,-5,-5,-5,-5,-5,-5
8892,11,10000,1,1,10000,-3,6,4,3793,6240,-2,-2,-2,-2,-2,-2,0,-2,-5,-5,-2,4524,0,4056,-5,3684,-2,-5,0,-5,-5,-5,-5,-5,-5
8893,11,10560,1,1,10560,11600,18,19,38413,13520,4480,8000,7555,10500,-2,-2,20100,28450,-2,25300,21328,-2,17336,16183,26330,-5,36346,-2,50000,70000,51207,60456,-3,201600,157000
8894,11,10560,1,1,10560,11600,28,32,43567,13520,4480,2860,2060,14000,-2,-2,700,-5,-5,-2,5080,9568,-2,600,0,0,26000,32000,23000,31000,-5,-5,-5,-5,-5
8895,14,2416,1,2,2416,1584,8,7,6531,2000,3720,3500,4972,11175,0,15000,13000,17000,18500,0,-2,14222,1022,-2,9000,-5,4200,6000,2000,12000,-2,0,694,12328,2328
8896,14,15051,1,2,15051,17969,46,53,50806,16500,13000,20015,30003,-2,35000,38000,38000,34000,-3,29000,45025,26000,22000,24000,30250,48760,35000,36728,50300,52840,52000,52000,-5,-5,-5
8897,11,15051,1,1,15051,17969,57,46,46449,6806,12000,9000,-2,12400,-2,-2,22100,27500,27008,36020,30905,29835,37450,-2,-2,46000,13600,72500,69400,75400,-2,137800,85000,-1,95600
8898,11,15051,1,1,15051,17969,42,30,31203,1650,-2,28200,34000,40000,-5,-5,-5,-5,-5,-5,-5,-5,-5,-5,-5,-5,-5,-5,-5,-5,-5,-5,42000,-1,136000
8899,14,13000,1,2,13000,12000,10,8,17321,14000,17800,18824,14120,0,4800,-2,1509,6896,-2,4515,10155,-2,-5,-2,-2,-2,-5,-2,-5,-5,-5,-5,-5,-5,-5
8900,14,4800,1,2,4800,13494,19,18,19329,14648,10334,-2,-2,12488,23221,21773,14200,32357,18300,23238,23840,21052,24294,26128,28893,32300,-1,51600,33000,90300,102000,87200,94000,107200,107600
8901,11,4800,1,1,4800,14644,-3,-3,0,14648,7608,12768,2000,6500,6048,3396,8256,8256,6487,2388,5626,-2,-2,-2,5808,6144,79200,6552,8148,7068,8088,0,5700,8400,8400
8902,14,4800,1,2,4800,13494,45,41,37882,9500,5000,3000,14000,16000,20000,52000,51000,-3,64000,59000,92000,68000,85000,-5,-5,-5,-5,-5,185000,-1,200000,240000,-5,-5,-5
8903,11,-1,1,1,-1,41000,39,41,39667,-3,56000,40100,30542,65000,44190,33475,38000,42400,51460,27288,53000,60000,59103,47850,47060,59500,53300,-2,76300,108000,86000,87592,73688,82112,140660
8904,14,25700,1,2,25700,39000,26,42,54974,51084,61500,63000,63000,-2,200,64500,36975,33330,36456,27100,45050,53050,62550,74036,-2,97700,127400,218190,199000,-5,-5,-5,-5,-5,-5
8905,14,17920,1,2,17920,32600,16,16,16545,26497,21000,24000,27000,-2,31000,38000,31600,29000,25000,27000,23700,32100,30030,27530,24920,27330,39400,60220,67000,75260,-2,-2,-2,83000,209000
8906,11,13000,1,1,13000,-3,73,80,79920,14000,6200,11000,14700,14067,22020,35200,38200,37800,36000,36000,38000,49800,42000,-5,-5,-5,-5,-5,-5,-5,-5,-5,-5,-5,-5
8907,11,23000,1,1,23000,31130,25,28,32839,20239,14149,-2,20200,-2,-2,10000,10300,8000,-2,-2,-2,13000,10000,16000,-2,25000,-2,45640,84300,-2,37500,-2,50000,52000,56000
8908,11,23000,1,1,23000,31130,23,16,20308,20621,17400,-2,-2,23000,25896,24200,24500,25000,-3,14000,-2,36000,36000,34000,51000,22500,-2,20332,30000,-2,18000,-2,-2,0,78000
8909,14,23000,1,2,23000,31130,21,18,26139,20621,-2,2460,21000,18410,400,-2,5160,1440,5796,5976,29000,25400,33490,62400,-2,-2,33600,55000,68000,63000,50000,58000,51000,60000,65000
8910,14,13337,1,2,13337,14000,13,8,9609,13000,-2,19400,23000,17500,-2,12000,12000,-2,3000,35860,-2,-2,33000,-2,-2,-2,47200,26400,33500,8400,8412,12596,33000,-2,125000
8911,11,6000,1,1,6000,6000,24,25,24157,6700,8000,8000,7200,8500,9000,9600,18000,11200,12182,12200,13500,20000,11960,-2,13500,16000,19000,25200,55500,28000,-2,-2,21000,62000,55000
8912,14,6579,1,2,6579,5000,32,31,30864,7500,6840,-2,9631,12766,10300,15000,17000,24000,25000,20000,29000,32000,-2,39000,45000,52500,60000,80000,89000,96000,104600,109470,92000,115060,118600
8913,14,6579,1,2,6579,5000,72,81,92142,-3,12980,5540,-2,18629,16600,19000,23000,25000,29000,32000,35000,35020,35000,40000,-2,27360,21900,23000,-5,-5,-5,-5,-5,-5,-5
8914,11,6579,1,1,6579,6000,54,71,81673,-3,12980,2000,7300,4400,-5,15600,-5,16000,14000,21000,21000,25000,34000,40000,18000,26000,38000,43000,57200,44600,182000,41000,42000,46000,46000
8915,11,1966,1,1,1966,-3,19,25,28976,3877,-2,-2,-2,4800,-2,1000,2700,10000,11520,0,0,0,14400,15000,10000,217,-2,12000,46200,32000,38500,-2,-2,18312,7992
8916,14,25000,1,2,25000,7645,16,11,7955,8330,8793,7400,7800,9000,8000,10000,10012,9768,9648,10438,5592,-2,11172,-2,7000,0,0,37000,90000,49600,59000,40000,42000,11784,9360
8917,11,-3,1,1,-3,14832,31,32,32330,19925,29000,22200,23342,34500,-2,31000,33500,28500,29400,39000,41000,43000,53000,53000,49000,48000,56000,-5,69000,87200,-2,118000,-2,25000,28800
8918,14,20000,1,2,20000,22000,24,43,51209,21438,28000,8000,45000,2023,42000,21128,15000,15187,17060,19922,16000,18198,61500,23000,6444,36010,35000,10800,600,4688,181592,30516,12720,13476,43600
8919,14,12646,1,2,12646,14000,54,53,44134,25000,30000,13166,6656,27000,17050,35000,36200,24000,24200,29040,27100,-2,46050,54000,64050,66100,47150,-5,-5,-5,-5,-5,-5,-5,-5
8920,14,8761,1,2,8761,2671,6,10,33346,5269,-3,4228,4410,-2,-2,-2,2137,-2,-2,-2,8302,11720,3832,4601,-2,-2,-2,8094,18650,-2,-2,-2,68000,-5,-5
8921,12,14000,3,2,14000,16500,22,18,16055,7280,11270,12480,14500,13500,18802,19519,20030,20004,24332,-5,-5,-5,-5,-5,-5,-5,-5,-5,-5,-5,-5,-5,-5,-5,-5
8922,11,15000,1,1,15000,20000,-4,-4,-5,-5,-5,-5,15050,17000,20300,22100,20100,-5,-5,-5,-5,-5,-5,-5,-5,-5,-5,-5,-5,-5,-5,-5,-5,-5,-5
8923,11,8160,1,1,8160,8000,25,36,48546,3137,7500,16005,-2,6447,-2,-2,17000,20000,23000,28900,-5,36000,20622,23000,5000,26000,-5,900,-2,-2,26000,0,10000,0,2160
8924,11,1344,1,1,1344,-3,12,13,17381,1704,-3,1247,-2,-2,12000,15100,16400,16600,32000,25020,-2,-2,-2,-2,-2,57000,-2,27000,28000,30000,27000,37000,30000,32000,0
8925,14,2392,1,2,2392,-3,24,16,15407,-5,-5,-5,1056,2000,774,5160,40680,6000,6288,7008,7656,9208,11072,10296,5928,26000,20500,23200,26010,29000,12185,17736,19364,30280,18732
8926,14,18600,1,2,18600,15270,24,28,33786,-3,-2,2900,6000,12600,15800,13560,12450,16320,16000,16399,18000,17963,24354,45000,49000,-5,-5,74000,82000,71000,92000,98000,101000,109000,62000
8927,14,23000,1,2,23000,21000,22,21,13237,-3,26003,35625,-2,21000,18838,17302,27000,27600,27000,32200,31600,30810,34430,33000,32000,37150,-2,92300,60500,68000,78200,84000,97000,103075,104200
8928,14,-2,1,2,-2,400,73,84,90963,28000,35000,-3,-5,-5,-5,-5,-5,-5,-5,-5,-5,-5,-5,-5,-5,-5,-5,-5,-5,-5,-5,-5,-5,-5,-5
8929,11,-2,1,1,-2,-3,14,9,8826,3710,-2,-2,9160,9000,11000,20000,-2,35024,30000,-2,33000,37000,45000,47500,48000,58800,66200,78000,69500,72000,75000,-2,-2,-2,-3
8930,11,18000,1,1,18000,5918,24,29,35725,9600,19100,14140,21300,29420,20300,25060,38500,51000,51000,51900,44000,49700,45864,50300,50500,58000,59000,-5,69000,85000,82675,71800,92000,78000,92000
8931,14,1800,1,2,1800,5000,44,51,54811,28000,37600,23000,-2,-2,10050,15000,37150,25030,29050,34000,37000,42000,40000,65050,160000,80000,70300,62480,58000,105000,109000,137500,130000,130000,165000
8932,14,-2,1,2,-2,75001,24,16,13958,10500,10400,10400,13420,15380,25200,33000,24120,31506,26500,47850,48100,56150,48000,51300,56100,57100,59000,110000,59000,70540,56000,60060,120203,57600,88000
8933,11,-4,1,1,5480,20472,64,69,63950,10720,21000,28722,32000,32500,33500,35050,35000,40000,55100,54400,-5,-5,-5,-5,58000,-5,-5,-5,-5,-5,82000,85600,80050,-5,-5
8934,14,-2,1,2,-2,1728,17,13,11816,9200,13600,11768,8151,20104,9960,9940,7900,10200,13740,10974,15440,11864,18839,16130,51000,64490,58000,65400,64508,58000,68000,76000,62516,35000,63000
8935,11,-2,1,1,-2,1728,36,30,33618,3000,7400,7300,10800,13260,15600,-2,6000,-2,15000,-2,21560,18300,31000,42000,62000,78000,169000,95000,80000,50500,76400,70000,51120,95000,106000
8936,11,-2,1,1,-2,1988,22,27,37518,2336,6000,5573,3402,6756,9519,31870,9000,16568,-3,12480,-3,20000,-2,29000,10612,18000,21000,-2,49598,40000,-1,-2,58600,53000,25000
8937,11,-2,1,1,-2,20000,45,42,46065,20000,28901,-2,30000,28200,7000,7500,5000,-2,8500,-2,-2,-1,1150,-2,6175,12000,-2,-2,3500,-2,50800,2400,17532,-5,-5
8938,14,1500,1,2,1500,12842,13,11,12105,15000,15000,18600,19000,20030,27000,30000,33000,32567,38800,36956,45000,49000,48000,66000,69500,-2,-2,-2,43000,47600,-2,57000,-2,108000,-3
8939,14,13070,1,2,13070,15176,36,39,52137,15000,-2,29500,23000,-2,15370,30800,31000,32000,32042,59390,62000,-2,34500,41000,43000,23000,48000,58000,63700,67874,82100,87000,86000,111600,93000
8940,14,1500,1,2,1500,12842,29,23,38341,11000,13959,4900,24000,-2,10000,-2,34500,35700,-2,37180,32300,-2,40944,45000,52500,62300,-2,86800,79000,91000,-2,120000,127000,922631,-3
8941,11,25000,1,1,25000,20000,78,88,90906,24000,23000,33900,33000,4200,1300,9700,5300,11000,16000,16000,8000,13392,11000,24500,30000,36300,35000,37000,97500,105000,111000,115000,211000,146000,164677
8942,14,15000,1,2,15000,17597,48,43,65708,17000,21220,17800,11300,20000,7500,15800,16360,-3,19000,28000,39500,20500,32000,30800,40000,41400,68800,89000,94000,-2,-1,-2,157000,-1,180000
8943,11,11000,1,1,11000,10000,84,85,74375,-3,40000,-3,25050,29994,32700,33600,37000,27600,28000,38320,36000,36500,-2,84700,120000,107000,80000,-1,40000,0,40000,40000,48000,60000,58000
8944,14,11000,1,2,11000,10000,19,25,32256,-3,40000,8000,18000,15000,-2,17000,13400,13200,15500,25905,22000,28000,29000,32000,35000,21000,-2,63000,55000,62104,-2,86120,78000,75000,-5
8945,11,6220,1,1,6220,6600,11,11,21892,9966,11000,15500,19000,-5,-5,-5,8000,6115,5000,7294,5240,4390,-2,13410,28400,-5,20000,-2,18000,6500,-5,-5,17550,0,-5
8946,14,16000,1,2,16000,6000,50,49,60055,9000,15000,16640,10564,20000,7000,9824,9860,9941,11805,10898,12130,12594,15682,17700,-1,9670,35000,38000,42000,45908,43000,-2,23000,25000,28000
8947,11,5940,1,1,5940,11608,31,31,40526,3322,2970,-3,14000,7920,11200,9200,16000,19260,29520,41000,42000,60000,34320,37960,37500,58800,57006,82000,86000,83000,60000,56000,60000,120000,126000
8948,14,5940,1,2,5940,-3,6,5,24840,3000,8050,8700,11640,9680,11000,10000,4920,7400,-2,4700,9480,9748,13824,13812,11920,12000,-1,8000,16096,21208,23000,8000,3360,8505,12874
8949,14,-3,1,2,-3,-3,7,11,12731,8000,6050,11000,7490,11825,11750,9010,7400,6640,8240,9285,8208,15160,16420,15000,25000,20000,-2,15200,42000,45000,7980,6450,12000,16000,18000
8950,11,13500,1,1,13500,0,6,8,9620,15000,21500,25000,-2,23400,-2,25400,-2,-2,-2,2000,0,9000,24000,-2,-5,14000,600,8500,9600,16800,3000,51000,12000,16834,4588
8951,14,10000,1,2,10000,2400,69,66,53965,19000,28000,-3,31000,33500,40600,44500,48000,46500,27760,60250,66000,68116,71655,-5,82000,-5,-5,-5,-5,-5,-5,-5,-5,-5,-5
8952,11,10200,1,1,10200,15000,59,49,48264,19000,28000,30000,24800,-2,30000,34800,30000,15500,146942,25360,20500,34550,-2,30000,36100,46500,49800,67500,93000,93200,87000,100500,91000,93500,105500
8953,14,10000,1,2,10000,15000,7,17,22525,19000,28000,45000,-2,-2,4000,33500,37050,42130,35600,46600,44000,42550,31000,35800,41000,42815,45605,26800,14000,19000,-5,-5,-5,-5,-5
8954,11,20000,1,1,20000,85,37,41,51336,12000,1500,7000,-5,14000,16650,13308,18240,-5,-5,-5,-5,-5,20000,26000,37000,-5,-5,-5,-5,-5,95000,-5,51000,-2,60000
8955,14,-4,1,2,-3,-5,6,4,4398,60,75001,4584,3012,300,0,45000,-2,-2,-2,-2,-3,0,-2,25000,-1,68000,-2,4000,100000,-2,80000,60000,-2,-2,-3
8956,14,-4,1,2,3288,6264,10,7,2774,480,3816,5904,477,-5,-5,-5,-5,-5,27550,12000,-5,-5,-5,-5,-5,-5,-5,-5,-5,-5,-5,-2,-5,11268,-3
8957,11,5400,1,1,5400,5640,18,18,19238,1800,6000,8000,15800,14000,7900,10000,-2,-2,10000,15000,8000,22000,13750,-2,2640,0,15500,400,18000,23000,-2,-2,16900,-2,-3
8958,11,75001,1,1,75001,6864,12,14,15355,1645,2650,-2,0,-2,0,-2,-2,-3,-2,-5,-2,-2,-2,0,200,-2,-2,35000,20000,14510,46450,9000,800,-5,1500
8959,10,-2,2,1,-2,-5,-4,-4,-4,-3,7700,-2,-2,-2,12572,4500,16400,7632,6000,-2,20000,30000,-2,87000,-2,10000,22000,-2,96600,85000,91000,77000,91600,105000,105000
8960,13,-4,2,2,-3,5040,22,19,15624,4455,8135,8420,7720,5645,6660,6600,5220,3944,15000,13000,10404,-2,14908,-2,140,0,81948,-2,0,-2,23100,12541,16272,-2,18672
8961,14,-4,1,2,15230,13392,20,22,13713,-3,3163,13424,-5,-5,-5,-5,-5,-5,-5,-5,-5,-5,-5,-5,-5,-5,-5,-5,-5,-5,-5,-5,-5,-5,-5
8962,13,12000,2,2,12000,17660,36,29,34415,17000,7800,9700,7000,12600,10616,16521,17700,19200,21000,-2,46500,56478,37771,33000,42000,45000,50000,53000,65000,100000,98000,122000,124000,-2,-3
8963,11,10440,1,1,10440,13000,21,15,18435,6500,7000,20000,19486,22023,35200,42700,-3,-2,57000,40400,839078,30000,16350,17500,25000,27000,32500,27022,58000,48000,14196,14837,85919,48000,42000
8964,11,10000,1,1,10000,13000,8,12,17156,-3,4326,10699,11000,12500,24000,26000,30000,34000,46000,44000,45000,52000,52000,54000,55000,83000,122800,8904,73892,73892,75452,75080,77480,-5,-5
8965,14,10000,1,2,10000,8500,12,16,19611,10000,10000,14000,20000,21000,31760,21448,-5,-5,-5,-5,36000,42000,46000,49000,48000,50000,50000,60000,64000,65000,64000,65000,-5,65000,98000
8966,14,-4,1,2,2964,5736,-4,-4,-5,-5,-5,6912,53832,6456,6792,-5,10660,14560,12000,12000,7596,-5,-5,-5,-5,-5,-5,-5,-5,-5,-5,11000,-5,-5,-5
8967,14,-4,1,2,-2,1414,-4,-4,-4,2848,-5,5940,-2,-5,4320,-5,-5,3408,-3,12408,12780,-2,-2,-5,-5,6720,-5,-2,3000,4000,-2,-2,-5,-5,-5
8968,14,6984,1,2,6984,-5,-4,-4,-5,-5,-5,-5,-2,-2,-5,-5,-5,768,-5,-3,-5,6245,8040,-5,-5,-5,-5,-5,-5,-5,-5,-5,-5,-5,-5
8969,14,-3,1,2,-3,-5,-4,-4,-5,-5,-5,-2,2100,4524,-5,-5,-5,3160,2592,2688,3240,3600,4464,4308,3900,0,0,6864,5000,11192,7188,5988,5988,4428,6120
8970,13,-2,2,2,-2,6648,41,37,35834,10379,13000,8429,-2,14428,-2,-2,-2,27514,-2,9808,8976,-2,-2,77816,11500,-2,22000,25000,35000,30000,26000,31000,-2,40000,38000
8971,10,6000,2,1,6000,2200,18,15,12621,6000,7220,-2,-2,-2,33000,-2,28540,23000,-3,23206,22100,-2,-2,60000,42500,50000,45000,50000,50000,105340,-2,60000,0,79000,60000
8972,10,6000,2,1,6000,6648,7,9,13577,10379,13000,-2,-2,14428,-2,6500,0,31000,-2,15864,-2,-2,-2,-2,-2,-2,30000,30000,24852,-2,-2,34400,7000,-2,-3
8973,11,4488,1,1,4488,4632,14,16,20816,5368,10248,6000,14808,12400,9928,14000,-2,37453,65356,-2,11652,12654,22360,30984,30744,-5,40000,-2,33600,15000,-5,-5,45000,0,0
8974,13,28000,2,2,28000,40000,38,43,60603,-3,-2,21000,25000,-2,-2,-2,-2,-2,-2,-2,-2,-2,21800,-2,-1,-1,90350,68600,44200,63800,55598,23000,32000,32000,39000
8975,10,28000,2,1,28000,40000,9,9,17025,-3,-2,21000,25000,-2,-2,-2,-2,-2,-1,-2,-2,-2,-2,-2,-2,35000,-2,46000,-1,-2,-2,-2,-1,-1,-3
8976,10,-3,2,1,-3,15000,28,29,27774,-3,-5,19320,10328,13000,-2,-1,35000,-2,40000,70000,-2,-1,-2,-2,-1,-2,-5,-1,-5,-5,-1,-5,-5,-5,-5
8977,13,30000,2,2,30000,38000,20,23,18309,35000,28000,30000,38600,40000,42000,-2,43000,66000,69000,64000,78000,87300,79000,88000,-2,-2,-2,67000,74000,86000,107000,105000,96000,90000,201000
8978,10,30000,2,1,30000,-3,32,46,52653,23000,30000,30000,35000,-5,-5,-5,-5,-5,-5,-5,-5,-5,-5,-5,-5,-5,-5,-5,-5,-5,-5,-5,-5,-5,-5
8979,10,8000,2,1,8000,7000,38,41,41388,9300,10800,12000,-2,17500,-2,2880,-2,9000,16000,10000,10000,30000,36300,28800,29000,31000,21750,6840,-5,-5,-5,-5,-5,-5,-5
8980,10,30000,2,1,30000,23000,8,5,3914,-3,50000,36000,-2,12000,13000,19000,19000,22000,-2,-5,-2,-2,-2,-1,30000,-2,-5,-5,-5,-5,-5,17000,0,0,-5
8981,13,10000,2,2,10000,10000,49,51,57080,11000,23000,6000,0,37500,14000,86000,24000,25000,35000,8000,-1,25500,19000,25000,32000,33000,38000,-5,-5,38700,40000,43000,43000,44000,45000
8982,13,17000,2,2,17000,25000,40,36,47800,-3,19000,15000,20000,20000,15000,32537,7430,10000,14000,11500,7408,15049,16000,18167,27282,-5,46280,49440,51800,58623,21400,23800,32000,32000,35000
8983,10,-3,2,1,-3,23000,46,48,55818,32000,11800,-2,9476,-5,11263,12675,13060,-2,36700,-2,38000,41000,-2,65000,111080,-2,48100,44000,130400,60000,50000,66000,-5,55000,50000
8984,10,15840,2,1,15840,7200,26,24,28297,4800,-3,-2,-2,15000,11000,-2,5000,-2,12000,13000,10000,10000,-5,-2,-2,-5,-5,-1,-5,-5,-5,-5,-5,-5,-5
8985,13,-1,2,2,-1,15000,7,8,8508,12000,12000,-1,-1,-2,-2,3459,7000,9000,2500,13000,-5,-5,12000,17000,15000,18000,-5,-5,-5,-5,-5,-5,-5,-5,-5
8986,10,18000,2,1,18000,-3,46,42,39340,13000,38500,-2,30000,-2,-2,16000,16500,20000,25000,27050,45150,-2,57000,-2,-1,101500,90000,100000,128250,183200,116000,130000,157000,167600,169050
8987,10,18000,2,1,18000,-3,1,1,1644,18000,-2,-2,3000,-2,15000,-2,10740,-2,0,0,3900,8580,6012,6936,0,5000,3000,-5,5000,0,10320,0,7268,0,0
8988,10,18000,2,1,18000,-3,2,5,14908,-3,30000,-2,30000,5050,-2,-2,-2,-2,300,600,0,0,0,0,0,0,3000,-5,-5,-5,-5,-5,-5,-5,-5
8989,10,-2,2,1,-2,520,4,4,2968,-3,-2,4100,3000,-2,-2,-2,0,-2,2300,200,-2,5000,-2,-2,20000,65000,-5,-5,68000,3500,-2,-2,-2,-2,35000
8990,10,-2,2,1,-2,28000,6,5,5472,7000,15000,-2,-2,-2,-2,-2,-2,-2,-2,-2,33000,34000,-5,109000,-2,-2,-2,-2,-2,-2,-2,-5,-5,-5,-5
8991,10,-2,2,1,-2,28000,10,7,11045,-3,75001,62000,75001,-2,80000,42000,36000,48000,55000,60900,65000,58000,50000,54000,-2,-2,-2,140000,116809,100400,-5,-5,-5,-5,-5
8992,10,-2,2,1,-2,5000,1,6,4242,-3,-2,-2,-2,6000,-2,-5,-2,-2,5000,-2,-2,11000,-2,10000,-5,-2,-2,-2,11568,67,-2,10020,8820,-2,-5
8993,10,-2,2,1,-2,-3,-3,-3,510,-3,-2,-5,-5,-5,-5,-5,-5,-5,8000,10500,-2,-2,-2,-2,-5,25000,-2,-1,0,6600,18000,8400,-2,8400,-3
8994,10,15000,2,1,15000,20000,36,42,40654,75001,24000,30912,-2,27000,30000,-2,16000,21000,22000,25000,26000,26000,-2,36500,48000,-2,-1,109000,139000,82000,-2,93000,108000,91000,-3
8995,10,30000,2,1,30000,25000,27,38,33966,-3,14500,30400,23500,-2,55000,53000,52500,65400,146942,-2,-2,58000,50800,19000,50000,15000,69000,-5,9000,120000,-5,160000,0,85388,5000
8996,13,30000,2,2,30000,25000,13,18,18981,27000,25000,21000,21000,-2,55000,10000,54200,60400,39000,40575,63000,67000,69000,81000,77550,68000,83700,91500,91004,105000,260000,-2,-5,93632,-5
8997,10,-2,2,1,-2,32000,63,79,67738,-3,18600,21900,26030,31012,-3,34000,-2,49000,-5,40000,-5,-5,-5,-5,-5,-5,77700,-5,-5,-5,-5,-5,-5,-5,-5
8998,10,32000,2,1,32000,30000,10,7,3450,30000,30000,30000,29000,35000,25000,39000,-2,15000,-5,-5,-2,-2,-2,-2,-2,-1,-5,-2,50000,-2,-2,30000,39000,-1,-3
8999,10,-4,2,1,-3,6500,13,9,17943,6319,20000,14300,17000,15229,14800,28000,19900,-5,43400,-2,35000,-2,-2,72448,56000,110000,91270,102448,88616,145000,165052,191452,162396,159106,41174
9000,12,6000,3,2,6000,-3,1,2,3329,11000,16700,21560,-2,20224,3294,2000,-5,-5,-5,-5,-5,-5,-5,-5,-5,-5,-5,-5,-5,-5,-5,-5,-5,-5,-5
9001,9,6000,3,1,6000,-3,1,1,766,15200,11500,9484,9008,-5,-5,-5,-5,-5,30000,-5,-5,-5,-5,-5,-5,-5,-5,-5,-5,-5,-5,-5,-5,-5,-5
9002,9,5024,3,1,5024,-5,2,3,2154,-3,-3,20000,7109,45714,-2,114,13344,15416,5720,-5,-5,-5,-5,-5,-5,-5,-5,-5,-5,-5,-5,-5,-5,-5,-5
9003,9,5024,3,1,5024,4500,8,11,14027,3700,8500,25000,10000,7000,30000,18000,100000,-2,-2,-5,-5,-5,-5,-5,-5,-5,-5,-5,-5,-5,-5,-5,-5,-5,-5
9004,12,5024,3,2,5024,4500,6,11,34698,3700,-2,25400,26580,45714,-2,46000,39000,34000,-2,-5,-5,-5,-5,-5,-5,-5,-5,-5,-5,-5,-5,-5,-5,-5,-5
9005,10,-4,2,1,7000,-3,13,11,11898,9120,-5,10000,24000,-5,-5,-5,26720,28500,-2,12000,10600,-2,-2,-2,12400,-2,39500,48000,-1,30354,39040,26784,37024,29264,-3
9006,10,-4,2,1,-3,5067,-4,-4,-4,400,-1,3000,13000,-5,17000,23000,27000,-1,-1,-2,43000,-2,-2,-1,1300,15000,5760,-2,2000,1200,8568,8988,10104,-2,8808
9007,12,-4,3,2,7000,-3,47,55,50534,24600,32000,6600,8099,8856,8536,8996,18800,22600,29800,-5,-5,-5,-5,-5,-5,-5,-5,-5,-5,-5,-5,-5,-5,-5,-5
9008,10,26000,2,1,26000,27000,7,6,4559,-3,-2,45000,50174,16000,20000,34000,21000,9000,10896,13300,13500,15500,13000,-2,-5,-2,-5,35000,27500,28000,27000,31273,0,0,-5
9009,10,26000,2,1,26000,42000,4,4,4625,8000,-2,75001,-2,28472,-2,14920,-2,30000,-2,-2,-2,-2,17000,-2,-2,-2,25514,32508,24000,89600,34092,25896,38952,24000,10600
9010,10,17000,2,1,17000,42000,8,13,20259,-3,-2,19262,50174,-2,19743,59990,39000,54150,-2,57800,55000,63000,60200,71087,-2,39000,48720,39768,44236,48000,48002,42524,80008,88919,-5
9011,13,17000,2,2,17000,40000,30,25,32273,-3,-2,-2,45000,-5,-5,-5,25411,-2,-5,-1,-5,-5,-5,-5,-5,-5,-5,-5,-5,-5,-5,-5,-5,-5,-5
9012,13,3928,2,2,3928,-3,33,34,30922,9800,17000,8732,12900,16481,12786,13684,14223,16015,16050,14007,18015,18213,20000,-2,35150,-2,30100,36100,42000,45000,-2,35050,50000,-2,52000
9013,10,-4,2,1,10008,11600,20,20,17459,13500,12900,10000,10000,18000,14426,17010,18000,18000,24000,30010,-2,-2,-2,37040,-2,45000,49360,60400,63400,61600,69247,45868,54720,61200,52000
9014,10,-4,2,1,8000,29000,9,4,1088,24000,13190,11000,-2,22000,38600,51000,25000,20000,-2,-5,-2,-2,29200,30000,-2,42000,112000,131000,128000,140000,155000,185000,210000,210000,-3
9015,10,42600,2,1,42600,61600,6,12,12500,28490,33650,45700,39560,46920,27740,44200,88500,79600,69150,159805,97500,-2,-2,-2,77000,77500,96000,220000,191000,121000,185000,497763,175000,-2,192000
9016,10,42600,2,1,42600,61600,28,35,47932,-3,21920,-2,-2,8000,18036,17046,15035,14400,14000,-2,-2,-2,-2,-2,-2,120000,130000,-2,92800,139000,116436,120800,-2,-2,94600
9017,10,42600,2,1,42600,1600,13,12,12975,7000,17000,-2,-2,6148,30000,-2,12000,18000,36500,-2,-2,22691,6210,55000,-2,58000,-2,-1,-5,-5,-5,-5,-5,-5,-5
9018,13,17090,2,2,17090,16630,6,6,4662,14750,-2,18000,15000,18000,17000,30600,2000,26804,-3,12800,12000,12430,38300,39004,44000,40848,17000,20600,21800,19872,22000,29120,29000,39500,40000
9019,13,12075,2,2,12075,11000,34,57,67631,3400,30000,9509,11100,40000,40000,4467,9320,7954,9684,21899,11353,10748,11490,-2,-5,12792,9792,9888,-5,-2,-2,12460,11182,19540,82828
9020,10,75001,2,1,75001,12160,34,29,33960,2747,4760,-2,4237,7140,10681,-2,-2,-2,-2,-2,-2,-2,-2,-2,-1,2832,-5,30000,17142,38051,30000,37109,42729,-5,-3
9021,13,7500,2,2,7500,6500,2,3,1439,8000,12000,-2,14000,-2,-2,0,29240,-2,30000,15000,-5,-2,32076,-2,15600,20000,19000,20000,23000,25376,2400,13000,-2,19000,6100
9022,10,14000,2,1,14000,7000,8,8,5699,8000,12000,-2,-5,-5,-5,-5,-5,-5,-5,-5,-5,-5,-5,-5,-5,-5,-5,-5,-5,-5,-5,-5,-5,-5,-5
9023,13,14000,2,2,14000,7000,16,12,7775,8000,12000,-2,14000,-2,-2,-2,-2,-2,-2,28706,8368,-2,-2,-5,-5,-5,-5,-5,-5,-5,-5,-5,-5,-5,-5
9024,9,4056,3,1,4056,28200,78,72,77054,12000,9000,12000,8500,28000,11900,20300,8237,842,-5,-5,-5,-5,-5,-5,-5,-5,-5,-5,-5,-5,-5,-5,-5,-5,-5
9025,12,-4,3,2,9752,-3,2,4,3497,5500,5244,3990,7726,-2,5344,7792,9648,3900,12852,-5,-5,-5,-5,-5,-5,-5,-5,-5,-5,-5,-5,-5,-5,-5,-5
9026,9,8000,3,1,8000,10000,12,12,18641,19050,11000,18000,25000,20000,15000,19500,18000,12000,8000,-5,-5,-5,-5,-5,-5,-5,-5,-5,-5,-5,-5,-5,-5,-5,-5
9027,9,-4,3,1,6000,10300,80,80,77821,12500,15400,32040,32040,29510,26542,40800,39500,44050,43500,-5,-5,-5,-5,-5,-5,-5,-5,-5,-5,-5,-5,-5,-5,-5,-5
9028,9,6500,3,1,6500,6700,12,15,37365,8000,10000,9000,13000,13000,15000,10000,40000,-2,-2,-5,-5,-5,-5,-5,-5,-5,-5,-5,-5,-5,-5,-5,-5,-5,-5
9029,13,29000,2,2,29000,18000,31,28,32286,17000,24000,-2,18000,13050,14000,27567,15000,18100,21200,32000,27290,29000,26000,37500,-1,40220,-2,49087,48600,68000,-2,66000,54000,22000,61113
9030,10,-2,2,1,-2,-5,12,12,12208,-3,8360,15233,15295,23000,27300,-2,30000,29000,39600,43000,39589,-2,36160,51500,21000,27000,29000,25000,49000,-2,-2,48000,21500,53000,30600
9031,10,-2,2,1,-2,6836,1,1,4270,14000,8156,6732,5810,8100,13200,16015,17000,18520,21000,25000,28500,30000,42000,42000,32000,50123,55500,53000,78342,51000,75000,98000,64400,66000,70000
9032,10,-2,2,1,-2,6836,25,27,32677,7500,2000,-3,-2,10000,25000,10000,18000,17000,18000,24000,23000,23000,-5,25000,25000,28000,33000,32000,36000,30000,28000,25000,31000,32000,38000
9033,13,-2,2,2,-2,6836,8,6,16282,8100,-2,-2,10000,12000,3380,24200,24024,32500,32700,45900,37000,39300,33000,72000,47000,-2,-2,108000,75000,-2,75000,62000,45000,94000,8400
9034,10,2000,2,1,2000,7000,49,62,74049,4800,12400,6000,12000,16000,26150,18000,51000,51000,60000,56800,48000,48000,48000,60000,75000,60000,52000,60000,50000,60000,-5,-5,-5,-5,-5
9035,13,2000,2,2,2000,6000,7,7,3682,8200,6000,6000,11468,10000,8000,11380,6300,1057448,-2,21080,-2,-2,-2,41000,35048,-2,-2,40000,57000,82000,45302,20040,10800,36000,27600
9036,10,2000,2,1,2000,5000,1,3,3547,10500,500,-2,11299,9312,-2,1600,3000,6776,25090,4800,612,5760,6432,5400,5928,6000,6552,0,0,7644,9768,9744,-2,2776,-3
9037,13,2000,2,2,2000,5000,13,11,9249,7100,-2,-2,5112,3924,3646,4184,4668,5748,8016,6684,4344,6120,8252,10020,10396,13080,7636,11320,7604,-2,8148,9156,11696,11532,-3
9038,13,8000,2,2,8000,7000,15,20,12507,12000,1068,3524,3624,2796,3612,2844,10226,3093,3266,3408,4512,-2,-2,-2,45000,-2,-2,42100,56500,-2,4924,24444,133819,247996,99860
9039,10,2496,2,1,2496,1944,-4,-4,-4,1500,-5,0,-5,120,-2,0,1000,0,4500,0,0,720,1000,0,192,0,204,-5,0,-5,-5,-5,-5,-5,-5
9040,13,2496,2,2,2496,2624,3,2,5497,6000,-2,9500,14000,15000,-2,14000,28400,31000,-2,30800,25600,33600,25990,26500,50000,46000,-5,-1,-5,-5,-5,12000,13000,-1,-3
9041,12,8304,3,2,8304,18400,-4,-4,-5,-5,-5,-5,-5,9000,10000,11840,2500,-2,9000,-5,-5,-5,-5,-5,-5,-5,-5,-5,-5,-5,-5,-5,-5,-5,-5
9042,10,3500,2,1,3500,7000,5,4,8325,5500,5000,2500,5000,4000,6600,-5,15000,15000,14000,3000,16000,15000,15000,10760,22000,19000,20000,0,18000,15000,-2,-2,8450,0,0
9043,10,1932,2,1,1932,1932,4,1,0,8000,5000,7000,8000,1565,7000,10740,-2,600,11276,9000,12000,18000,18000,26000,-5,-2,-5,-5,-1,-5,-5,-1,-1,-1,-3
9044,10,4912,2,1,4912,6000,6,5,11650,5000,-2,7188,3771,-2,31000,25000,22000,28000,49000,41000,-2,45000,42001,70000,79000,-5,45000,26000,44000,-2,46000,58000,54000,60000,-3
9045,13,1596,2,2,1596,-3,36,34,45129,3600,7116,6000,5742,-3,2304,4067,11650,6660,7000,7700,8450,6950,9844,15000,16000,-2,17000,26074,41000,45000,30000,25000,21450,35000,35000
9046,13,2640,2,2,2640,5864,4,3,4018,4800,4944,2616,3060,3288,3444,3468,2160,10964,9960,4728,12452,2800,-2,-2,3000,-2,18200,7000,7000,8000,9600,8000,8000,-2,9419
9047,13,2640,2,2,2640,5864,14,15,15156,-3,-2,5000,0,-2,3868,-2,0,680,7359,11400,4500,4000,-2,-2,24000,32000,26000,32000,37000,18000,1800,2400,8460,9274,9480
9048,13,-4,2,2,2628,-5,20,17,26196,10256,-5,9000,37500,6360,7740,7344,10508,10110,7200,9468,14004,16632,12316,36600,37008,25000,28000,45000,35000,30000,40000,84790,80000,70000,90000
9049,10,8000,2,1,8000,2000,2,2,2774,8112,-2,1000,385,1728,-2,-2,-2,-2,-2,-2,-2,0,-2,-2,-5,4000,0,0,0,-5,-5,0,-5,-5,-5
9050,13,2582,2,2,2582,3740,2,1,525,5000,3600,3726,6000,5724,4350,5046,-2,-2,3400,-2,-2,47402,-2,-2,32760,37458,-2,-2,-2,-2,-2,15588,13728,16272,8160
9051,10,7700,2,1,7700,6218,2,1,187,8000,-2,8500,7000,7000,11000,-2,15000,-2,-2,-2,-2,-2,-2,-2,-1,-2,-2,-1,15960,3000,2388,-5,4268,-2,9744
9052,10,5300,2,1,5300,6272,4,4,1999,6100,6200,7500,13352,1100,2000,8000,-2,-2,-2,-2,-2,-2,-2,-2,-2,8032,24000,-2,35000,49000,44687,7424,10008,10165,10224
9053,13,-2,2,2,-2,-3,4,3,2042,4156,10132,5016,5498,5805,6060,5808,7648,6124,7252,8636,6540,6564,16164,19632,-2,-2,33200,48000,0,0,24820,-2,17204,4248,4280
9054,10,4380,2,1,4380,5000,1,1,383,3000,-2,3000,3500,3500,3720,0,7152,-3,-5,264,185,5434,-2,17316,25928,-5,-2,12368,6000,-5,-5,-5,-5,-5,-5
9055,10,-4,2,1,-3,4500,5,4,1449,9200,12500,3500,9358,4500,6300,1584,-2,4510,0,-2,13000,18000,8084,15000,874,8640,9120,6072,8016,8160,9876,8806,9636,9099,9276
9056,10,4460,2,1,4460,2500,59,56,59486,4500,6500,5500,9358,6500,6300,8000,16000,17823,16000,22000,17050,25000,29150,30000,36000,37200,42000,44000,56000,87000,68000,-5,-5,-5,-5
9057,13,6956,2,2,6956,2500,6,5,14933,6000,8000,8500,9358,5000,6300,-2,1000,10170,8850,9620,15696,9696,15606,10100,10000,14000,26500,50000,36000,34000,52000,40000,30000,50000,38000
9058,10,2380,2,1,2380,7460,16,16,19026,3000,-2,7500,16000,11000,23660,0,9500,6000,-2,-2,-2,-2,46303,11997,11400,-2,-2,-2,48809,-2,0,2400,45189,-2,-3
9059,10,2380,2,1,2380,7460,49,66,69315,2900,-2,8000,4500,10000,7000,35000,18900,19350,-1,23000,21030,26850,27335,27050,-5,-5,57300,60038,52000,42000,-2,34000,0,50000,42000
9060,13,-4,2,2,7404,-5,6,9,4698,5280,12536,8016,8676,3320,9192,5880,6984,-2,7968,15648,10896,10236,20080,-2,-2,-2,800,-5,-5,-5,-5,-5,-5,-5,-5
9061,10,3700,2,1,3700,-3,8,7,21326,7200,6000,7200,7200,12000,12000,0,4000,16300,12000,-2,-2,608,15722,-2,0,-1,15000,28600,27500,16640,8000,12400,20000,32000,12000
9062,10,-1,2,1,-1,-3,74,66,54176,0,8000,7600,-2,11200,-2,-2,25895,14500,-2,17000,12250,7000,10720,10000,-5,30000,-5,-5,28522,-5,8712,14000,1240,-5,24000
9063,13,5184,2,2,5184,7440,9,10,8817,8088,2874,4599,4548,5923,5239,12652,5065,5534,7724,43955,7850,5012,-2,7376,3348,2820,1656,0,0,1668,8148,8892,8943,28088,24896
9064,13,5184,2,2,5184,7440,32,29,37690,8088,9716,2910,6036,4848,6348,7512,7716,7524,7848,9490,9947,-3,-2,14000,13640,-5,14047,-2,19040,-2,13150,-2,38368,-2,38000
9065,13,-2,2,2,-2,7615,23,15,10737,-3,8350,20000,24267,22000,25080,42000,11704,20000,19000,31000,25500,26000,12000,13000,22200,20400,28004,25789,28000,32000,31000,-1,-2,114600,-3
9066,10,9027,2,1,9027,-3,12,12,12730,-3,59000,3100,17000,22600,23000,30000,28500,31000,23000,25000,25000,50500,48000,-2,48020,73000,91000,57000,96000,108000,92000,115000,100000,100000,112000
9067,13,8240,2,2,8240,24588,35,32,38843,-3,50000,11272,11017,24000,26000,30000,28503,48600,57000,52030,62000,46000,-2,40600,37100,67800,88500,100596,-2,-1,58295,60000,21000,27500,148400
9068,10,8240,2,1,8240,24588,4,3,6715,-3,50000,18000,30000,-2,24000,-2,10600,11304,16000,15760,6000,-2,17807,-2,-2,6000,-2,9000,26900,-2,10371,10000,10000,0,12000
9069,10,8240,2,1,8240,24588,8,6,6783,3450,7200,7754,-2,25000,30000,45000,32000,-2,-2,54000,72000,54000,81000,83000,106000,81000,79000,159880,82000,113000,124030,110000,85000,118000,90000
9070,13,12000,2,2,12000,-3,13,8,14983,-3,19023,25000,10000,-2,-2,-2,-2,-2,-2,-2,20000,30000,29400,37000,29500,-2,25000,23640,23000,24000,22000,22000,23000,22000,27000
9071,10,12000,2,1,12000,-3,6,1,2202,-3,-2,9000,15500,10000,8000,-2,1500,3000,-5,-5,-5,-5,-5,-5,-5,-5,-5,-5,-5,-5,-5,-5,-5,-5,-5
9072,10,2308,2,1,2308,2497,6,6,29399,4000,6584,3000,-2,300,4800,11120,17000,18000,30330,16000,15000,16000,-2,41000,-2,41000,20280,23800,35800,30660,28360,23940,-2,15516,14700
9073,10,8118,2,1,8118,10336,2,2,3351,8133,14764,17563,-5,24000,20000,19304,24215,24127,17020,27546,33000,30000,34260,41953,-2,29024,-5,0,2000,0,-5,-5,-5,-5,-5
9074,13,3083,2,2,3083,3315,1,2,1044,-3,5572,-2,4856,6408,6180,6444,6120,4425,6960,4284,9036,3752,8975,-2,7200,-5,2940,1692,0,1968,600,1543,732,-2,8844
9075,10,13000,2,1,13000,12000,47,50,46301,14000,18000,25000,20000,22000,23375,28000,33100,26400,32160,33150,36500,44150,42100,43100,58200,-2,40000,33200,48000,56000,104000,120000,116000,117000,102000
9076,10,12000,2,1,12000,12000,6,4,2222,-3,-2,11200,-2,15039,4324,10000,6000,-2,-2,0,-2,10000,-2,-2,-2,12000,-2,-2,5000,-2,8800,3000,27000,1200,55000
9077,10,12000,2,1,12000,12000,13,12,13469,-3,-2,11200,-2,-2,10000,7000,5000,0,2000,0,0,0,0,0,1220,-2,-2,-2,19500,-2,0,-2,-2,15000,-3
9078,10,10000,2,1,10000,12000,9,11,7492,-3,-2,5000,3600,7000,4600,-5,12500,9500,35000,10000,-5,35000,12000,7000,-5,-5,-5,-5,-5,-5,-5,-5,-5,-5,-5
9079,10,2972,2,1,2972,-3,11,11,12964,-3,-2,252,2736,9000,3237,7000,17000,15000,7000,11000,5000,755,4889,-2,12480,12000,12000,26000,17000,18000,-5,-5,-5,-5,-5
9080,13,-4,2,2,3088,3940,5,5,13216,3708,5136,5520,5664,5145,9360,5999,6408,6980,10304,9446,-2,6740,10881,8366,-2,21678,-2,-2,800,23600,24000,-2,-2,0,-3
9081,13,2400,2,2,2400,-3,5,5,6535,13880,4880,1690,-2,2440,1000,4000,17200,22000,20921,25176,5000,18000,-2,17000,25014,18000,-2,39000,58000,36236,17028,-2,1980,2532,28339
9082,9,1200,3,1,1200,5000,11,15,23267,52000,18000,12226,11862,24600,14500,13640,18000,18000,25000,-5,-5,-5,-5,-5,-5,-5,-5,-5,-5,-5,-5,-5,-5,-5,-5
9083,9,-2,3,1,-2,-5,-4,-4,-5,-5,28000,53000,16000,31000,56000,80000,82400,50000,87500,-5,-5,-5,-5,-5,-5,-5,-5,-5,-5,-5,-5,-5,-5,-5,-5
9084,12,-2,3,2,-2,-3,42,32,42046,-3,-2,-2,-2,28000,23000,23000,-2,35000,30000,-5,-5,-5,-5,-5,-5,-5,-5,-5,-5,-5,-5,-5,-5,-5,-5
9085,9,-4,3,1,3000,-5,-4,-4,-5,-5,-5,-2,0,0,8000,-5,-5,-2,-5,-5,-5,-5,-5,-5,-5,-5,-5,-5,-5,-5,-5,-5,-5,-5,-5
9086,12,-4,3,2,-2,-3,29,19,18762,7000,1000,-2,-2,-2,-2,-5,-5,-2,-5,-5,-5,-5,-5,-5,-5,-5,-5,-5,-5,-5,-5,-5,-5,-5,-5
9087,12,-4,3,2,-2,19000,-4,-4,-4,12000,16000,35000,20000,21000,20525,29500,-2,17000,27000,-5,-5,-5,-5,-5,-5,-5,-5,-5,-5,-5,-5,-5,-5,-5,-5
9088,9,-2,3,1,-2,5676,2,3,3812,5684,7040,11640,-2,14640,15889,42500,-2,35987,38000,-5,-5,-5,-5,-5,-5,-5,-5,-5,-5,-5,-5,-5,-5,-5,-5
9089,10,-2,2,1,-2,-5,-4,-4,-5,-5,-5,8015,-5,-5,-5,-5,-5,-5,24000,-5,-5,-5,-5,-5,-5,-5,-5,-5,-5,-5,-5,-5,-5,-5,-5
9090,10,-3,2,1,-3,-3,6,2,1715,19000,18000,16501,24800,24000,-2,12000,43000,-2,12000,1344,16160,-3,2160,-5,-5,49143,-2,-2,-1,-1,-2,-5,-1,-5,-5
9091,10,-2,2,1,-2,10000,31,29,24569,32000,30000,2500,7000,12500,16060,41100,44500,43080,-3,54000,52000,57400,55100,60200,-5,-5,-5,-5,209000,115000,80000,80000,81000,115000,125000
9092,13,-2,2,2,-2,-3,41,34,34777,7000,7700,8000,-2,15000,-2,6000,9800,10200,34204,28200,32500,31160,34500,50050,27550,27000,26000,51000,67200,76000,85000,83000,88000,95000,-5
9093,10,-3,2,1,-3,18000,5,4,2004,-3,18000,20000,-1,365,-2,198,500,5749,-2,3400,8000,4000,5000,0,-2,-2,-2,13900,9500,-2,-2,10500,2000,4777,-3
9094,10,-2,2,1,-2,12000,8,8,7223,8962,10337,-2,17000,19000,24818,36000,18476,28338,11000,18628,16940,-2,-2,-2,30000,10296,10884,11148,47000,36440,13464,13920,-5,-5,-5
9095,13,-2,2,2,-2,12000,21,16,14880,2600,7200,7000,36120,25000,8000,4800,8700,23484,44000,32500,15200,13000,30500,34500,40630,68600,31200,32500,46200,36000,57000,70000,48000,45000,44000
9096,10,-2,2,1,-2,3300,11,7,16127,7344,-2,10800,12473,-3,-2,32000,34000,54500,26000,20000,21584,10504,13880,26872,28000,30000,3000,26000,21020,25000,12900,34000,100000,32000,35000
9097,10,-2,2,1,-2,12000,5,8,17382,15000,16000,14000,36120,25000,13000,25000,25000,54000,38300,-5,22000,3000,32000,28000,38000,-2,32703,36000,64000,69000,90000,40000,65000,63000,96000
9098,10,-4,2,1,-2,8400,8,17,13606,10800,23000,1000,5000,8000,-5,23000,16000,4200,28000,-2,-2,18700,20000,9000,28000,28000,1600,16000,1500,7000,10000,-5,-5,5000,20000
9099,10,9800,2,1,9800,9725,46,59,59367,10000,-2,-2,9570,21300,-2,5000,-2,-1,25300,35050,34373,41520,44020,46020,-2,-2,-2,-1,-1,96020,102080,103000,104000,112000,-3
9100,13,9800,2,2,9800,9725,19,25,32559,-3,9735,15095,-2,-2,-2,17850,11200,12100,22200,18000,31000,33000,27000,17072,29770,16490,-2,29040,29060,25000,85072,74000,76000,-2,55000
9101,13,-4,2,2,290,6760,1,1,1262,3000,0,3000,4776,5064,6156,7560,5844,6320,8496,12720,15194,13988,14052,15500,7000,12092,11257,12635,7489,10300,9184,16400,0,-2,-3
9102,10,-2,2,1,-2,6000,22,25,33854,1500,6120,12000,8076,8384,-2,15100,14613,-2,-2,43000,39000,47000,35375,35000,60000,38000,76000,61000,62000,61000,-5,80000,70000,75000,75800
9103,12,-2,3,2,-2,22000,84,84,87791,25600,23028,25000,22100,22144,30480,32015,34010,36030,42800,-5,-5,-5,-5,-5,-5,-5,-5,-5,-5,-5,-5,-5,-5,-5,-5
9104,12,16000,3,2,16000,1460,27,24,31673,4248,860,5600,8660,17202,30200,-2,3245,9622,1920,-5,-5,-5,-5,-5,-5,-5,-5,-5,-5,-5,-5,-5,-5,-5,-5
9105,9,7162,3,1,7162,615,28,29,38767,7160,2000,3060,9000,17202,50000,20289,37352,45732,49320,-5,-5,-5,-5,-5,-5,-5,-5,-5,-5,-5,-5,-5,-5,-5,-5
9106,13,-2,2,2,-2,4800,11,8,7495,4800,5600,6410,10000,6000,6500,7012,13000,14300,17000,-2,-2,12200,0,30000,0,34800,-2,8000,-1,-2,-1,30000,-1,-1,-3
9107,10,14000,2,1,14000,12000,28,29,20581,25800,21000,20210,29500,14000,22903,16700,31000,8000,12182,8380,-2,21000,23100,16000,30000,40000,37000,47000,49000,80000,62000,-2,-2,-2,-5
9108,13,3000,2,2,3000,15000,8,4,5028,-3,8327,13788,4524,6028,16251,6684,7340,6744,9377,5508,8400,10969,14176,12344,14644,-2,10600,15175,9741,4160,11260,3600,2364,0,9864
9109,13,8720,2,2,8720,6704,8,8,12457,10710,4872,5706,-5,3400,2830,-2,19000,23000,27000,25000,29000,35000,32000,-2,28000,18700,39000,24800,23572,23800,33104,18000,2172,25000,25000
9110,10,8000,2,1,8000,17000,8,11,17864,13000,8000,18000,25000,25105,28000,30000,35000,45900,35150,41000,45300,54000,25000,20250,-2,65000,54000,-2,120000,54000,59000,52000,37200,18000,35000
9111,10,8000,2,1,8000,11000,6,5,6508,13000,-2,9000,11000,-5,25400,-5,-5,6604,-5,-5,-2,-2,0,-2,-5,-5,-5,-5,-5,-5,-5,-5,-5,-5,-5
9112,10,9035,2,1,9035,15026,14,19,26823,16000,15000,19000,19000,15400,24111,18300,42800,-2,42300,49636,54000,58500,43500,36000,44400,55654,43400,-5,45000,49000,51000,51000,48200,89056,49700
9113,13,7200,2,2,7200,7000,11,13,13366,8700,4000,11280,10000,13600,27485,28924,38550,39800,-2,88000,-2,-2,-2,18176,36500,-1,59000,58000,48948,35200,64000,65000,73049,76000,78041
9114,10,2424,2,1,2424,5688,34,42,53274,4000,4800,5648,3832,6340,5860,-2,-2,-2,13300,12344,11100,-2,-2,-2,20212,13000,35000,3000,11788,15000,20000,-5,-5,-5,-5
9115,13,9744,2,2,9744,9200,35,50,53750,15000,21298,23528,26456,6200,9088,33850,29738,21000,59856,-2,11070,12000,26500,45000,48443,54108,104890,120000,139000,80000,82000,-2,100200,93000,113000
9116,10,9744,2,1,9744,9200,24,20,20713,11456,21298,23528,26456,18000,14000,30805,11000,7000,13000,58000,52000,2500,16300,35000,0,18000,16000,47000,86000,60000,12000,15000,18000,18000,45000
9117,13,7930,2,2,7930,6500,59,61,50682,-3,18956,25000,32700,34400,36100,41100,42000,49200,47600,53510,49030,58900,59000,63050,68040,117000,83575,-2,96030,112000,110000,110000,123000,127000,138000
9118,12,18000,3,2,18000,60000,80,73,78285,40000,6000,4841,38437,14000,7582,6384,11400,6814,9604,-5,-5,-5,-5,-5,-5,-5,-5,-5,-5,-5,-5,-5,-5,-5,-5
9119,12,8000,3,2,8000,-5,-4,-4,-4,-3,-5,-1,-2,25000,20300,-5,-5,-5,63000,-5,-5,-5,-5,-5,-5,-5,-5,-5,-5,-5,-5,-5,-5,-5,-5
9120,10,4800,2,1,4800,-3,30,35,45893,-3,12000,23000,-2,14000,7000,-5,-5,-5,-5,-5,-5,-5,-5,-5,-5,-5,-5,-5,-5,-5,-5,-5,-5,-5,-5
9121,10,4800,2,1,4800,-3,13,7,5380,20000,14000,2530,15200,9500,12800,12000,17000,-5,-5,-5,-5,-5,-5,-5,-5,-5,-5,-5,7000,8000,15000,16800,1980,-5,-5
9122,12,-4,3,2,-2,-3,25,27,28771,-3,-2,33600,12244,9504,6720,17464,0,6000,9450,-5,-5,-5,-5,-5,-5,-5,-5,-5,-5,-5,-5,-5,-5,-5,-5
9123,9,4480,3,1,4480,4320,1,4,15660,4800,3000,4320,4320,-2,9000,-2,-2,-2,10700,-5,-5,-5,-5,-5,-5,-5,-5,-5,-5,-5,-5,-5,-5,-5,-5
9124,12,5800,3,2,5800,-3,5,5,2761,3691,5811,7416,3576,5668,5416,-2,9020,2316,892,-5,-5,-5,-5,-5,-5,-5,-5,-5,-5,-5,-5,-5,-5,-5,-5
9125,9,5800,3,1,5800,5000,20,24,41889,6690,4800,-2,55000,-5,-5,-2,20000,29500,29550,-5,-5,-5,-5,-5,-5,-5,-5,-5,-5,-5,-5,-5,-5,-5,-5
9126,12,7500,3,2,7500,9500,67,80,93030,450,12714,800,14000,13500,14000,1100,8615,10348,22694,-5,-5,-5,-5,-5,-5,-5,-5,-5,-5,-5,-5,-5,-5,-5,-5
9127,12,6000,3,2,6000,8328,18,25,33255,-3,8500,804,2191,1600,7200,8091,10440,12185,12396,-5,-5,-5,-5,-5,-5,-5,-5,-5,-5,-5,-5,-5,-5,-5,-5
9128,9,-1,3,1,-1,7500,42,80,79207,20000,4800,2500,9000,13576,22000,21800,10000,17088,16500,-5,-5,-5,-5,-5,-5,-5,-5,-5,-5,-5,-5,-5,-5,-5,-5
9129,12,7800,3,2,7800,11000,2,3,5847,10803,14317,0,-2,-1,7000,-5,-5,7300,7440,-5,-5,-5,-5,-5,-5,-5,-5,-5,-5,-5,-5,-5,-5,-5,-5
9130,9,7800,3,1,7800,11000,1,4,7332,10803,14317,10000,11500,14500,13900,-2,-2,30000,-2,-5,-5,-5,-5,-5,-5,-5,-5,-5,-5,-5,-5,-5,-5,-5,-5
9131,9,3600,3,1,3600,8000,-3,-3,8030,11000,8000,11020,13000,15000,15000,13000,15000,14500,27000,-5,-5,-5,-5,-5,-5,-5,-5,-5,-5,-5,-5,-5,-5,-5,-5
9132,9,3600,3,1,3600,6300,4,4,6764,8000,12664,14000,13000,17000,14000,30000,33000,31000,28000,-5,-5,-5,-5,-5,-5,-5,-5,-5,-5,-5,-5,-5,-5,-5,-5
9133,12,3600,3,2,3600,8000,13,18,23782,1400,-5,6000,-2,-2,-2,919,300,1584,-2,-5,-5,-5,-5,-5,-5,-5,-5,-5,-5,-5,-5,-5,-5,-5,-5
9134,14,-4,1,2,12343,14440,75,86,87747,5910,-2,-2,8900,12187,-2,-5,-2,27780,30000,30000,28000,32000,25460,33000,32000,52000,58000,45000,46000,77000,72000,73000,50000,50000,160000
9135,12,13200,3,2,13200,10000,2,1,1912,-3,12000,12000,11000,14500,19611,25000,28000,29000,35000,-5,-5,-5,-5,-5,-5,-5,-5,-5,-5,-5,-5,-5,-5,-5,-5
9136,9,6000,3,1,6000,-5,3,6,14248,500,-5,-2,-2,-5,-5,-5,7000,2000,7000,-5,-5,-5,-5,-5,-5,-5,-5,-5,-5,-5,-5,-5,-5,-5,-5
9137,9,6000,3,1,6000,5900,2,4,4272,500,200,-2,-2,-2,10000,1501,4320,8862,8632,-5,-5,-5,-5,-5,-5,-5,-5,-5,-5,-5,-5,-5,-5,-5,-5
9138,12,6000,3,2,6000,-5,6,9,7133,500,200,2200,7724,7880,7880,2336,13264,13616,14709,-5,-5,-5,-5,-5,-5,-5,-5,-5,-5,-5,-5,-5,-5,-5,-5
9139,12,-4,3,2,13360,2200,31,25,21064,2400,11000,14000,14892,10350,3324,1591,4096,15800,26370,-5,-5,-5,-5,-5,-5,-5,-5,-5,-5,-5,-5,-5,-5,-5,-5
9140,9,6600,3,1,6600,8000,9,10,14008,-3,4000,-2,5000,1300,8000,-2,0,-2,3000,-5,-5,-5,-5,-5,-5,-5,-5,-5,-5,-5,-5,-5,-5,-5,-5
9141,12,6600,3,2,6600,8000,10,10,8595,3374,4000,11229,-2,18000,-2,-2,18000,23000,-2,-5,-5,-5,-5,-5,-5,-5,-5,-5,-5,-5,-5,-5,-5,-5,-5
9142,12,6600,3,2,6600,8000,38,30,18089,-3,4000,2442,2608,3924,4104,1144,4200,4752,2500,-5,-5,-5,-5,-5,-5,-5,-5,-5,-5,-5,-5,-5,-5,-5,-5
9143,12,-4,3,2,25340,-5,-4,-4,-5,-5,-5,-5,-5,-5,-5,6204,5052,5388,5424,-5,-5,-5,-5,-5,-5,-5,-5,-5,-5,-5,-5,-5,-5,-5,-5
9144,14,26000,1,2,26000,27000,53,62,73405,23000,25500,29000,29000,31722,35000,17000,14040,12845,12879,22800,32102,30206,22000,38900,49000,56719,-2,80000,78900,93000,70000,-2,-2,121200,125000
9145,12,-2,3,2,-2,8900,2,5,7457,5880,900,-2,-2,3308,1788,3864,9960,8400,9564,-5,-5,-5,-5,-5,-5,-5,-5,-5,-5,-5,-5,-5,-5,-5,-5
9146,12,-4,3,2,1020,2655,94,88,88465,5420,8190,12112,31100,35100,36100,39200,41300,40200,40200,-5,-5,-5,-5,-5,-5,-5,-5,-5,-5,-5,-5,-5,-5,-5,-5
9147,9,-4,3,1,9525,-5,-4,-4,-5,-5,18600,24250,31100,-5,-5,-5,-5,-5,-5,-5,-5,-5,-5,-5,-5,-5,-5,-5,-5,-5,-5,-5,-5,-5,-5
9148,12,-4,3,2,-2,-3,71,74,59246,-3,-1,-1,-1,-1,-1,11660,15648,19400,12100,-5,-5,-5,-5,-5,-5,-5,-5,-5,-5,-5,-5,-5,-5,-5,-5
9149,10,2220,2,1,2220,4040,1,1,7008,3350,2500,4677,10905,3816,6300,-2,-2,-2,28724,-2,-2,-2,10504,9000,14748,20000,33000,-2,0,36900,-5,20948,-5,-5,-5
9150,12,-4,3,2,4000,5530,98,94,98106,8760,5046,15342,17050,23040,32350,35300,34100,36375,39700,-5,-5,-5,-5,-5,-5,-5,-5,-5,-5,-5,-5,-5,-5,-5,-5
9151,12,-4,3,2,4317,40000,82,87,79499,18000,29100,31450,34421,41238,44231,59800,60100,68800,88600,-5,-5,-5,-5,-5,-5,-5,-5,-5,-5,-5,-5,-5,-5,-5,-5
9152,12,23000,3,2,23000,-3,87,82,69323,-5,-5,-5,-5,-5,-5,-5,-5,-5,-5,-5,-5,-5,-5,-5,-5,-5,-5,-5,-5,-5,-5,-5,-5,-5,-5
9153,12,30000,3,2,30000,-3,85,82,68060,-5,40000,42400,-5,-5,-5,-5,-5,-5,-5,-5,-5,-5,-5,-5,-5,-5,-5,-5,-5,-5,-5,-5,-5,-5,-5
9154,9,18000,3,1,18000,-3,72,62,57593,16200,54850,21800,73015,44320,37810,42000,43020,44300,50040,-5,-5,-5,-5,-5,-5,-5,-5,-5,-5,-5,-5,-5,-5,-5,-5
9155,10,3133,2,1,3133,4400,67,62,65461,5720,2370,12064,15800,15500,12000,11020,13022,4556,5284,4540,14412,-5,-5,3340,7187,7000,8040,9576,-5,-5,-5,-5,-5,-5,-5
9156,13,10000,2,2,10000,14000,5,5,7412,-3,-2,-2,-2,800,9300,-2,25000,-2,-2,1260,-2,3800,12000,12692,13000,19200,16000,-2,27500,1944,8400,12000,12960,14720,-3
9157,13,10000,2,2,10000,14000,14,18,25268,-3,-2,-2,-2,24000,7000,10204,10220,11048,12800,8880,10000,12000,11000,15320,17000,18300,21000,21000,23000,27500,27000,27552,24200,28000,40000
9158,9,-4,3,1,7000,10000,52,40,32309,12000,12220,9000,11000,12000,9500,10000,11000,11500,12500,-5,-5,-5,-5,-5,-5,-5,-5,-5,-5,-5,-5,-5,-5,-5,-5
9159,12,5244,3,2,5244,5689,17,24,21848,4032,5548,23383,11800,10177,12000,11200,3008,1228,7712,-5,-5,-5,-5,-5,-5,-5,-5,-5,-5,-5,-5,-5,-5,-5,-5
9160,9,-4,3,1,8215,-3,99,92,94007,8685,7800,10800,42092,19000,-2,10000,-2,22144,12159,-5,-5,-5,-5,-5,-5,-5,-5,-5,-5,-5,-5,-5,-5,-5,-5
9161,9,-4,3,1,4915,-3,55,50,44210,-3,5600,8600,5600,-2,-2,-2,24000,19400,-2,-5,-5,-5,-5,-5,-5,-5,-5,-5,-5,-5,-5,-5,-5,-5,-5
9162,9,20109,3,1,20109,4500,38,33,37236,-3,-2,-2,17440,9000,-5,16000,18500,-2,-2,-5,-5,-5,-5,-5,-5,-5,-5,-5,-5,-5,-5,-5,-5,-5,-5
9163,9,20109,3,1,20109,-3,30,26,23953,-3,2583,-2,33165,22000,5340,-2,20800,19500,14000,-5,-5,-5,-5,-5,-5,-5,-5,-5,-5,-5,-5,-5,-5,-5,-5
9164,12,20109,3,2,20109,-3,39,29,42608,-3,6480,-2,33165,22000,10000,12000,10000,28700,31344,-5,-5,-5,-5,-5,-5,-5,-5,-5,-5,-5,-5,-5,-5,-5,-5
9165,9,20109,3,1,20109,-3,13,12,16069,-3,-2,-2,33165,12300,10000,-2,-5,-2,10000,-5,-5,-5,-5,-5,-5,-5,-5,-5,-5,-5,-5,-5,-5,-5,-5
9166,10,-1,2,1,-1,4044,18,10,15872,-3,-2,8300,5508,5000,2480,10000,10000,11030,10112,9800,14000,18000,24000,30000,53000,52800,47271,47000,38000,19000,-5,-5,-5,84000,74000
9167,12,5585,3,2,5585,4500,42,39,52139,9184,4058,7504,-2,24200,-2,38000,23050,16000,32000,-5,-5,-5,-5,-5,-5,-5,-5,-5,-5,-5,-5,-5,-5,-5,-5
9168,12,5585,3,2,5585,4500,20,20,30515,9184,3947,7504,5232,5000,7800,6000,11000,20050,15000,-5,-5,-5,-5,-5,-5,-5,-5,-5,-5,-5,-5,-5,-5,-5,-5
9169,9,5585,3,1,5585,3150,65,57,46894,9184,42044,45000,19200,27000,37020,40250,43800,48600,50600,-5,-5,-5,-5,-5,-5,-5,-5,-5,-5,-5,-5,-5,-5,-5,-5
9170,9,-4,3,1,-3,13257,32,31,27505,18000,14349,7612,15816,26050,11420,20000,16000,40000,38000,-5,-5,-5,-5,-5,-5,-5,-5,-5,-5,-5,-5,-5,-5,-5,-5
9171,12,-4,3,2,12000,13257,65,62,53607,18000,13761,7612,15840,26840,13640,20000,16000,37000,34500,-5,-5,-5,-5,-5,-5,-5,-5,-5,-5,-5,-5,-5,-5,-5,-5
9172,12,10640,3,2,10640,14067,12,8,4736,8498,5000,3516,5820,6989,7730,-2,-2,9400,7416,-5,-5,-5,-5,-5,-5,-5,-5,-5,-5,-5,-5,-5,-5,-5,-5
9173,12,10640,3,2,10640,-3,21,16,30455,-3,8262,-2,-2,17500,21000,24000,28000,712,-2,-5,-5,-5,-5,-5,-5,-5,-5,-5,-5,-5,-5,-5,-5,-5,-5
9174,14,15000,1,2,15000,5700,35,38,42476,12000,15100,15000,22149,6700,9214,6080,19900,19900,2400,12604,19920,12000,40766,12504,26000,60025,66290,70515,58000,79535,77780,91390,120000,79720,99160
9175,9,9673,3,1,9673,-3,40,37,32652,10500,7000,8400,10000,9450,9860,13500,12450,19000,22530,-5,-5,-5,-5,-5,-5,-5,-5,-5,-5,-5,-5,-5,-5,-5,-5
9176,9,9673,3,1,9673,-3,23,21,32710,9500,11000,10000,8000,17000,12000,6600,8728,19600,17400,-5,-5,-5,-5,-5,-5,-5,-5,-5,-5,-5,-5,-5,-5,-5,-5
9177,9,5342,3,1,5342,4000,2,3,5441,8409,5900,5696,2388,8900,2332,2000,7000,19365,5000,-5,-5,-5,-5,-5,-5,-5,-5,-5,-5,-5,-5,-5,-5,-5,-5
9178,12,5342,3,2,5342,4000,14,11,8767,8409,5900,5696,6843,8900,4137,4476,5736,5868,5940,-5,-5,-5,-5,-5,-5,-5,-5,-5,-5,-5,-5,-5,-5,-5,-5
9179,12,7600,3,2,7600,8000,17,18,23196,-3,4800,-2,6000,14767,10000,10000,8600,-5,13514,-5,-5,-5,-5,-5,-5,-5,-5,-5,-5,-5,-5,-5,-5,-5,-5
9180,13,9000,2,2,9000,8000,23,15,15414,3575,5640,6192,5880,6588,7260,8232,8592,9672,9900,9995,-5,-5,10662,-2,-5,3800,-5,-5,-5,4800,7400,400,7668,-2,-5
9181,10,6500,2,1,6500,8000,2,2,1386,5880,700,4500,8700,-2,8000,-3,13880,5000,8760,5000,12317,8250,-2,-2,-5,0,16040,-2,-5,82000,265064,8640,77970,922631,-3
9182,13,9000,2,2,9000,5300,15,7,5141,5880,3079,4080,2700,4524,6420,8280,-2,14000,23000,14005,-5,-2,-2,32000,36000,59000,55000,43000,50000,39000,83184,-2,50400,69000,-3
9183,13,7000,2,2,7000,9000,26,26,23368,7200,12424,11160,14000,-2,8000,28164,-2,17740,16896,8388,-2,19726,19872,-2,-2,14232,10836,11712,0,9996,1932,11424,9480,9300,182
9184,9,-4,3,1,7000,10850,33,24,26239,13000,13050,25000,24000,19860,26000,27400,60000,58500,43500,-5,-5,-5,-5,-5,-5,-5,-5,-5,-5,-5,-5,-5,-5,-5,-5
9185,12,-4,3,2,7000,9000,59,51,47179,13000,13050,810,2790,5884,7324,4476,9360,2760,10812,-5,-5,-5,-5,-5,-5,-5,-5,-5,-5,-5,-5,-5,-5,-5,-5
9186,10,4820,2,1,4820,300,3,4,5910,-3,0,-2,0,2800,-2,0,1000,180,1668,1307,1080,924,385,0,-2,-5,-5,-5,-5,0,-5,-5,-5,-5,-5
9187,9,-2,3,1,-2,3672,30,22,31454,3792,-2,400,-2,-2,2975,15729,5609,8360,5500,-5,-5,-5,-5,-5,-5,-5,-5,-5,-5,-5,-5,-5,-5,-5,-5
9188,13,3678,2,2,3678,-3,10,10,11334,22500,32352,-2,15000,14050,15000,29000,35100,-2,8316,34000,37220,38624,43000,45412,21800,53000,74000,66000,59500,24000,46000,66000,84000,32000,30000
9189,10,3688,2,1,3688,2500,46,40,38712,4000,3588,-2,8000,11000,25453,20660,18000,13000,15491,23500,24500,24500,27000,29000,-2,41800,38800,42000,38000,41795,45000,45000,56875,49300,54180
9190,10,-3,2,1,-3,-3,20,17,23091,5000,4800,6000,10000,20000,17600,34800,47000,46000,48000,55000,48000,51000,43600,64000,-5,58600,62000,61000,66200,82200,86200,82000,70000,37752,91000
9191,10,18064,2,1,18064,4210,16,16,16023,-3,20000,25000,23000,-2,27050,32500,35000,12000,44000,-2,50211,54100,49000,43000,59000,-2,76000,83000,79000,73600,55860,49500,70400,64400,87800
9192,13,18064,2,2,18064,22000,12,5,1938,22000,2844,3984,4032,4104,4284,4392,5120,5492,6700,8220,2028,2016,9056,10342,6504,6000,25140,10284,13896,7788,8724,9144,9408,9504,9720
9193,13,18064,2,2,18064,22000,17,15,37585,22000,20000,25000,25000,49000,-2,-2,12960,12000,15000,22000,28000,18000,24000,18600,25000,25000,32000,28000,44200,31400,39000,45200,74400,60000,65000
9194,10,-4,2,1,3985,0,11,7,13782,5852,6122,7488,7417,8175,10120,17400,16255,19111,20900,27000,31320,29200,27396,32000,-1,52000,50000,188000,0,454737,57040,-5,56000,68000,57000
9195,13,12864,2,2,12864,14000,52,44,47228,5668,9480,10149,12284,-2,19588,-5,-3,6350,-2,32200,38560,39060,-2,48800,-2,46600,42000,52000,-2,-2,-1,-2,-2,-1,-3
9196,10,-4,2,1,-3,9468,45,47,47109,19336,18000,18000,15527,22000,12800,8000,-5,-2,37000,15300,24818,34763,-2,34000,-1,-2,3000,43000,70140,57800,92382,85400,134748,94160,74976
9197,10,-4,2,1,4426,6400,51,51,41582,12000,15000,44470,30000,26000,5500,6000,8025,5500,10500,15000,23550,12728,20228,-5,-2,-2,73000,55000,62000,65000,62000,65000,0,14400,-3
9198,10,11000,2,1,11000,15000,37,36,26461,40000,18000,50000,46000,7000,7750,900,-2,19000,7700,10380,22000,12000,4000,-2,-1,-2,-2,-2,-2,23000,25000,21600,30000,24000,29000
9199,13,25000,2,2,25000,33000,52,45,50746,40000,18000,44470,38600,900,300,1372,390,0,500,600,4200,10000,0,0,0,21000,25296,11400,0,12600,118800,13800,8400,14400,-3
9200,10,25000,2,1,25000,33000,8,7,28266,40000,18000,44470,38600,20000,35000,750,2038,20000,12459,15046,8760,3173,2680,13366,-2,18880,25200,19308,-5,-5,-5,-5,-5,-5,-5
9201,13,-4,2,2,3336,4212,12,8,9103,4452,4884,5160,5160,5292,5882,5652,5880,5547,5880,5844,6036,6396,6456,8028,-2,6480,7140,7440,7656,-5,-5,-5,-5,-5,-5
9202,13,6000,2,2,6000,-3,4,2,1262,10866,-5,0,5000,7420,7000,8130,7000,7000,10027,7000,10000,13000,-2,-5,-5,-5,-5,-5,-5,-5,-5,-5,-5,-5,-5
9203,10,10000,2,1,10000,8000,17,18,12739,2800,7000,3000,6000,10500,13000,18000,9000,24000,36500,-1,-1,-3,26000,41900,37000,-5,-5,37000,37000,36000,39000,39000,38000,38000,-5
9204,10,5340,2,1,5340,16600,24,23,33869,-3,-2,-2,10300,9000,12000,17000,29000,22000,22000,22500,27000,32000,-2,37000,12000,17000,30000,29000,30000,28600,35000,0,15100,-2,-3
9205,13,6840,2,2,6840,4600,3,5,3254,-3,-2,-2,-2,-2,7392,7416,7692,7548,8652,4188,4274,9748,11716,-2,-2,-2,25128,8264,3000,-2,16640,-2,-2,1845,-3
9206,13,6840,2,2,6840,4600,8,8,7116,-3,-2,-2,8354,4536,9416,8792,11500,9500,15776,10000,12200,8000,15000,20000,-2,24164,25967,17000,22000,24000,28200,32000,80000,76366,67000
9207,9,-2,3,1,-2,20000,92,97,96929,14037,21000,24100,29100,36118,47200,58200,69200,72500,71200,-5,-5,-5,-5,-5,-5,-5,-5,-5,-5,-5,-5,-5,-5,-5,-5
9208,12,8500,3,2,8500,3360,32,27,24078,10000,8499,4925,6000,6700,7820,13069,18500,31000,20450,-5,-5,-5,-5,-5,-5,-5,-5,-5,-5,-5,-5,-5,-5,-5,-5
9209,9,7000,3,1,7000,8157,79,82,74119,16200,10471,12440,12000,13211,11591,12391,22302,14108,15599,-5,-5,-5,-5,-5,-5,-5,-5,-5,-5,-5,-5,-5,-5,-5,-5
9210,9,7000,3,1,7000,8157,46,42,51322,16200,13000,13400,19000,9010,8000,9220,31200,24900,24900,-5,-5,-5,-5,-5,-5,-5,-5,-5,-5,-5,-5,-5,-5,-5,-5
9211,9,7000,3,1,7000,8157,57,53,65249,16200,4000,12000,18000,10000,11750,15700,-2,21220,26100,-5,-5,-5,-5,-5,-5,-5,-5,-5,-5,-5,-5,-5,-5,-5,-5
9212,9,-4,3,1,12508,15850,73,84,75846,7916,4000,-2,10000,9618,9375,7500,-2,-5,-5,-5,-5,-5,-5,-5,-5,-5,-5,-5,-5,-5,-5,-5,-5,-5,-5
9213,9,11000,3,1,11000,7300,52,64,83164,45000,75000,31440,21860,32000,6130,14056,28660,28850,40550,-5,-5,-5,-5,-5,-5,-5,-5,-5,-5,-5,-5,-5,-5,-5,-5
9214,14,14000,1,2,14000,2000,8,13,10674,0,1660,2292,6360,6636,8292,9854,10932,10512,11340,0,11580,12660,22128,14372,15000,-2,-2,41760,48000,44000,20000,11128,6516,11688,10440
9215,10,8250,2,1,8250,6118,37,33,35608,9000,6000,6500,10000,6000,-2,-2,8940,12040,20015,17015,20050,20000,-2,-2,61100,43600,40000,60500,50000,50000,-5,86000,88000,88000,205000
9216,10,3760,2,1,3760,6118,30,34,44498,9000,6000,6500,10000,30000,-2,53000,39000,81200,-2,9200,-2,17000,-2,-2,-5,-2,45000,33800,27500,37500,-2,0,0,0,0
9217,9,7279,3,1,7279,6669,32,21,27441,6000,5600,7874,5000,15000,22000,-2,9000,3627,13000,-5,-5,-5,-5,-5,-5,-5,-5,-5,-5,-5,-5,-5,-5,-5,-5
9218,9,7279,3,1,7279,6669,16,15,37128,6000,5600,8000,5000,15000,-2,-2,17150,-2,28800,-5,-5,-5,-5,-5,-5,-5,-5,-5,-5,-5,-5,-5,-5,-5,-5
9219,13,3200,2,2,3200,5000,32,35,38744,5090,2014,3800,13777,12337,15805,-2,18500,18020,20000,22236,16000,18000,18000,16000,18000,-5,2832,2548,15500,-5,-5,25000,32600,28000,35000
9220,14,-4,1,2,4512,4476,17,13,12922,4164,9859,-2,8500,6516,8568,-2,-2,-5,34000,43000,-5,-5,53600,-5,-5,-2,-1,30000,54000,62000,-5,32000,32000,34000,32000
9221,14,-2,1,2,-2,10000,22,18,13090,22000,-2,-2,12000,-2,60000,26000,33000,-2,46500,48000,48000,50000,55000,-5,130000,-5,-5,-5,-5,-5,-1,32340,-5,63087,-5
9222,14,-2,1,2,-2,10000,12,10,8018,22000,-5,-2,-2,-2,-2,-2,35214,34000,17580,5960,852,8400,7908,-2,10780,7440,0,0,9900,12636,16116,2400,19080,18960,18410
9223,14,-3,1,2,-3,10000,43,41,48125,22000,-2,-2,-2,27059,27900,31000,38370,44830,39000,44400,19760,20000,23770,69326,-2,83620,113000,79500,95600,78000,73850,92600,105000,110000,117000
9224,10,7593,2,1,7593,11000,4,2,2311,9050,-3,3700,3400,6415,8300,17000,-2,-2,14500,18096,17000,19000,21000,18000,20000,23000,25000,-2,21000,35000,30000,45000,50000,30000,50000
9225,13,7593,2,2,7593,11000,15,15,17346,9050,12000,8000,8000,19000,15000,17025,-2,-2,-2,23500,20000,21000,23300,23105,23000,24000,28000,35000,114000,82000,44324,41600,-2,77400,70000
9226,9,5675,3,1,5675,7640,5,8,6475,9400,10000,6000,5000,-2,4000,-2,14000,-2,-2,-5,-5,-5,-5,-5,-5,-5,-5,-5,-5,-5,-5,-5,-5,-5,-5
9227,12,5625,3,2,5625,7640,13,12,17881,9400,10000,7081,5238,6616,10000,8097,6744,7056,7296,-5,-5,-5,-5,-5,-5,-5,-5,-5,-5,-5,-5,-5,-5,-5,-5
9228,12,5675,3,2,5675,7640,20,18,23182,7588,8000,-2,8950,8464,8380,1905,8304,8410,9204,-5,-5,-5,-5,-5,-5,-5,-5,-5,-5,-5,-5,-5,-5,-5,-5
9229,14,7840,1,2,7840,7272,47,39,50092,10324,12230,8100,10000,7114,3320,12000,11011,18020,20015,22411,20987,23100,61111,66035,-2,76640,94000,99900,108500,26850,72200,77010,87200,101800,80000
9230,10,5460,2,1,5460,7960,86,80,88767,12000,15000,-1,9000,11200,18200,22000,38920,31900,31000,13480,27530,44000,69425,75200,19400,32000,49999,54000,56000,-2,61816,81500,97120,90300,106080
9231,12,2680,3,2,2680,-3,18,16,26723,37000,1200,3847,-2,5040,-2,3863,5544,-2,12999,-5,-5,-5,-5,-5,-5,-5,-5,-5,-5,-5,-5,-5,-5,-5,-5
9232,11,9184,1,1,9184,10500,11,13,11201,7805,19000,12755,-2,12024,8880,-1,11000,11500,7874,14078,17826,-3,-3,16515,16669,8040,27840,7872,14220,23227,16464,14412,9888,5700,-3
9233,14,9184,1,2,9184,747,11,10,6229,4872,4788,4680,7702,8090,10369,9136,7956,7924,12484,13976,14064,11691,19458,20506,15533,28596,-5,23400,20900,37646,24000,24000,30200,30400,64000
9234,14,9184,1,2,9184,10500,18,17,22089,-3,5000,2822,5076,5689,5776,3564,7680,7752,10185,9689,-5,15830,8444,22722,32000,29000,62600,7000,28000,-5,40000,62292,15696,-5,-5
9235,9,10560,3,1,10560,3350,65,64,64462,14000,28000,12680,20000,19000,17267,23800,45200,49606,39000,-5,-5,-5,-5,-5,-5,-5,-5,-5,-5,-5,-5,-5,-5,-5,-5
9236,12,10560,3,2,10560,9000,73,70,80285,9000,10000,10000,20000,11000,12200,12100,12000,43600,56018,-5,-5,-5,-5,-5,-5,-5,-5,-5,-5,-5,-5,-5,-5,-5,-5
9237,10,13000,2,1,13000,16000,56,50,63707,10000,5835,4000,18000,-2,25000,17000,45000,-2,146942,159805,839078,160097,189918,974100,-1,332808,390662,408473,479983,454737,440692,0,595986,922631,766958
9238,12,-1,3,2,-1,20000,15,19,15605,35000,18300,18000,-3,27000,-2,27000,27002,-2,22020,-5,-5,-5,-5,-5,-5,-5,-5,-5,-5,-5,-5,-5,-5,-5,-5
9239,12,-1,3,2,-1,20000,5,6,5039,35000,18614,20000,24000,19856,17132,19000,100001,25020,35000,-5,-5,-5,-5,-5,-5,-5,-5,-5,-5,-5,-5,-5,-5,-5,-5
9240,12,-1,3,2,-1,-3,26,35,38015,35000,25000,20000,28000,35000,-2,15000,-2,11000,23000,-5,-5,-5,-5,-5,-5,-5,-5,-5,-5,-5,-5,-5,-5,-5,-5
9241,9,-1,3,1,-1,20000,11,16,33953,35000,25000,20000,24000,6000,-2,-2,18000,-2,-2,-5,-5,-5,-5,-5,-5,-5,-5,-5,-5,-5,-5,-5,-5,-5,-5
9242,9,8000,3,1,8000,13600,27,32,43656,14000,15000,10000,10000,11000,18000,30000,56100,50600,58200,-5,-5,-5,-5,-5,-5,-5,-5,-5,-5,-5,-5,-5,-5,-5,-5
9243,12,-4,3,2,3575,21000,50,41,45802,19600,25149,16996,19688,30860,48410,85600,49200,42200,3460,-5,-5,-5,-5,-5,-5,-5,-5,-5,-5,-5,-5,-5,-5,-5,-5
9244,12,-4,3,2,-3,5184,48,42,35612,4848,4896,17441,18000,20330,-2,30628,-2,-2,46325,-5,-5,-5,-5,-5,-5,-5,-5,-5,-5,-5,-5,-5,-5,-5,-5
9245,9,-2,3,1,-2,-3,4,7,5485,-5,14349,-2,22165,20560,19302,24053,22800,33625,26967,-5,-5,-5,-5,-5,-5,-5,-5,-5,-5,-5,-5,-5,-5,-5,-5
9246,12,-2,3,2,-2,-3,-4,-4,-5,-5,11704,14000,18000,-2,17254,25200,29700,25500,23140,-5,-5,-5,-5,-5,-5,-5,-5,-5,-5,-5,-5,-5,-5,-5,-5
9247,9,27000,3,1,27000,29000,22,18,28547,45000,8000,31150,40000,49250,44000,48000,39280,46500,35150,-5,-5,-5,-5,-5,-5,-5,-5,-5,-5,-5,-5,-5,-5,-5,-5
9248,12,2348,3,2,2348,2339,28,35,33613,2804,5800,4728,4716,5924,24314,25200,33200,13000,16638,-5,-5,-5,-5,-5,-5,-5,-5,-5,-5,-5,-5,-5,-5,-5,-5
9249,12,12600,3,2,12600,14500,6,6,7678,25493,22253,24063,25012,29316,24042,33712,44440,-2,49217,-5,-5,-5,-5,-5,-5,-5,-5,-5,-5,-5,-5,-5,-5,-5,-5
9250,9,12600,3,1,12600,14500,6,8,25135,25493,13900,13800,18000,20520,-2,-2,24500,25380,31300,-5,-5,-5,-5,-5,-5,-5,-5,-5,-5,-5,-5,-5,-5,-5,-5
9251,9,8242,3,1,8242,7250,52,56,62729,9050,10000,30000,2000,40000,50000,100001,-2,83200,73500,-5,-5,-5,-5,-5,-5,-5,-5,-5,-5,-5,-5,-5,-5,-5,-5
9252,12,-4,3,2,3060,4188,40,31,30182,5376,11383,8262,8806,14320,16300,20000,28000,30000,30000,-5,-5,-5,-5,-5,-5,-5,-5,-5,-5,-5,-5,-5,-5,-5,-5
9253,11,13000,1,1,13000,20000,19,19,28766,36000,45000,30000,31000,45000,42000,-5,19800,22535,26004,25788,18000,18925,32000,32250,0,47000,54000,116000,75000,97000,-5,78000,84000,89000,46000
9254,14,13000,1,2,13000,20000,20,13,14211,36000,-2,0,400,9000,19000,8000,-2,56100,58015,41600,46000,48000,46524,57000,0,75000,-5,-5,-5,-5,-5,-5,-5,-5,-5
9255,14,6932,1,2,6932,-3,35,33,32578,-3,5172,6864,-2,8065,8568,5868,9588,8916,5856,11928,12876,12276,18264,15600,9900,20800,2400,6696,600,4344,10044,2400,2328,11228,11204
9256,14,8192,1,2,8192,4600,20,14,14560,-3,13400,-2,12754,15083,16100,19100,23000,24000,30515,-2,38077,-2,-2,-2,39100,44000,50484,44500,57000,50100,57500,59400,70000,72000,82000
9257,14,-4,1,2,15537,20789,13,11,12149,-3,-2,25682,30582,-2,-2,35450,5000,16679,16316,14064,17600,16000,18199,16500,42300,44400,-2,48000,-5,-5,-5,-5,-5,45632,-3
9258,11,-2,1,1,-2,13664,-4,-4,-5,-5,60000,15800,15770,10340,10000,-5,-5,19000,17000,19400,18000,19500,22000,27000,-2,33000,40000,53000,53500,57000,58800,31450,-2,17664,44000
9259,14,-4,1,2,12592,18700,55,36,26277,15611,23541,-2,35173,38100,41864,62372,-2,49400,57500,59000,56000,60000,-5,-5,-5,-5,-5,129000,142000,149000,-5,-5,-5,-5,-5
9260,14,-4,1,2,-3,-3,7,6,12799,8720,8000,9282,34000,10000,11000,12000,13000,17680,-2,19500,20000,21000,21000,-5,24000,25000,526,28000,34500,-5,-5,-5,-5,-5,-5
9261,14,7000,1,2,7000,9000,18,19,21414,12400,7111,7882,25500,12107,9375,13930,17400,20000,-2,-2,24912,-2,5838,12500,25000,26000,18000,70000,40000,33344,37000,-2,-5,-5,-3
9262,14,7000,1,2,7000,9000,-4,-4,-4,5800,-2,17000,-5,24500,-5,39100,-5,-5,-5,48000,-5,-2,-2,-1,135000,136200,-5,-5,-5,-5,-5,-5,-5,-5,-5
9263,11,-4,1,1,6312,-3,20,32,28265,19062,15000,21100,14167,4669,10000,7424,7000,0,6500,18040,308,6740,5256,32980,13920,8000,-5,-5,-5,-5,-5,-5,-5,-5,-5
9264,14,-4,1,2,-3,-5,32,38,41355,4800,14600,15300,29040,35000,42900,54100,-2,53000,23800,29380,29780,22200,30500,29200,33256,40256,31000,119000,130000,22813,49877,-2,-5,-5,-5
9265,11,5484,1,1,5484,8000,58,62,54085,-3,7800,13784,25174,35000,25090,32000,31530,41000,41300,41000,-1,49000,52000,58000,63000,114000,84000,87000,120000,127000,119000,125000,-5,-5,-5
9266,11,5484,1,1,5484,8000,13,14,18993,-3,-2,-2,25174,22000,-2,30000,30000,41040,39060,37323,22210,36429,33952,-1,-3,-2,-1,-5,-5,-5,75000,108500,-5,-5,-5
9267,11,8100,1,1,8100,13000,84,91,91044,21584,-2,15548,-5,-5,-5,-5,-5,-5,-5,-5,-5,-5,-5,-5,-5,-5,-5,-5,-5,-5,-5,-5,-5,-5,-5
9268,14,8100,1,2,8100,13000,23,25,28443,15800,17100,11596,-2,-2,27465,34000,19000,22500,32890,32500,35000,-1,38600,-2,80200,-5,72025,82000,112000,85000,-5,-5,-5,-5,-5
9269,11,8100,1,1,8100,13000,33,38,36459,21584,-2,-2,3616,12400,22034,22000,-2,-2,16534,5225,25000,-5,-1,-5,-5,-5,-5,-5,-5,-5,-5,-5,-5,-5,-5
9270,11,8100,1,1,8100,13000,34,42,47050,21584,-2,23000,-2,15000,-2,32000,37100,50230,53500,-5,74150,-2,92400,-2,104100,104000,-5,-5,105000,135030,95050,-2,-2,-2,-3
9271,9,-4,3,1,-3,-3,99,99,99047,1100,3700,7224,10920,3312,16500,13000,18440,18500,26600,-5,-5,-5,-5,-5,-5,-5,-5,-5,-5,-5,-5,-5,-5,-5,-5
9272,14,-4,1,2,4848,5700,1,1,1032,2331,6646,6524,6816,8112,8964,-2,8724,9148,5436,9204,8620,15600,1659,15250,-2,11819,27000,20000,16500,21000,20000,-5,-5,-5,-3
9273,14,-4,1,2,8970,5760,1,2,3134,6048,6072,-2,7260,6900,8304,15816,8904,9072,8856,12864,13176,13812,12084,-2,14448,0,0,7416,-5,10692,8088,10920,0,-5,9888
9274,13,-4,2,2,3636,6932,17,18,13302,6828,9446,13460,15896,7908,-5,0,15600,15000,17000,17000,22000,22000,23000,-2,-2,-2,35514,25000,27900,-2,25000,30000,34000,27000,2304
9275,14,5088,1,2,5088,-5,6,5,5913,-3,-5,-2,6348,6744,6948,9096,9288,10584,-5,18000,7100,8532,11436,-5,-2,-2,23000,-2,14500,-2,33683,16300,27268,-5,22000
9276,11,-2,1,1,-2,4000,1,1,5699,6600,8524,9500,4820,5120,4512,4404,9560,16000,24730,32030,30000,28000,28000,31000,25000,36000,-5,62500,51000,58500,32200,14000,-5,3600,2500
9277,14,-3,1,2,-3,4000,1,1,4559,6600,-2,9500,3120,3120,-2,4404,-2,20000,-2,21000,39000,28000,28000,32000,29,30000,55000,66000,40000,-2,41000,-2,-2,3600,3000
9278,14,10000,1,2,10000,19000,11,8,10659,4260,3890,5496,5508,-2,5952,7116,-5,-2,5948,3650,8484,8376,14244,16000,15000,8752,1758,-5,-5,-5,-5,-5,-5,-5,-5
9279,10,6576,2,1,6576,11000,38,38,49786,-3,-2,-2,-5,23214,-3,38600,42050,-2,36100,36200,40000,-2,39800,-2,42000,43500,-5,64272,-2,-1,63400,31124,-1,-5,-5
9280,10,6576,2,1,6576,17250,4,1,1348,-3,-2,-2,15500,-2,2500,20200,0,-2,25600,-2,-2,1700,10000,200,-2,-5,0,31720,-2,-2,-2,-2,-2,-2,-3
9281,13,6576,2,2,6576,17250,18,21,23225,-3,2380,4296,5626,7560,-2,9884,11000,20250,28000,12500,16260,23000,-1,-2,27212,34000,-5,81800,62000,-2,61900,47416,51480,-2,-3
9282,11,4500,1,1,4500,19000,12,11,9583,-3,-2,-2,-2,26000,-2,-5,23500,24360,40960,23000,30276,26880,11544,4500,21000,38000,25000,56000,90000,70000,35000,38000,-2,74600,21900
9283,11,4500,1,1,4500,19000,1,1,966,-3,-2,600,900,-2,18500,13000,-3,-2,15000,-2,18000,19000,17000,17000,500,-2,-2,59000,16140,1680,-2,-2,2160,1560,12170
9284,14,-4,1,2,5736,6240,19,21,13536,7103,7296,7164,8940,9276,9576,14842,25500,-2,22000,12100,40000,42000,35028,35700,-2,57600,49006,78000,60000,60000,73730,137608,91504,83140,96360
9285,10,4440,2,1,4440,-5,3,2,1729,-3,-2,-2,-2,4000,6000,-5,18000,10387,3000,-2,8000,-2,40000,18000,21000,18000,-2,65000,33000,-2,46330,52000,19000,22000,75000
9286,13,4440,2,2,4440,-5,-4,-4,-5,-5,-5,8566,12055,10000,-2,20136,-2,27973,36300,30000,31500,45134,51000,37000,34000,52000,55000,-2,115100,89000,-5,-5,-5,-5,-5
9287,13,4500,2,2,4500,-3,18,22,22116,-3,-2,5724,5944,-2,7686,10250,18840,21000,19000,-2,-3,22000,22000,28000,12000,17160,15200,24100,-2,34148,40929,19788,720,14400,-3
9288,10,4500,2,1,4500,-3,19,13,12432,-3,-2,10000,15000,4020,15120,10000,4500,-2,11015,-2,-5,30000,10000,39000,35500,-5,-5,-2,-2,18956,11868,43000,-5,75000,22000
9289,11,9000,1,1,9000,-5,-4,-4,-4,-3,-2,-2,-2,7200,2632,-2,-5,-1,-5,26669,22000,17000,13000,13168,0,-2,500,8400,650,-5,-5,-5,-5,-5,-5
9290,11,9000,1,1,9000,-5,-4,-4,-4,-3,-2,-2,-2,0,350,-5,8000,1200,0,0,2450,-2,-2,-2,0,3000,-2,17232,7368,8916,10728,0,11292,11388,-3
9291,11,9000,1,1,9000,650,-4,-4,-4,-3,-2,-2,-2,-2,2000,-5,-3,-2,3360,21500,0,-2,6132,-2,0,5000,-5,6768,0,9444,8004,10200,19824,17780,11268
9292,11,3260,1,1,3260,-3,3,2,1431,-3,-5,8460,600,5100,-2,12000,18000,36000,250,24094,24000,25000,27600,41500,42000,30000,55000,54000,43000,31141,36888,33720,37800,-2,-3
9293,11,3260,1,1,3260,-3,1,1,3696,-3,-5,8460,0,5100,-2,0,-5,-2,20000,-5,-5,-5,-5,-5,-5,-5,-5,-5,-5,22000,0,9600,10800,9600,-3
9294,11,1376,1,1,1376,-5,2,5,4790,-3,-2,-2,-2,6600,8914,-5,-2,-2,5425,5328,6081,6708,6720,13764,6480,0,1358,8124,8424,9888,9144,11112,10248,6856,-3
9295,10,17000,2,1,17000,12000,24,32,43241,14000,9350,19400,32000,23000,29000,-2,39650,52995,22250,-2,92920,18000,27250,33470,38000,60000,56000,69000,71000,21000,110000,111000,116000,108110,114100
9296,11,2156,1,1,2156,3500,-4,-4,-5,-5,-5,10000,3770,-5,-5,-5,-5,16000,40000,58000,-2,61011,18000,20750,-5,15000,-5,-5,0,-5,-5,-5,-5,-5,-5
9297,11,4032,1,1,4032,-5,6,3,2784,10568,-5,-5,-5,-5,-5,-5,-5,-5,8530,6240,6408,7440,7500,5790,-5,6000,6000,6000,12000,9000,-2,53282,-5,-2,15000
9298,13,6000,2,2,6000,-3,94,85,89519,3000,10968,26464,7020,7956,6504,8300,5231,0,0,-2,0,990,1939,3366,5845,-2,0,17128,23800,43000,48000,148000,37220,156740,231020
9299,10,4500,2,1,4500,-3,48,51,50220,18000,20000,-2,-2,25000,-2,-2,-2,-2,18000,-2,-2,-2,-2,-2,31000,33580,-2,-2,63500,89000,102000,129000,-2,186000,177000
9300,10,5000,2,1,5000,6000,17,22,19841,1200,10880,1200,19000,16000,25000,-2,0,0,-2,45000,-2,-2,-2,-2,-5,-5,-5,35000,14880,20000,22000,-2,-5,30000,-5
9301,10,-2,2,1,-2,3510,43,46,48657,-3,-1,26536,33000,39000,20202,18510,-2,-2,68000,-2,-2,-2,69000,26600,37000,52000,63000,71000,71000,72500,123500,125900,55000,62000,-3
9302,13,10000,2,2,10000,-3,54,55,61812,-3,25050,-2,27205,27000,-5,-5,-5,-5,-5,-5,-5,-5,-5,-5,-5,-5,-5,-5,-5,-5,-5,-5,-5,-5,-5
9303,10,12000,2,1,12000,-3,20,18,23839,-3,-2,-2,11560,12000,35000,-2,-2,-2,97300,33300,26000,-2,-2,40000,38000,60000,-2,61000,52600,-2,-2,96000,88000,59000,68000
9304,10,5000,2,1,5000,5500,63,63,58650,6400,8900,13050,-2,26200,-2,-2,-2,-2,-2,52900,46200,55150,55500,64000,41000,-2,-2,85000,99000,125225,-5,-5,-5,-5,63000
9305,13,5000,2,2,5000,-3,53,57,59955,-3,19000,18260,18000,40000,32000,-2,-2,-2,58000,58000,69000,60000,-2,16200,44000,50000,67500,65000,84050,90000,-5,-5,96000,134400,125000
9306,10,14000,2,1,14000,-3,45,42,41401,28000,-2,40000,66000,55000,-5,41600,55050,49575,10000,30000,40030,55015,50080,-2,-2,-2,62375,-5,-5,-5,440692,23520,-5,-5,-5
9307,10,14000,2,1,14000,-3,2,3,599,28000,-2,40000,25000,58000,-5,475,35000,2000,3000,2500,-2,-2,-2,14640,40000,-2,-2,0,0,12280,22710,34500,14340,20160,840
9308,13,14000,2,2,14000,-3,31,27,35791,28000,-2,40000,-2,-2,20000,25000,-2,19000,23000,24600,-2,60000,55000,69700,-2,-5,-5,74500,-5,144000,227500,183400,254050,257100,-3
9309,10,3634,2,1,3634,5200,5,8,12810,-3,-2,6000,-2,-2,-5,0,-2,-2,-2,-2,0,-2,-2,-2,-2,0,-2,-2,0,2196,36400,39480,-1,-2,-3
9310,10,3634,2,1,3634,5200,16,16,16118,7964,-2,6000,8600,-5,-5,1300,-2,900,-2,-2,-2,-2,5352,-2,-2,0,0,-2,-5,500,-2,7200,6600,-2,7170
9311,9,1500,3,1,1500,5052,8,1,3566,5985,2025,5000,-5,-5,-5,-5,32000,-2,40000,-5,-5,-5,-5,-5,-5,-5,-5,-5,-5,-5,-5,-5,-5,-5,-5
9312,14,8000,1,2,8000,8616,17,19,28129,-3,6200,1330,5688,5988,6480,5635,5636,15890,6975,-3,468,1936,-2,7336,7346,-2,23500,8724,600,-1,32429,26316,29700,26268,-3
9313,11,8800,1,1,8800,8166,14,21,32353,8016,1300,3700,8003,-2,9000,19905,17022,-2,-2,25802,22200,6000,11400,15796,17500,14000,23388,27924,30570,28200,22280,21012,32604,15348,23796
9314,10,6288,2,1,6288,12882,-4,-4,-4,9000,7000,12000,4270,15000,7000,-5,-5,-5,-5,-5,-5,-5,-5,-2,-5,0,0,0,0,-5,-5,-5,-5,-5,-5
9315,13,6200,2,2,6200,-3,22,21,21353,-3,15000,10890,10318,12200,15030,-2,54000,49200,71500,61000,65800,69100,-2,66010,0,47000,55000,53000,70000,80000,80000,5226,0,-5,-3
9316,10,13000,2,1,13000,15000,11,20,20419,15000,21000,23000,28000,-5,-5,-5,600,3388,25000,6000,0,12000,25000,15000,13000,18000,-1,14000,14000,25000,33000,100000,-2,25000,30000
9317,13,10000,2,2,10000,24000,50,59,69739,-3,12600,6664,-2,-2,-2,-2,-2,-2,-2,-1,-2,-1,52600,-2,-2,-1,-5,86040,-1,-1,-5,-2,-5,-5,-5
9318,10,17000,2,1,17000,-3,30,35,40510,16000,50000,30000,-1,-1,16000,-1,-2,-2,-3,-5,-5,-5,-5,-5,-5,-5,-5,-5,-5,-5,-5,-5,-5,-5,-5
9319,13,-2,2,2,-2,-3,46,40,25759,11050,11400,13095,14600,16300,18500,25000,25000,23680,22000,15500,-2,34000,43200,-2,74000,41057,56000,60000,53000,57000,57500,75376,52312,41260,84750
9320,13,12000,2,2,12000,-3,52,63,61146,37000,38000,47000,27500,15000,17000,24000,23000,28200,-2,-2,21348,53772,23434,27000,64000,29400,-5,56000,58000,64132,70000,74881,77000,79250,84000
9321,10,20000,2,1,20000,36000,82,84,80071,47000,45000,50000,6084,19400,25000,48000,-5,-5,-5,-5,-5,-5,-5,-5,-5,-5,-5,-5,-5,-5,-5,-5,-5,-5,-5
9322,13,20000,2,2,20000,36000,25,39,42970,47000,40000,-2,50000,35000,35750,46000,62150,49100,52500,57500,32000,31200,35450,35525,33000,46500,70000,46000,45000,39000,-5,-5,-5,-5,-5
9323,13,20000,2,2,20000,20000,14,16,15298,-3,3348,21030,5300,-2,-2,17600,13000,15000,29000,53000,44000,-2,-2,-2,43000,38000,-5,-5,-5,-5,-5,-5,-5,-5,-5
9324,10,20000,2,1,20000,20000,43,42,41251,10932,13700,9000,11662,9000,15600,19000,11600,18000,19000,15000,19000,19500,22000,132000,82000,-2,115000,116400,133500,131000,128200,165000,-2,120000,-3
9325,13,16000,2,2,16000,11000,12,15,5864,16000,16000,27000,25000,-2,21000,-5,20000,46300,33050,44000,-2,-2,37000,55000,80000,73000,-5,-5,-5,-5,-5,-5,-5,-5,-5
9326,10,17000,2,1,17000,11000,20,32,36519,16000,16000,-2,-2,-2,-2,-5,-5,-1,-5,-5,-5,-1,-1,26500,-1,-1,-1,-5,-1,-1,-5,-5,-5,-5,-3
9327,10,5616,2,1,5616,4000,17,11,7700,6000,6000,23835,24165,27603,70000,9000,10400,11700,18000,15576,-2,-2,-2,-2,34500,-2,43500,38000,76000,107000,-5,-5,56000,111000,-3
9328,11,9000,1,1,9000,5000,4,4,2971,11220,-5,-2,-2,-2,30000,11000,16080,49000,19000,159805,25000,-2,0,-2,-5,-5,-5,-1,479983,-2,-2,0,-2,0,70700
9329,11,9000,1,1,9000,5000,1,1,197,-3,8000,6000,10000,-2,23000,25000,-2,-2,49000,159805,-5,160097,-5,-1,-2,-2,-5,-5,-5,-5,-5,-5,0,0,-5
9330,12,4000,3,2,4000,400,70,66,60406,-5,-5,11198,14020,14000,-2,70200,45025,-2,46060,-5,-5,-5,-5,-5,-5,-5,-5,-5,-5,-5,-5,-5,-5,-5,-5
9331,9,4000,3,1,4000,4000,51,45,47022,1000,1742,6890,1968,-2,5000,-5,-2,-2,1200,-5,-5,-5,-5,-5,-5,-5,-5,-5,-5,-5,-5,-5,-5,-5,-5
9332,13,14000,2,2,14000,25000,65,66,46143,25000,25000,10627,40000,50000,-2,43100,79760,68000,-2,74800,-2,-2,84000,90000,0,-2,113000,51200,57000,71000,66784,80100,91960,92000,109000
9333,13,-4,2,2,1561,25000,26,28,28607,25000,40000,-5,-5,-5,-5,-5,25200,27000,-2,80060,-2,-2,35000,36200,0,-2,44000,46000,52000,52000,55000,54000,45000,55000,65000
9334,11,10200,1,1,10200,14000,72,80,83716,21000,8332,15997,17435,27000,30000,24400,28000,44000,29200,42330,49000,-5,-5,-5,-5,-5,-5,-5,-5,-5,-5,-5,-5,-5,-5
9335,10,5000,2,1,5000,6987,44,32,25293,5600,7000,8900,14000,-2,10000,12940,20000,0,5000,5600,-2,-2,700,-2,-2,6600,0,9672,1860,-5,-5,-5,-5,-5,-5
9336,13,17300,2,2,17300,13000,16,13,9479,-3,14788,16000,13500,13572,29000,35000,43000,-2,43100,34366,-2,21000,-2,-2,0,22912,-5,-5,-5,-5,-5,-5,-5,-5,-5
9337,13,17300,2,2,17300,13000,11,10,5601,4638,2832,5982,8000,10000,14000,17000,3880,4772,4224,6692,6708,6132,15265,23000,0,24000,0,30000,18000,5352,32960,8128,0,22200,-3
9338,10,13000,2,1,13000,31333,26,35,35970,-3,14788,16000,-2,-2,20000,-2,15000,-2,-2,58100,25000,-5,-2,-2,15000,-2,16000,-5,16800,-5,16000,20000,-2,36800,23000
9339,10,13000,2,1,13000,13000,20,29,36393,40000,14785,16000,-2,-2,20000,-2,-2,-2,-2,-2,-2,25672,-2,-2,-5,-5,-5,30000,28000,11700,40000,-5,-1,-5,-5
9340,13,13000,2,2,13000,13000,9,10,14766,40000,12000,16000,-2,-2,-2,-2,-2,31000,31000,-2,32296,32076,-2,-2,0,-2,-2,-2,100000,91000,-2,78000,81000,-2,-3
9341,13,4344,2,2,4344,5000,20,27,42847,200,-2,15000,9218,9184,10000,-2,1000,45574,5800,28436,37800,-2,27000,3336,36000,36350,-1,53200,55000,58100,49000,55000,54000,24000,52000
9342,13,4344,2,2,4344,5000,16,24,32772,200,-3,15000,9218,-2,-2,19000,33200,23069,-2,44332,45696,45393,48538,54062,54062,32000,62000,64000,75000,99000,71338,85000,62500,39000,39000
9343,11,-2,1,1,-2,4128,5,5,4067,5000,-5,-2,-2,-2,5430,0,0,0,-2,0,32000,0,11920,0,-2,-2,-2,11268,-2,10380,-5,-5,-5,-5,-5
9344,14,17000,1,2,17000,19000,-4,-4,-4,55000,-5,-5,-5,-5,-5,-5,2000,21284,44488,28930,-3,6000,33600,50000,-2,-5,50000,-5,-5,-5,-5,-5,-5,-5,-3
9345,11,24000,1,1,24000,24836,83,94,94443,28000,-2,46000,49000,75000,70000,65200,3000,10100,9015,15500,25200,22000,63015,72000,62000,50000,72200,67500,81500,78000,85000,105000,115000,110000,120000
9346,13,-4,2,2,-3,0,-4,-4,-4,4116,5000,-2,7394,6656,25000,-2,3507,5832,4512,4800,3000,8400,16845,25426,0,-2,1000,621,0,0,0,10896,0,0,-3
9347,13,-4,2,2,5957,-3,46,45,35576,3647,-2,7774,15057,15758,16365,18080,18000,19859,20300,21025,26000,28000,25000,28020,-2,34000,38000,38000,40025,-1,48000,51530,-1,-1,-5
9348,11,-4,1,1,8000,7656,1,1,117,5770,7000,4964,6208,-5,-5,-5,-5,5848,6300,6060,8424,5560,14000,9000,12000,13000,1500,-5,-5,-5,-5,-5,-5,-5,-5
9349,14,-4,1,2,-3,5244,-4,-4,-5,-5,0,-2,-2,6718,3720,-2,-5,7356,6800,13001,14400,21020,19910,12360,0,50000,34000,48320,21000,27000,21060,-2,18000,1164,3114
9350,11,-4,1,1,-2,8000,15,13,15076,14872,15000,18268,-2,-5,17000,41000,17000,24000,23500,-2,30000,33500,45000,40000,-2,34000,64,-5,46000,-2,42000,160000,-2,120000,130000
9351,12,-4,3,2,4348,3576,5,8,2287,36,3924,7732,696,5355,12172,-2,8820,-2,-2,-5,-5,-5,-5,-5,-5,-5,-5,-5,-5,-5,-5,-5,-5,-5,-5
9352,9,12000,3,1,12000,6136,2,2,3569,-5,10000,12500,15000,15060,18000,24100,35000,-2,-2,-5,-5,-5,-5,-5,-5,-5,-5,-5,-5,-5,-5,-5,-5,-5,-5
9353,12,-1,3,2,-1,8000,69,63,62921,10000,15000,5800,11500,-2,11460,10000,7000,7000,10000,-5,-5,-5,-5,-5,-5,-5,-5,-5,-5,-5,-5,-5,-5,-5,-5
9354,14,10000,1,2,10000,-3,1,2,718,5779,5000,11000,7668,-2,9234,18660,14228,12532,17960,19870,15144,18192,23240,-2,25000,3763,38548,-2,63600,94000,28000,35000,29200,34800,34800
9355,14,-4,1,2,1200,1164,32,27,23727,1100,2800,5515,1500,-2,25000,25000,32000,26000,-2,10000,16000,-2,-2,31000,35000,30160,34000,41000,53000,-2,46000,62000,-2,55000,65000
9356,12,0,3,2,0,4000,-4,-4,-4,10000,25000,19000,-5,-5,-5,-5,-5,-5,-5,-5,-5,-5,-5,-5,-5,-5,-5,-5,-5,-5,-5,-5,-5,-5,-5
9357,11,17000,1,1,17000,-3,34,45,59615,20000,-5,25000,40000,35000,-2,-2,-2,22500,42000,44000,46000,-2,23971,-2,24000,49000,62000,71000,-5,78000,87000,98000,-2,-5,102000
9358,11,12000,1,1,12000,12180,6,7,5393,8000,-3,-2,-2,35000,25000,44000,-2,-2,-2,36000,33000,44000,28000,35400,28000,-5,-5,-5,-5,-5,-5,63000,-5,-5,-5
9359,14,12000,1,2,12000,-3,46,43,35540,-3,65000,-2,-1,-2,60000,86000,57000,60000,60000,64600,70280,61500,66500,-2,41000,0,17515,15000,16000,34000,37000,58000,58000,50000,50000
9360,14,12000,1,2,12000,-3,63,77,84813,-3,-2,35000,-1,-1,60000,-2,27000,37000,0,47000,50000,-2,45000,80000,-2,117500,109000,142000,130000,-2,145000,162000,181000,175000,180000
9361,10,15000,2,1,15000,-3,3,4,3824,-5,-5,-5,-5,-5,-2,-2,36000,9500,10000,14000,14000,950,1500,-5,-5,-5,-5,-5,20000,25000,23160,30000,22000,30000,30000
9362,11,4848,1,1,4848,-3,3,2,288,10000,-5,4800,20276,-5,-5,-5,12000,-2,-2,19200,0,-2,10000,0,0,32000,-5,-5,0,21000,52648,40000,-5,36000,-3
9363,14,7404,1,2,7404,7254,18,20,30503,20000,-5,12000,4836,5605,-5,-5,-5,6800,10310,-5,-5,-5,-5,-5,-5,-5,-5,-5,-5,-5,-5,-5,-5,-5,-5
9364,14,4812,1,2,4812,4000,27,40,28389,2000,3000,5400,7000,15040,20000,-5,22000,26700,-5,29376,34260,13200,14600,35040,32496,-1,17976,20568,156000,13416,15720,-5,-5,-5,-5
9365,14,14500,1,2,14500,12515,12,15,21412,16000,17000,23000,24000,7500,12500,-5,23850,19000,31000,35500,33000,39200,43500,49000,60000,56500,-2,70000,81000,85000,76000,81000,82915,118000,156000
9366,13,10200,2,2,10200,-3,60,64,49799,21000,13400,10000,9000,14400,16900,55800,73540,-5,-5,-5,-5,-5,-5,-5,-5,-5,-5,64000,75000,91000,50802,600,0,33828,60000
9367,10,10200,2,1,10200,-3,40,51,53979,21000,14100,-2,24900,35000,27000,-2,-2,51000,55250,67750,70300,33500,-2,36500,-2,-5,-5,-5,-5,-5,-5,-5,-5,-5,-5
9368,11,7486,1,1,7486,-3,78,84,90656,10702,9025,-2,14500,15700,13000,20000,40000,41829,59148,39000,42000,65000,82500,95000,130000,176000,-2,-5,-2,504,-5,-5,-5,-5,-5
9369,10,8000,2,1,8000,5169,4,6,6112,12000,-2,11000,7700,12800,2000,5000,4000,7000,9000,4000,0,0,-2,9345,8741,33408,37400,0,0,-2,0,0,0,0,2013
9370,14,8100,1,2,8100,0,40,33,37869,0,1000,-5,-2,5500,21400,12000,10000,52000,13050,27500,-2,41000,41000,31200,65000,45000,-2,408473,40000,60000,-2,3000,-2,53400,-3
9371,14,8100,1,2,8100,8600,17,17,24548,-3,-2,-2,17000,500,-5,7000,-2,-3,26000,-1,20000,50000,-2,0,22000,-2,0,30000,30000,50000,55000,-1,70000,80000,85000
9372,11,-3,1,1,-3,-3,6,9,11906,10000,13140,16800,13000,14000,-2,-2,500,-2,13872,-2,-2,-2,-2,-2,-2,-2,18000,-2,0,18360,0,9900,-5,1920,0
9373,10,8000,2,1,8000,6000,53,54,53871,-3,10000,-2,31000,19000,20000,60200,74100,44000,-2,99000,839078,37650,60100,75300,-3,-3,185000,215000,205000,260000,248000,208000,145000,-5,-5
9374,14,-4,1,2,10050,0,1,1,0,-3,-2,-2,-2,13000,-2,-2,-2,19500,-2,-2,-2,-2,-2,-2,-2,26000,-2,-2,40000,-2,-2,-2,-2,0,-3
9375,11,7000,1,1,7000,6942,60,77,73787,7000,-2,6240,12600,25000,29000,-2,13000,25000,66999,-2,-2,92000,189918,72400,-3,112100,112200,69600,71000,76650,94607,81000,-5,-5,-5
9376,11,7000,1,1,7000,6942,14,13,18833,7000,-2,7500,3600,25000,29000,-2,-2,-2,19000,-5,-5,-5,-5,-5,-5,-5,34000,30000,11640,10380,24360,13776,14064,12134,14520
9377,9,-2,3,1,-2,9400,85,84,77735,9400,7670,13700,11280,11000,-2,29538,28072,39770,54400,-5,-5,-5,-5,-5,-5,-5,-5,-5,-5,-5,-5,-5,-5,-5,-5
9378,12,5000,3,2,5000,6536,-4,-4,-4,6588,5960,-2,-2,-2,20010,15095,30100,1057448,60000,-5,-5,-5,-5,-5,-5,-5,-5,-5,-5,-5,-5,-5,-5,-5,-5
9379,9,11000,3,1,11000,-3,-4,-4,-4,18000,27000,25000,-2,-2,-2,42600,50800,64500,146942,-5,-5,-5,-5,-5,-5,-5,-5,-5,-5,-5,-5,-5,-5,-5,-5
9380,14,18000,1,2,18000,22000,39,25,30145,20000,30000,24000,-2,-2,48000,-2,52000,76000,-3,50000,47000,71100,79000,-2,244343,63200,36020,58025,75000,70129,87000,-2,86100,206000,114510
9381,14,-4,1,2,5840,10213,50,42,37450,10144,12500,53200,26030,43025,44000,47000,63200,66100,64080,84200,80200,80100,71800,54000,88028,85000,114000,47000,48000,49020,50430,55100,73630,78000,66000
9382,14,-4,1,2,-3,5580,1,4,9143,4152,-2,11500,17000,20280,22894,6456,9372,9696,13548,3000,12720,12936,-2,13200,-2,20000,-2,7,12000,24000,45400,12000,0,-5,13200
9383,14,-2,1,2,-2,500,11,8,12702,20000,-2,28000,38000,30000,19420,-2,21200,34716,-2,41572,-2,-2,-2,31000,32000,35000,35020,39000,42000,0,-2,0,0,-2,-3
9384,14,-2,1,2,-2,500,5,5,2476,20000,25000,3690,-2,30000,28000,6192,5484,-2,-2,-1,-1,-2,-2,8340,-2,1524,13620,-1,-2,13000,11000,25000,0,14000,15000
9385,14,6000,1,2,6000,1200,23,13,13306,-5,20000,30000,-2,-5,-5,-5,-5,-5,-5,-5,-5,-5,-5,-5,-5,-5,-5,-5,-5,-5,-5,-5,-5,-5,-5
9386,11,6000,1,1,6000,-3,12,17,25730,-3,-2,-2,-2,-2,20000,18000,9000,0,18000,19000,11460,18464,18392,60000,69000,81000,59000,64000,73000,82000,-2,73000,-5,60000,63000
9387,11,6000,1,1,6000,-3,18,18,21247,-3,24000,-2,3000,7400,-2,9600,9020,33050,39010,30000,31000,39000,66000,46015,47120,49040,56965,58000,76300,78000,87946,72000,80000,80000,84000
9388,14,6000,1,2,6000,-3,5,8,9355,-3,-2,-2,-2,-2,20000,20800,-2,-2,-2,-2,8736,-2,-2,-2,7000,2000,17000,19000,-2,33000,33000,32000,-5,38000,-5
9389,11,17000,1,1,17000,20000,88,97,100000,27000,24000,23000,22000,-2,13000,29000,34030,43200,39060,75253,839078,160097,47700,70000,74500,114000,178600,205000,250000,240160,267000,497763,287000,307010,266050
9390,10,2600,2,1,2600,-3,10,13,11635,-3,-2,-2,-2,100001,36000,43000,35000,30000,30000,24000,28000,-1,35000,25000,26000,45000,26500,37000,35000,59000,11532,-2,-5,-5,-5
9391,10,5000,2,1,5000,4800,1,1,264,8000,-2,16000,15600,12000,14000,24004,15000,15000,-2,-2,23000,21000,14000,20000,20000,23000,44000,19000,-5,24027,49932,32000,24000,27500,28000
9392,13,-4,2,2,6238,14000,17,14,12822,3660,6740,10964,6200,26040,22260,37600,9600,12592,13800,2414,20960,9200,16560,21600,16000,26000,24000,28000,26000,11000,19468,18000,61280,80000,38000
9393,10,4980,2,1,4980,13000,1,2,9904,5000,-5,-2,-2,-2,45000,65000,-2,-2,-2,0,-2,-2,-2,-2,-5,10000,-2,0,2760,-2,7839,4010,-5,-5,-5
9394,13,-3,2,2,-3,10000,2,1,191,5700,-2,5000,-2,7400,-2,15800,11000,9500,-2,44248,-2,-2,15800,-2,-5,-5,-5,-5,-5,16000,12000,-5,-5,-5,-5
9395,10,-3,2,1,-3,1916,16,20,20646,6300,4500,4624,23250,9000,-5,-5,-5,-5,-5,-5,-5,-5,-5,-5,-5,-5,-5,-5,-5,-5,-5,-5,-5,-5,-5
9396,14,20000,1,2,20000,8690,17,27,17789,10000,14000,18556,14828,-2,14282,16080,-2,28312,42752,-2,28424,36632,31542,-5,-2,43300,-2,-5,34000,-5,-5,-5,-5,-5,44568
9397,14,-4,1,2,7400,-5,-4,-4,-5,-5,9000,18000,17000,67600,36000,-5,-5,-2,38400,10000,-2,-2,-2,40520,15000,20000,21000,20000,21000,30000,30000,27000,24500,25000,38000
9398,9,-4,3,1,1225,2065,74,71,78270,1612,45000,30000,45000,75000,30250,32015,33045,17025,40000,-5,-5,-5,-5,-5,-5,-5,-5,-5,-5,-5,-5,-5,-5,-5,-5
9399,9,-4,3,1,-2,1560,56,76,87085,3800,23000,20000,26000,18000,-5,26000,-5,-2,-5,-5,-5,-5,-5,-5,-5,-5,-5,-5,-5,-5,-5,-5,-5,-5,-5
9400,9,-4,3,1,5456,5100,77,69,75260,6732,-5,10020,8300,9525,8496,15200,20000,19000,16500,-5,-5,-5,-5,-5,-5,-5,-5,-5,-5,-5,-5,-5,-5,-5,-5
9401,13,-4,2,2,5806,8492,31,40,33708,6104,7852,6954,10495,8748,12416,18000,18000,18000,16000,22000,21000,18000,21000,21000,41200,41000,55000,57000,70000,42000,61000,62000,52000,65000,57000
9402,9,10068,3,1,10068,-5,7,8,7394,3415,5651,8780,-2,-2,5000,-2,-2,-2,-2,-5,-5,-5,-5,-5,-5,-5,-5,-5,-5,-5,-5,-5,-5,-5,-5
9403,12,-4,3,2,-3,4354,8,10,4651,3172,2856,4512,-2,4716,5760,5832,6276,6300,6000,-5,-5,-5,-5,-5,-5,-5,-5,-5,-5,-5,-5,-5,-5,-5,-5
9404,9,-4,3,1,1620,-3,10,9,18135,-3,-2,3304,3060,5808,1500,0,0,-2,-2,-5,-5,-5,-5,-5,-5,-5,-5,-5,-5,-5,-5,-5,-5,-5,-5
9405,9,5000,3,1,5000,-3,4,5,8721,-3,15791,-2,-2,800,-2,-5,8000,810,3201,-5,-5,-5,-5,-5,-5,-5,-5,-5,-5,-5,-5,-5,-5,-5,-5
9406,12,5000,3,2,5000,3210,-4,-4,-5,-5,-5,-5,-5,-5,-5,-5,-5,-5,-5,-5,-5,-5,-5,-5,-5,-5,-5,-5,-5,-5,-5,-5,-5,-5,-5
9407,9,7144,3,1,7144,3500,20,23,25118,8000,-2,11850,20000,12000,9100,17000,8700,12000,15000,-5,-5,-5,-5,-5,-5,-5,-5,-5,-5,-5,-5,-5,-5,-5,-5
9408,12,-4,3,2,2224,15460,54,55,67811,8672,8376,9986,7956,8364,-2,8532,12416,26000,32000,-5,-5,-5,-5,-5,-5,-5,-5,-5,-5,-5,-5,-5,-5,-5,-5
9409,12,-4,3,2,102,5300,6,3,1685,5550,-2,6060,5000,33700,-2,326,5036,-2,-2,-5,-5,-5,-5,-5,-5,-5,-5,-5,-5,-5,-5,-5,-5,-5,-5
9410,9,6650,3,1,6650,10000,21,20,19813,20000,-2,-2,26273,-2,-2,39000,13505,-2,-2,-5,-5,-5,-5,-5,-5,-5,-5,-5,-5,-5,-5,-5,-5,-5,-5
9411,9,6650,3,1,6650,10000,56,52,63046,20000,17464,-3,26273,-2,15000,25500,29400,28620,29626,-5,-5,-5,-5,-5,-5,-5,-5,-5,-5,-5,-5,-5,-5,-5,-5
9412,10,4700,2,1,4700,-3,-3,-3,10911,5577,9245,8000,10375,9530,0,20000,0,1400,0,1300,1000,900,1200,0,720,630,-2,-2,30000,33005,36870,30000,40000,40000,40000
9413,13,4200,2,2,4200,-3,11,10,15116,5629,70926,2640,2944,1077,6319,7488,-2,-2,-2,5268,-2,4512,9792,7588,12000,32482,9344,17160,13000,16040,18000,22712,27000,38990,13000
9414,10,2500,2,1,2500,-3,16,22,23407,4305,6348,5991,10000,4000,20000,16000,5775,11030,9020,9530,2976,-5,19000,13030,31030,52430,52760,-2,33020,41600,30027,30000,38000,40000,45000
9415,12,30000,3,2,30000,2535,51,44,66489,3600,10750,15992,16215,17070,27227,38500,48200,52000,-2,-5,-5,-5,-5,-5,-5,-5,-5,-5,-5,-5,-5,-5,-5,-5,-5
9416,14,-4,1,2,27000,36150,99,99,93535,36050,55050,40300,33050,42550,25050,-2,500,22300,84650,159805,839078,70200,100000,974100,140200,21500,132050,-2,-2,41025,-2,-2,-2,-2,-3
9417,13,-4,2,2,-2,20400,18,19,15348,25000,28500,31511,35960,39730,37250,35300,38200,42000,48264,48100,49759,82500,60550,-5,52000,-1,-1,-2,83000,-2,-2,-2,-1,-1,93440
9418,10,55000,2,1,55000,60000,96,99,98350,70000,75001,45750,49500,59400,80000,87000,93000,96000,77000,68500,82000,81000,91000,974100,118000,152000,390662,162000,175000,250000,-2,-1,-1,250000,-3
9419,10,55000,2,1,55000,75000,91,88,77616,7500,15000,21825,19610,27187,28100,33200,48200,58200,57000,66050,53850,55200,-2,66000,73000,86500,89000,94000,104000,166000,138000,131000,150000,114000,124500
9420,11,-4,1,1,1502,37500,94,97,94605,11000,10801,8232,16050,16000,9100,14000,27800,28000,27570,35080,40500,45000,49000,52200,56000,74600,83000,84027,90000,97399,-2,109531,56389,60000,60000
9421,13,32300,2,2,32300,47500,51,63,53578,16050,31595,44850,35500,38500,32400,53700,55500,58400,63300,71400,77500,83000,84500,89800,97500,106000,120000,127800,143300,164250,178200,193000,203200,216500,198100
9422,10,32300,2,1,32300,47500,52,49,49886,56000,58000,-2,-2,60000,65000,32050,62500,-2,61100,62350,57700,47643,37084,-2,-2,-2,55000,50200,65100,76060,76250,97500,110200,110400,280600
9423,13,32300,2,2,32300,47500,18,21,26127,56000,58000,49700,40000,-2,40000,2200,16000,25400,29150,25400,26000,30785,15650,14000,47020,71000,95075,88000,58000,70020,56020,48000,46600,61600,53000
9424,11,20000,1,1,20000,28000,11,11,14080,20000,61088,48000,70000,20000,21650,56000,-3,84000,-2,-1,49000,57000,74000,-2,-2,50000,105000,125000,-1,-1,90000,100000,95000,100000,-3
9425,11,20000,1,1,20000,28000,38,30,43985,20000,61088,19000,35000,50000,55000,46000,29000,85000,-2,-2,100000,160097,93000,54500,56000,70000,139000,150000,195000,231200,220000,195000,230000,230000,275000
9426,11,20000,1,1,20000,28000,26,23,20967,20000,61088,48000,70000,52800,55000,50100,-2,83000,31000,31700,27150,26500,30250,-2,68000,85000,110000,93050,93000,100000,83825,78200,108000,128050,123000
9427,9,-2,3,1,-2,7000,1,1,95,20000,11000,10000,-2,-2,20000,10600,-2,-2,7000,-5,-5,-5,-5,-5,-5,-5,-5,-5,-5,-5,-5,-5,-5,-5,-5
9428,12,-2,3,2,-2,7000,8,8,11325,20000,8500,4070,-2,-2,20000,21959,-5,-5,-5,-5,-5,-5,-5,-5,-5,-5,-5,-5,-5,-5,-5,-5,-5,-5,-5
9429,12,-2,3,2,-2,-5,21,27,36862,20000,11000,14000,4350,-5,-5,20250,16200,17000,16600,-5,-5,-5,-5,-5,-5,-5,-5,-5,-5,-5,-5,-5,-5,-5,-5
9430,12,-2,3,2,-2,7000,14,11,26269,20000,11000,3497,1056,5728,5000,6000,6000,28000,6200,-5,-5,-5,-5,-5,-5,-5,-5,-5,-5,-5,-5,-5,-5,-5,-5
9431,10,-3,2,1,-3,12000,36,36,33352,13000,-2,-2,-2,22000,-2,-2,2000,-2,0,-2,40000,-2,-2,-2,-5,-2,-2,-5,0,0,-5,-5,-1,582,-3
9432,12,-4,3,2,-3,3700,2,2,3679,3200,4284,7369,8595,14312,5171,13555,13512,7884,6800,-5,-5,-5,-5,-5,-5,-5,-5,-5,-5,-5,-5,-5,-5,-5,-5
9433,13,-4,2,2,110,3688,4,2,3861,-3,1708,4872,5348,8944,19609,-2,20570,27673,-2,11400,-2,-2,-2,-2,-2,30400,-1,24778,-2,-2,13100,785,11304,7654,7380
9434,14,6500,1,2,6500,-5,4,3,2561,680,4824,11200,14000,27600,12000,-5,4160,6684,350,5000,9848,9337,14942,-2,17642,15448,10000,19216,25720,14328,25800,-2,25392,24240,-3
9435,11,6500,1,1,6500,-5,-4,-4,-5,-5,-5,500,0,2400,3000,2700,-5,-5,-5,-5,3300,0,0,-1,2000,-5,200,-2,10500,0,-2,-2,-2,0,2400
9436,11,-2,1,1,-2,13000,8,10,9668,16000,-2,-2,22500,16700,21000,21500,-2,6522,-2,9000,840,14994,0,29000,-2,-2,-2,20344,11052,0,11460,10704,-2,12852,13200
9437,10,11000,2,1,11000,15332,9,11,22351,15179,550,32400,9000,30000,48000,17168,-2,47000,24000,25000,4500,12000,10164,-2,-2,14000,40350,35560,60156,67576,72000,77000,53000,72000,82000
9438,10,7728,2,1,7728,7452,20,23,35047,-5,-5,-5,-5,-5,-5,-5,-5,-5,-5,-5,-5,-5,-5,-5,-5,-5,-5,-5,-5,-5,-5,-5,-5,-5,-5
9439,10,7728,2,1,7728,7452,12,11,11260,-5,-5,-5,-5,-5,-5,-5,-5,-5,-5,-5,-5,-5,-5,-5,-5,-5,-5,-5,-5,-5,-5,-5,-5,-5,-5
9440,13,7728,2,2,7728,7452,3,2,1029,-5,-5,-5,-5,-5,-5,-5,-5,-5,-5,-5,-5,-5,-5,-5,-5,16640,-5,-2,-5,-5,-5,-5,-5,-5,-5
9441,13,6800,2,2,6800,-3,39,37,42956,-3,5768,5000,-2,10080,-2,7232,-5,-2,-2,912,1692,103,1838,2556,-2,2186,-2,-1,7500,0,-2,9000,11400,-1,-3
9442,10,6800,2,1,6800,1000,29,30,25021,5889,7000,8700,-2,10080,-2,5500,26000,27000,24420,-2,18000,15000,9000,8000,-2,38000,27400,7675,12000,20940,-2,13512,2314,14352,21504
9443,10,6800,2,1,6800,40,29,29,43746,-3,5768,-2,-2,-1,0,10000,9000,9000,10000,13000,-5,-5,20000,-2,21480,0,-2,10000,18000,26000,27000,33000,67000,64000,65000
9444,13,9500,2,2,9500,75001,18,16,15112,45000,4576,6795,38865,-2,13215,4500,1308,876,12500,12920,8960,5928,7140,-2,13650,-2,20128,14000,14900,13000,14360,11472,12300,12514,13044
9445,9,-4,3,1,3130,3260,84,97,88535,17600,16742,20060,21000,20000,45000,31025,29500,35500,61000,-5,-5,-5,-5,-5,-5,-5,-5,-5,-5,-5,-5,-5,-5,-5,-5
9446,13,-4,2,2,5130,2799,56,41,30308,2797,-2,4400,10800,12000,1308,20000,23000,47025,47500,60045,66075,72075,72050,70000,-2,-2,-2,118000,104000,113500,64000,59000,58000,69000,90500
9447,9,-4,3,1,2372,3319,84,80,65238,2500,8600,5200,12000,16000,21000,47000,56500,57100,67000,-5,-5,-5,-5,-5,-5,-5,-5,-5,-5,-5,-5,-5,-5,-5,-5
9448,9,-4,3,1,3700,6140,98,93,90237,4950,11600,16000,28000,17825,10295,40000,36400,34070,48100,-5,-5,-5,-5,-5,-5,-5,-5,-5,-5,-5,-5,-5,-5,-5,-5
9449,9,-4,3,1,2410,1800,99,99,93452,35000,7000,12020,13000,31500,24530,24200,23300,22200,31200,-5,-5,-5,-5,-5,-5,-5,-5,-5,-5,-5,-5,-5,-5,-5,-5
9450,9,-4,3,1,2510,2300,73,79,75046,2500,7000,30000,12000,16000,16500,16000,36000,38050,40000,-5,-5,-5,-5,-5,-5,-5,-5,-5,-5,-5,-5,-5,-5,-5,-5
9451,9,-4,3,1,3655,-3,79,89,86916,20551,19630,34787,33000,41359,45000,50000,50500,43000,43000,-5,-5,-5,-5,-5,-5,-5,-5,-5,-5,-5,-5,-5,-5,-5,-5
9452,12,-4,3,2,3020,6800,92,95,91558,15000,18500,18500,28612,20000,24000,44000,46800,52425,57910,-5,-5,-5,-5,-5,-5,-5,-5,-5,-5,-5,-5,-5,-5,-5,-5
9453,9,-4,3,1,3005,-3,98,99,100000,-3,18570,75001,-2,31900,43900,51000,47500,61000,62500,-5,-5,-5,-5,-5,-5,-5,-5,-5,-5,-5,-5,-5,-5,-5,-5
9454,12,-4,3,2,4109,3780,69,61,48030,9000,12000,10000,-2,44000,25000,-2,-2,888,0,-5,-5,-5,-5,-5,-5,-5,-5,-5,-5,-5,-5,-5,-5,-5,-5
9455,12,-4,3,2,3400,25000,85,81,85028,51000,30000,21000,-2,33000,44200,53000,58000,-2,62000,-5,-5,-5,-5,-5,-5,-5,-5,-5,-5,-5,-5,-5,-5,-5,-5
9456,12,-4,3,2,2600,2900,91,84,87050,3300,-2,-2,75001,6210,5125,3000,11000,27000,19920,-5,-5,-5,-5,-5,-5,-5,-5,-5,-5,-5,-5,-5,-5,-5,-5
9457,12,-4,3,2,1501,2400,77,73,62881,1442,-2,12270,18291,30047,31100,37150,37300,50300,56200,-5,-5,-5,-5,-5,-5,-5,-5,-5,-5,-5,-5,-5,-5,-5,-5
9458,12,-4,3,2,2045,21200,54,50,47859,23000,27000,37000,27970,-2,33185,17000,7900,-2,37500,-5,-5,-5,-5,-5,-5,-5,-5,-5,-5,-5,-5,-5,-5,-5,-5
9459,12,-4,3,2,1220,1286,82,84,84576,1586,5030,2610,4500,17000,32650,36200,36300,34300,58300,-5,-5,-5,-5,-5,-5,-5,-5,-5,-5,-5,-5,-5,-5,-5,-5
9460,12,-4,3,2,2204,3852,59,63,49515,12000,10040,-2,19090,29200,32500,31500,28000,39200,42300,-5,-5,-5,-5,-5,-5,-5,-5,-5,-5,-5,-5,-5,-5,-5,-5
9461,12,-4,3,2,3000,4500,75,68,61837,19000,28000,36063,37800,26800,35000,35000,-5,40000,40500,-5,-5,-5,-5,-5,-5,-5,-5,-5,-5,-5,-5,-5,-5,-5,-5
9462,12,-4,3,2,486,3000,78,72,57524,1700,12700,13587,15365,17324,40200,51000,57500,60600,40800,-5,-5,-5,-5,-5,-5,-5,-5,-5,-5,-5,-5,-5,-5,-5,-5
9463,12,-4,3,2,2310,2500,57,74,79341,7200,18700,19000,25560,36000,37000,40000,47075,50500,58000,-5,-5,-5,-5,-5,-5,-5,-5,-5,-5,-5,-5,-5,-5,-5,-5
9464,12,-4,3,2,2600,4460,80,89,80759,7120,17319,48613,44500,-2,45843,53200,-1,39300,-2,-5,-5,-5,-5,-5,-5,-5,-5,-5,-5,-5,-5,-5,-5,-5,-5
9465,12,-4,3,2,1895,3150,96,99,100000,8180,16045,20250,42710,44300,49464,51200,49600,-2,61400,-5,-5,-5,-5,-5,-5,-5,-5,-5,-5,-5,-5,-5,-5,-5,-5
9466,12,-4,3,2,5900,-3,78,82,82517,-3,8530,11427,13000,32500,36500,27230,26500,31000,39800,-5,-5,-5,-5,-5,-5,-5,-5,-5,-5,-5,-5,-5,-5,-5,-5
9467,9,-4,3,1,2150,5034,85,89,82124,5575,6461,7700,4005,10005,13075,10015,12005,-2,22004,-5,-5,-5,-5,-5,-5,-5,-5,-5,-5,-5,-5,-5,-5,-5,-5
9468,9,-4,3,1,4940,8500,78,79,76418,6415,8020,10015,17624,47112,45500,49000,56600,57075,64050,-5,-5,-5,-5,-5,-5,-5,-5,-5,-5,-5,-5,-5,-5,-5,-5
9469,12,-4,3,2,2278,4000,99,98,95730,27300,31000,-5,16003,-5,-5,-5,-5,-5,-5,-5,-5,-5,-5,-5,-5,-5,-5,-5,-5,-5,-5,-5,-5,-5,-5
9470,9,5552,3,1,5552,4600,8,5,9984,6500,-2,-2,9400,4728,11240,15063,-2,16686,10432,-5,-5,-5,-5,-5,-5,-5,-5,-5,-5,-5,-5,-5,-5,-5,-5
9471,9,5552,3,1,5552,5280,1,1,2486,6000,4560,4700,3816,3770,-2,-2,-2,-5,-2,-5,-5,-5,-5,-5,-5,-5,-5,-5,-5,-5,-5,-5,-5,-5,-5
9472,9,5552,3,1,5552,20500,1,3,5550,6000,4560,4000,-2,3770,-2,-2,-2,-2,4782,-5,-5,-5,-5,-5,-5,-5,-5,-5,-5,-5,-5,-5,-5,-5,-5
9473,12,-4,3,2,6528,6648,16,17,11873,7980,8700,9228,9288,10164,10104,9412,13000,15752,17000,-5,-5,-5,-5,-5,-5,-5,-5,-5,-5,-5,-5,-5,-5,-5,-5
9474,9,6000,3,1,6000,12026,8,11,10668,10800,12700,14737,12500,8000,6500,22000,16990,32000,44000,-5,-5,-5,-5,-5,-5,-5,-5,-5,-5,-5,-5,-5,-5,-5,-5
9475,9,5360,3,1,5360,3927,15,16,22633,7362,5200,0,-2,17000,-2,-2,-2,0,870,-5,-5,-5,-5,-5,-5,-5,-5,-5,-5,-5,-5,-5,-5,-5,-5
9476,12,-4,3,2,261,70,13,8,6949,4000,8736,3216,4584,4740,3504,5467,2964,2244,7320,-5,-5,-5,-5,-5,-5,-5,-5,-5,-5,-5,-5,-5,-5,-5,-5
9477,12,5360,3,2,5360,3927,2,2,1811,3924,8736,4186,3392,3304,6140,4164,8424,7956,8352,-5,-5,-5,-5,-5,-5,-5,-5,-5,-5,-5,-5,-5,-5,-5,-5
9478,9,7286,3,1,7286,12000,66,56,68707,7500,10000,-2,8300,10978,12000,-2,5000,-2,10000,-5,-5,-5,-5,-5,-5,-5,-5,-5,-5,-5,-5,-5,-5,-5,-5
9479,12,5420,3,2,5420,8000,77,65,77100,4000,9000,5181,9000,8300,21732,24428,24191,25480,31360,-5,-5,-5,-5,-5,-5,-5,-5,-5,-5,-5,-5,-5,-5,-5,-5
9480,12,5420,3,2,5420,8000,19,17,45833,5500,9000,8000,2864,-2,24380,19190,-2,-2,44500,-5,-5,-5,-5,-5,-5,-5,-5,-5,-5,-5,-5,-5,-5,-5,-5
9481,12,-2,3,2,-2,4000,76,80,85445,-3,-2,20000,-2,-2,-2,-2,-2,-2,-2,-5,-5,-5,-5,-5,-5,-5,-5,-5,-5,-5,-5,-5,-5,-5,-5
9482,12,-4,3,2,-3,-3,4,6,4124,-3,-2,9308,11493,10248,9972,9264,6916,9540,16664,-5,-5,-5,-5,-5,-5,-5,-5,-5,-5,-5,-5,-5,-5,-5,-5
9483,14,27000,1,2,27000,23000,15,13,14249,20000,11102,6424,1350,-5,22638,16000,15645,20585,14675,15000,8360,37400,24000,42000,35030,35100,75100,68000,96000,52800,57600,66700,129000,80000,109000
9484,11,27000,1,1,27000,23000,8,10,10776,20000,18500,-2,6500,-2,9500,-2,6550,20600,-2,20500,-2,-2,23100,27000,-2,30400,19000,-2,20000,-2,-2,23000,23000,-2,22000
9485,14,27000,1,2,27000,23000,31,28,31610,-3,20725,24020,-5,-5,13560,25044,15460,21468,22509,25016,23030,25530,-2,-2,-2,-5,-5,-1,-1,-1,-2,-2,71000,-1,-5
9486,11,27000,1,1,27000,23000,10,8,9878,20000,18500,-2,15000,3923,-2,23500,24492,29300,31300,29000,31665,32000,34900,40900,40000,56000,-2,60000,64000,-1,-1,-1,-2,-2,-3
9487,14,-4,1,2,7865,7302,22,22,25326,8010,-2,19400,26200,-2,-2,-2,-2,-2,45400,39500,34900,34450,38000,51000,27000,-2,-5,35000,62000,-2,66000,-5,-5,-5,-5
9488,12,27000,3,2,27000,2015,67,57,59757,53000,21368,2335,24000,-2,33850,35200,-2,41155,42200,-5,-5,-5,-5,-5,-5,-5,-5,-5,-5,-5,-5,-5,-5,-5,-5
9489,12,12000,3,2,12000,11540,3,3,1846,14000,17000,18000,14887,18000,0,500,-2,3000,7000,-5,-5,-5,-5,-5,-5,-5,-5,-5,-5,-5,-5,-5,-5,-5,-5
9490,12,-4,3,2,-2,-3,48,51,59788,4037,5833,4202,-2,38068,-2,45025,12906,15730,17035,-5,-5,-5,-5,-5,-5,-5,-5,-5,-5,-5,-5,-5,-5,-5,-5
9491,9,-4,3,1,4300,-3,24,18,17252,9061,11585,4725,11124,6757,14760,13836,12137,12000,14586,-5,-5,-5,-5,-5,-5,-5,-5,-5,-5,-5,-5,-5,-5,-5,-5
9492,12,9000,3,2,9000,10800,26,26,35993,13076,16251,12269,8374,10900,17065,18316,23590,31000,24975,-5,-5,-5,-5,-5,-5,-5,-5,-5,-5,-5,-5,-5,-5,-5,-5
9493,9,9000,3,1,9000,10800,64,68,81696,13076,3574,6392,-2,11560,6587,8056,15300,15900,28464,-5,-5,-5,-5,-5,-5,-5,-5,-5,-5,-5,-5,-5,-5,-5,-5
9494,9,9000,3,1,9000,10800,8,9,12621,13076,16251,15103,18000,13000,24460,26677,38850,37900,35235,-5,-5,-5,-5,-5,-5,-5,-5,-5,-5,-5,-5,-5,-5,-5,-5
9495,12,-4,3,2,3903,6901,80,84,71196,4424,9511,12526,17095,18130,-2,19900,-2,38300,42520,-5,-5,-5,-5,-5,-5,-5,-5,-5,-5,-5,-5,-5,-5,-5,-5
9496,14,-2,1,2,-2,-3,42,48,61361,-3,1500,0,12000,33200,-5,-5,-2,26000,-2,43200,-2,42200,99440,-5,-5,-5,-5,-5,-5,-5,-5,-5,-5,-5,-5
9497,12,6000,3,2,6000,3211,3,6,6541,16891,8928,8928,8190,8000,8271,-2,47640,-2,-2,-5,-5,-5,-5,-5,-5,-5,-5,-5,-5,-5,-5,-5,-5,-5,-5
9498,12,-4,3,2,-2,10056,13,10,5298,-3,3020,2259,8821,-2,9676,10000,14000,13000,19260,-5,-5,-5,-5,-5,-5,-5,-5,-5,-5,-5,-5,-5,-5,-5,-5
9499,12,-4,3,2,4440,4528,7,6,5590,-3,4656,-2,7988,6856,5412,-2,12236,8058,-2,-5,-5,-5,-5,-5,-5,-5,-5,-5,-5,-5,-5,-5,-5,-5,-5
9500,12,-4,3,2,-3,-3,7,5,5941,-3,4600,4874,24000,-5,-5,-5,32300,29046,31000,-5,-5,-5,-5,-5,-5,-5,-5,-5,-5,-5,-5,-5,-5,-5,-5
9501,12,-4,3,2,1200,6560,5,5,4375,15000,18050,13900,16050,23000,19000,22000,18060,25000,42000,-5,-5,-5,-5,-5,-5,-5,-5,-5,-5,-5,-5,-5,-5,-5,-5
9502,9,-2,3,1,-2,25200,81,77,59806,19272,20460,22972,32772,30000,20000,18990,23910,26870,-2,-5,-5,-5,-5,-5,-5,-5,-5,-5,-5,-5,-5,-5,-5,-5,-5
9503,10,9000,2,1,9000,2000,8,10,5727,-3,12959,16527,19957,10496,2740,29000,30090,16050,-2,7000,9050,20716,16593,13000,29000,-2,-2,26208,22120,24907,39524,38368,37952,27292,-3
9504,13,9000,2,2,9000,12000,67,53,61821,13288,-2,14060,18973,31420,40000,42803,36500,35500,31500,39000,36000,38500,38000,41000,42500,75000,54100,57400,93000,35000,92000,62000,69300,50400,71000
9505,9,7000,3,1,7000,10000,6,6,7853,13000,14600,28000,28000,33500,35000,23150,-2,16000,19000,-5,-5,-5,-5,-5,-5,-5,-5,-5,-5,-5,-5,-5,-5,-5,-5
9506,9,7000,3,1,7000,10000,7,6,5778,13000,14600,28000,28000,33500,35000,8900,25516,10496,-2,-5,-5,-5,-5,-5,-5,-5,-5,-5,-5,-5,-5,-5,-5,-5,-5
9507,12,-4,3,2,13920,22450,70,75,60158,38212,34264,25250,28540,28000,35000,35000,35000,44050,45025,-5,-5,-5,-5,-5,-5,-5,-5,-5,-5,-5,-5,-5,-5,-5,-5
9508,9,8500,3,1,8500,19500,21,19,26560,25000,20000,13200,12792,19000,-2,16000,12000,-2,11000,-5,-5,-5,-5,-5,-5,-5,-5,-5,-5,-5,-5,-5,-5,-5,-5
9509,9,9000,3,1,9000,15000,83,78,74837,6165,12000,5097,9392,20000,13500,8250,19000,12000,17896,-5,-5,-5,-5,-5,-5,-5,-5,-5,-5,-5,-5,-5,-5,-5,-5
9510,12,9000,3,2,9000,-3,35,29,26700,10246,4236,15000,16600,744,3402,-2,15400,4000,-2,-5,-5,-5,-5,-5,-5,-5,-5,-5,-5,-5,-5,-5,-5,-5,-5
9511,9,-4,3,1,2000,3640,9,8,5716,-3,-2,225,5990,7976,9286,12540,11968,11000,24975,-5,-5,-5,-5,-5,-5,-5,-5,-5,-5,-5,-5,-5,-5,-5,-5
9512,13,6100,2,2,6100,4000,36,25,23901,6099,33000,43400,5551,8477,42736,-2,48620,50009,20320,-2,25108,-2,-2,30955,-5,80000,-5,-5,131650,40701,-2,50000,70000,65000,-3
9513,10,4500,2,1,4500,8000,39,36,55819,10000,4830,7500,11340,-2,14240,20340,-3,29325,30030,32045,35415,37840,40050,76000,82000,90000,92000,121500,128050,142620,158030,-2,195000,203000,207000
9514,13,-2,2,2,-2,-3,17,16,31947,-3,-2,-2,0,-1,-2,-2,-2,-2,-2,23000,-2,-2,-2,-2,-2,60000,-2,50000,-2,-2,-2,166000,36152,-2,-3
9515,12,-4,3,2,3120,3756,6,8,11683,4788,5134,5316,5364,-2,6180,-3,7116,7368,7259,-5,-5,-5,-5,-5,-5,-5,-5,-5,-5,-5,-5,-5,-5,-5,-5
9516,14,3277,1,2,3277,4572,-3,-3,6510,4616,8031,-2,2821,9100,7212,7224,36804,71784,32000,40000,-3,-2,-2,-2,-2,0,60000,-2,160000,0,-2,10764,11100,-2,-3
9517,14,-4,1,2,11353,12750,54,55,59335,14450,2300,23024,-2,5472,10116,8710,8396,7424,21650,4200,11000,8700,8140,7400,2400,-2,19600,9000,-5,12000,23000,26500,27000,38500,37000
9518,9,5876,3,1,5876,10494,13,20,22879,12425,-2,14165,15796,14045,19900,23376,21000,28912,26000,-5,-5,-5,-5,-5,-5,-5,-5,-5,-5,-5,-5,-5,-5,-5,-5
9519,9,5876,3,1,5876,7000,6,11,19191,8700,12000,13652,8500,8000,8600,11272,14400,-2,27350,-5,-5,-5,-5,-5,-5,-5,-5,-5,-5,-5,-5,-5,-5,-5,-5
9520,9,4000,3,1,4000,-5,-4,-4,-4,-3,2787,6496,4180,8200,-2,-1,2908,-2,-2,-5,-5,-5,-5,-5,-5,-5,-5,-5,-5,-5,-5,-5,-5,-5,-5
9521,13,10000,2,2,10000,3480,20,18,10318,3468,3660,4532,3780,4296,4584,4548,4944,6243,8508,7260,7488,7512,9276,7848,40010,44000,49000,51000,56000,60554,53000,70000,48000,90000,70000
9522,13,10000,2,2,10000,11000,9,8,7807,16000,-2,23908,30500,20000,25500,27000,31500,38000,39000,42200,38716,48000,42000,54600,-2,21420,-5,-5,30000,-5,42000,50000,0,6450,52000
9523,13,10000,2,2,10000,14000,38,37,47332,8260,8140,6888,4008,9780,5780,13221,22418,8617,8532,10748,10536,12960,20088,18151,5700,9080,0,16611,13000,3000,-2,33933,28421,16452,66576
9524,9,-4,3,1,7000,9600,8,9,10781,12350,13982,5826,-2,15910,25000,32600,43000,40500,46000,-5,-5,-5,-5,-5,-5,-5,-5,-5,-5,-5,-5,-5,-5,-5,-5
9525,12,-4,3,2,7000,10875,-4,-4,-5,-5,-2,8464,-2,21542,12480,17400,15000,16000,43100,-5,-5,-5,-5,-5,-5,-5,-5,-5,-5,-5,-5,-5,-5,-5,-5
9526,12,10488,3,2,10488,9000,99,96,88181,12000,23000,23000,45000,17200,18300,27500,23720,19100,21100,-5,-5,-5,-5,-5,-5,-5,-5,-5,-5,-5,-5,-5,-5,-5,-5
9527,12,10488,3,2,10488,15000,75,69,66899,12000,23000,-2,-2,16000,16000,15000,15000,-5,-5,-5,-5,-5,-5,-5,-5,-5,-5,-5,-5,-5,-5,-5,-5,-5,-5
9528,9,10488,3,1,10488,9000,99,99,100000,12000,16000,13000,20000,5400,6375,8900,39300,44000,49800,-5,-5,-5,-5,-5,-5,-5,-5,-5,-5,-5,-5,-5,-5,-5,-5
9529,14,-4,1,2,7120,-3,2,6,6581,-5,20000,0,0,2400,-2,42,-5,12000,23000,18000,10000,13760,11720,12624,12140,-2,14000,15000,1000,6500,11352,14088,2016,10824,11436
9530,14,8000,1,2,8000,8000,33,22,27118,20000,27260,-2,16000,-5,33000,-1,42200,49015,45025,-2,43500,56000,23030,-5,63000,-1,-1,-1,-5,60000,-1,-5,-5,-5,-5
9531,11,8000,1,1,8000,8000,4,5,3651,20000,14000,-2,-2,-5,-5,-5,-5,-5,-5,-2,41000,40000,42000,51000,-2,-2,-5,-5,-5,-5,61000,-5,79800,95000,103000
9532,14,8000,1,2,8000,8000,9,10,9119,20000,11000,-2,-2,-2,-2,-1,30000,-2,-3,-1,-5,-1,-1,-1,-1,-2,-1,-1,-5,-1,-1,-1,-1,-1,-3
9533,11,8000,1,1,8000,11000,8,8,6515,20000,7000,18000,18400,23612,-5,-5,-5,-5,-5,-5,-5,-5,-5,-5,-5,-5,-5,-5,-5,-5,-5,-5,-5,-5,-5
9534,13,4500,2,2,4500,-3,30,21,21852,4000,-2,-2,-2,-1,-5,-2,-2,-5,-5,-5,-5,-5,-5,-5,-5,-5,-5,-5,-5,-5,-5,100000,110600,125000,120000
9535,13,4500,2,2,4500,13000,12,4,13889,3000,-2,-2,-2,-1,20000,-2,0,-2,6000,22000,-5,0,1114,0,-2,0,0,21000,0,0,0,-2,1400,200,-3
9536,13,-2,2,2,-2,13000,19,16,11001,800,13443,13000,2000,12051,-2,8640,9252,9252,2400,0,26000,30000,35000,35000,-2,40000,38000,57000,147280,104000,56000,112000,120000,128587,-3
9537,14,-3,1,2,-3,-3,2,4,4809,7300,5940,7488,8005,7080,7368,8085,-2,18324,0,18252,9968,-2,-2,-2,-2,-5,-5,0,0,0,0,6370,2052,10512,9000
9538,11,7000,1,1,7000,2472,1,1,5856,-3,5940,5448,9000,11000,11000,21627,-2,-2,-2,-2,10290,-2,-2,-2,-2,21500,5992,10000,7000,-2,26400,2700,2352,11304,5328
9539,11,7000,1,1,7000,-3,1,1,115,4848,-5,-2,10140,11000,3000,13612,8532,11016,8604,-3,9120,-2,-2,0,-2,15000,26000,31370,30000,102000,-2,34000,-2,54080,28000
9540,11,7600,1,1,7600,7000,19,32,34599,2700,8300,8939,5000,17000,-2,10140,17000,20100,38200,-2,-2,30300,21500,34050,30000,40000,-5,12000,38000,40000,20000,26502,35000,32000,2565
9541,14,7660,1,2,7660,7000,17,24,30795,3000,8000,6000,12312,500,-2,0,-2,-2,-3,-2,6000,-5,-5,6000,28000,54000,32000,115000,66000,84000,62000,72016,72000,16445,15000
9542,13,6788,2,2,6788,13000,14,9,8456,2000,8300,9000,-2,7284,6912,7728,9226,6150,15600,24800,31000,-2,2500,7000,-3,-5,30444,31072,40000,51297,51500,21815,25380,30194,39284
9543,10,-1,2,1,-1,16000,77,76,76660,6178,24365,18000,19500,23250,40000,25000,-1,53200,53150,56000,41400,44000,48000,60000,68000,80000,86000,-5,-5,108700,116400,111460,111080,170000,31000
9544,13,-2,2,2,-2,16000,69,72,64141,14000,20000,-1,30000,-2,57000,-2,58713,39190,-2,81000,-2,-2,40300,-2,35000,-2,51936,50000,-2,-2,65060,-2,-2,-2,83000
9545,9,-4,3,1,10000,20100,43,37,27957,7510,20000,9000,13000,-5,-5,-2,20050,-2,54000,-5,-5,-5,-5,-5,-5,-5,-5,-5,-5,-5,-5,-5,-5,-5,-5
9546,9,7500,3,1,7500,51610,31,32,30069,21210,37000,20000,34000,13000,30000,39938,21000,-2,29000,-5,-5,-5,-5,-5,-5,-5,-5,-5,-5,-5,-5,-5,-5,-5,-5
9547,11,17640,1,1,17640,23000,28,17,16220,-3,8000,17100,12280,26400,14000,12280,-2,-2,-2,47000,35000,-2,38600,32000,41112,-2,55000,41000,15900,-5,-5,-5,-5,-5,-5
9548,11,17640,1,1,17640,23000,22,13,29033,24000,8000,17100,12280,26400,14000,-2,-2,-2,-2,53025,70000,62000,73100,-2,95580,-2,95000,110000,130000,138040,140020,146015,66000,-2,-3
9549,9,3400,3,1,3400,-3,55,49,45109,7000,9000,12390,4680,-2,-2,-5,17000,-2,15400,-5,-5,-5,-5,-5,-5,-5,-5,-5,-5,-5,-5,-5,-5,-5,-5
9550,11,15000,1,1,15000,-5,42,32,33099,25000,-2,24550,-2,30000,34600,18000,21200,22100,30000,-5,-2,25000,25000,59100,40000,60000,65000,130000,275000,454737,-2,-5,40000,90000,-5
9551,11,15000,1,1,15000,-5,47,42,40534,25000,-5,-5,-5,-5,-5,-5,-5,-5,-5,-5,-5,-5,-5,-5,-5,-5,-5,-5,-5,-5,-5,-5,-5,-5,-5
9552,10,-1,2,1,-1,6000,28,18,19746,-3,-1,200,11000,-2,-2,5992,3000,10000,12772,16500,15000,11500,18000,18000,25000,25000,25000,20000,36000,23000,25000,37440,-5,-5,-5
9553,10,-1,2,1,-1,5538,19,15,12281,-3,-2,0,11000,-2,-2,2736,11376,7058,11148,14292,-2,-3,5672,948,-2,-2,10000,45000,51000,-2,2079,18408,9492,-5,-5
9554,13,-4,2,2,-2,-3,26,18,19242,4470,5448,13848,12024,9308,11548,6396,9510,14588,7596,13681,-2,29106,12294,19560,21000,52000,73870,408473,83000,70805,38780,12826,30012,40388,17104
9555,10,-4,2,1,-3,-3,26,29,27231,-3,12248,13848,8880,-2,6360,2700,6328,7196,10000,40530,-2,550,-2,14300,6552,15468,13512,11632,0,7476,14856,-5,-5,-5,-5
9556,13,-4,2,2,1096,4980,11,10,9120,4041,5448,5436,5688,5856,6312,6324,4188,6828,6996,6804,7080,11484,8310,9288,1783,0,2640,1812,15400,1020,2400,2400,1170,1344,-3
9557,13,8000,2,2,8000,21200,20,15,12792,-3,9350,-2,-2,-2,15000,-2,-2,6000,15000,9799,1000,17000,22000,22000,22000,30000,-5,-5,47000,60000,64000,-1,25535,20000,23664
9558,13,8000,2,2,8000,-3,2,3,1216,-3,9530,-2,20000,-2,25000,-2,3000,4524,4896,14546,-2,-2,-2,7524,-1,-1,-5,-1,-1,550,2352,0,0,-2,-3
9559,13,8000,2,2,8000,-3,1,2,2371,-3,9350,-2,-2,-2,-2,-2,0,2098,10308,4320,-2,-2,-2,0,-2,-2,-2,0,0,0,6000,-2,0,0,0
9560,13,8000,2,2,8000,-3,30,23,35894,-3,9530,-2,20000,-2,-2,13000,39000,41500,48200,48000,25200,27000,29000,31200,38000,41000,-2,56000,64654,-1,-2,45000,41700,30300,26513
9561,10,-4,2,1,22100,17485,8,9,14054,24000,14000,17000,12500,23500,16500,9000,24000,-2,-3,60,0,10500,-2,-2,-1,3926,-2,-2,23600,32400,-2,9702,12184,27940,40085
9562,12,-4,3,2,6500,-3,99,99,94731,33500,50000,54000,-5,-5,-5,-5,-5,-5,-5,-5,-5,-5,-5,-5,-5,-5,-5,-5,-5,-5,-5,-5,-5,-5,-5
9563,12,-4,3,2,5800,5600,99,99,95064,12400,46000,21745,12980,22147,27000,25767,33146,44900,44450,-5,-5,-5,-5,-5,-5,-5,-5,-5,-5,-5,-5,-5,-5,-5,-5
9564,12,-4,3,2,10200,15000,99,98,99878,10000,34050,26050,35030,55050,56500,65200,71000,68000,75000,-5,-5,-5,-5,-5,-5,-5,-5,-5,-5,-5,-5,-5,-5,-5,-5
9565,10,8000,2,1,8000,-3,12,8,10588,15000,17000,20360,20708,13000,-2,6000,1700,6000,200,0,800,1000,-2,15000,25000,-1,54000,53000,60000,110000,75000,104470,80000,90000,80000
9566,12,-4,3,2,3100,33000,71,66,52212,9000,10000,10000,12362,17000,20020,28000,28000,28000,29100,-5,-5,-5,-5,-5,-5,-5,-5,-5,-5,-5,-5,-5,-5,-5,-5
9567,13,-3,2,2,-3,16000,3,11,9449,-3,27000,8000,-2,-2,13500,19500,29000,42250,12155,9968,12480,5972,-5,2525,-2,-2,36800,-2,8000,12972,8948,12336,10720,-5,-5
9568,13,14000,2,2,14000,21000,26,32,36031,24000,30000,25000,29000,35000,30000,33600,43100,4300,7000,13000,8400,15000,8500,23000,28000,48000,45000,54000,47000,62000,58000,60000,19000,22000,46000
9569,10,14000,2,1,14000,21000,11,15,18582,24000,55000,44000,15424,50000,18000,-2,11000,10004,13320,46000,5080,11000,19500,20484,-5,4500,20000,21586,5600,6000,42090,14295,22000,-5,-5
9570,10,4000,2,1,4000,16754,37,30,27390,19000,25000,15500,23000,20000,26000,46000,16030,16000,22400,26300,30400,31700,36000,90300,88000,102000,88000,111000,120300,107000,108000,118000,123000,140000,123800
9571,10,12000,2,1,12000,-3,-4,-4,-4,-3,-2,11000,6000,12100,16020,-2,26100,16046,13724,14100,14000,-5,-5,-2,17000,-5,-5,-5,-5,-5,-1,-5,-2,40000,38000
9572,10,12000,2,1,12000,15000,49,49,54672,18000,18000,12000,9740,45000,45000,-2,33000,14250,33025,40600,19020,18000,21250,25050,26000,29200,33000,38000,42000,43000,46700,49000,54000,56000,57000
9573,10,-2,2,1,-2,4172,11,11,12503,16800,8500,15000,-2,967,-2,6000,-2,2935,11700,-2,0,8105,-2,-2,-2,15000,4085,5000,2000,13034,5648,7800,14000,18000,0
9574,14,-4,1,2,13180,-3,32,26,26713,14417,18840,23873,27000,22000,28000,37000,37000,41100,41050,43000,47000,46000,55000,-2,59000,83000,-2,39000,70000,123000,2500,78600,94600,102800,108800
9575,14,-4,1,2,-3,-5,-4,-4,-4,-3,5200,17475,-2,25700,-2,-2,5185,12296,14500,16780,18000,53000,53021,21000,22000,38000,41000,23000,27500,34000,30800,32145,41804,-5,33000
9576,14,18000,1,2,18000,20000,64,73,89867,27000,24000,22000,36228,12033,17480,12035,14040,15150,14100,15200,19090,20125,19250,47420,54000,62500,78060,78420,80900,109010,99007,94000,116000,70632,101000
9577,9,-4,3,1,-3,12200,59,65,57073,12050,11130,11135,12000,11000,23000,35040,40000,39000,40000,-5,-5,-5,-5,-5,-5,-5,-5,-5,-5,-5,-5,-5,-5,-5,-5
9578,14,30000,1,2,30000,30000,47,44,47674,0,7800,10800,10000,14450,17075,21000,38000,31000,0,36800,15600,-2,31800,45000,43000,47000,72450,105968,50000,55296,62400,35000,23000,26800,48814
9579,14,30000,1,2,30000,30000,26,30,37621,20000,42000,8000,12300,27000,25100,28000,35000,31200,32150,26000,39000,35100,40100,58100,57500,70100,50000,85000,105000,120000,127000,155000,155000,245000,150000
9580,11,30000,1,1,30000,30000,37,42,54916,20000,45000,40000,38000,40000,50000,6500,17000,17000,18000,25000,29000,98000,25000,30000,-5,85000,140160,122200,124800,126800,140000,145000,-2,200000,130000
9581,10,45000,2,1,45000,-3,-4,-4,-4,6400,6000,6000,10000,18000,16500,14000,14000,-5,43800,-5,-2,24000,-5,-5,-2,14000,22000,34230,12000,7000,-5,-5,-5,-2,-3
9582,13,16000,2,2,16000,28000,81,77,76011,15000,-2,6429,-2,30000,9600,5000,-2,27000,34000,28000,26000,23000,26500,-2,53686,30000,21892,25640,20230,43292,44784,26732,31000,46992,33880
9583,9,-4,3,1,6800,7850,98,99,99821,-3,-2,9770,11200,12010,21000,29470,38100,27800,31000,-5,-5,-5,-5,-5,-5,-5,-5,-5,-5,-5,-5,-5,-5,-5,-5
9584,9,-4,3,1,600,-3,98,95,82605,75001,5700,4470,6400,17000,45679,56000,56255,56510,33200,-5,-5,-5,-5,-5,-5,-5,-5,-5,-5,-5,-5,-5,-5,-5,-5
9585,9,-4,3,1,1706,12450,81,89,86277,12600,11100,14615,10715,11074,26806,44740,34550,60020,29050,-5,-5,-5,-5,-5,-5,-5,-5,-5,-5,-5,-5,-5,-5,-5,-5
9586,9,-4,3,1,6525,2600,88,84,76397,5036,6130,62000,30500,35096,12236,53400,96523,-2,21730,-5,-5,-5,-5,-5,-5,-5,-5,-5,-5,-5,-5,-5,-5,-5,-5
9587,9,-4,3,1,1300,4041,92,99,97407,1400,39500,54000,48732,16000,10600,14000,49300,63000,69288,-5,-5,-5,-5,-5,-5,-5,-5,-5,-5,-5,-5,-5,-5,-5,-5
9588,9,-4,3,1,2830,11125,99,99,98941,14750,14400,10100,23500,37400,-5,48200,50000,-1,50400,-5,-5,-5,-5,-5,-5,-5,-5,-5,-5,-5,-5,-5,-5,-5,-5
9589,9,-4,3,1,-3,8715,98,97,99626,12950,21060,33500,36600,54400,54500,91000,74000,81000,78400,-5,-5,-5,-5,-5,-5,-5,-5,-5,-5,-5,-5,-5,-5,-5,-5
9590,12,-4,3,2,3117,13880,98,95,94591,-3,1100,30000,0,1240,6189,8420,-5,10000,12000,-5,-5,-5,-5,-5,-5,-5,-5,-5,-5,-5,-5,-5,-5,-5,-5
9591,12,-4,3,2,1700,-5,-4,-4,-5,-5,-5,-5,-5,-5,-5,-5,-5,-5,-5,-5,-5,-5,-5,-5,-5,-5,-5,-5,-5,-5,-5,-5,-5,-5,-5
9592,12,-4,3,2,-3,1715,71,61,63865,2050,4850,23000,32000,42000,45000,30000,40100,71900,46800,-5,-5,-5,-5,-5,-5,-5,-5,-5,-5,-5,-5,-5,-5,-5,-5
9593,12,-4,3,2,-3,4000,84,88,84387,5500,-2,30200,26000,24000,4005,-2,45200,51000,38000,-5,-5,-5,-5,-5,-5,-5,-5,-5,-5,-5,-5,-5,-5,-5,-5
9594,12,-4,3,2,3600,31500,58,52,61202,3400,4000,18000,27200,33000,37536,43000,50000,50050,60000,-5,-5,-5,-5,-5,-5,-5,-5,-5,-5,-5,-5,-5,-5,-5,-5
9595,12,-4,3,2,1500,3100,24,21,15051,1000,2200,1000,-2,1500,3900,5819,1500,-2,17000,-5,-5,-5,-5,-5,-5,-5,-5,-5,-5,-5,-5,-5,-5,-5,-5
9596,12,-4,3,2,2834,9020,77,81,85180,9630,11305,13000,15000,23000,25000,350,14300,-2,16400,-5,-5,-5,-5,-5,-5,-5,-5,-5,-5,-5,-5,-5,-5,-5,-5
9597,12,-4,3,2,2948,75001,93,84,83919,10308,26535,23604,24510,37820,40450,70300,69000,54000,80000,-5,-5,-5,-5,-5,-5,-5,-5,-5,-5,-5,-5,-5,-5,-5,-5
9598,10,20000,2,1,20000,2000,1,5,6842,-3,2000,12856,-2,6500,-2,-2,-2,-1,-2,7064,-2,-2,6064,6044,12689,-5,14400,9440,4780,11356,13128,8000,21600,12500,-3
9599,9,6821,3,1,6821,4674,93,88,92075,7842,8933,1000,6610,8189,8500,13600,9800,11220,12150,-5,-5,-5,-5,-5,-5,-5,-5,-5,-5,-5,-5,-5,-5,-5,-5
9600,9,7000,3,1,7000,4192,5,5,6316,7316,8776,5124,9857,6288,6612,7152,7152,7632,9404,-5,-5,-5,-5,-5,-5,-5,-5,-5,-5,-5,-5,-5,-5,-5,-5
9601,9,7732,3,1,7732,6553,10,12,10717,7316,7260,1159,5532,5760,7152,7236,7188,8376,11472,-5,-5,-5,-5,-5,-5,-5,-5,-5,-5,-5,-5,-5,-5,-5,-5
9602,12,7732,3,2,7732,6553,6,5,4134,7316,330,-2,5472,7796,9796,8180,17326,13948,4368,-5,-5,-5,-5,-5,-5,-5,-5,-5,-5,-5,-5,-5,-5,-5,-5
9603,9,6000,3,1,6000,11400,64,67,58754,8800,9212,10616,10374,11062,27770,10800,19066,21160,22120,-5,-5,-5,-5,-5,-5,-5,-5,-5,-5,-5,-5,-5,-5,-5,-5
9604,12,-2,3,2,-2,6900,15,31,37845,9965,3061,4176,7464,-2,10520,18968,24550,29808,24000,-5,-5,-5,-5,-5,-5,-5,-5,-5,-5,-5,-5,-5,-5,-5,-5
9605,10,4000,2,1,4000,-3,16,12,14241,1744,1713,0,0,311,6000,-5,-5,0,589,9000,6000,1000,0,0,2500,31000,45000,27640,20000,15000,30000,-5,-5,-5,0
9606,10,4000,2,1,4000,8092,26,28,38695,2004,-2,6612,600,14800,3600,3223,5240,9800,1695,9158,14415,-5,-5,-5,-5,20000,15000,15238,15000,-5,-5,-5,-5,-5,-5
9607,10,-2,2,1,-2,-3,31,42,57216,30000,75001,-5,-2,2100,6600,-5,-5,-5,-5,-3,12775,-2,-2,-5,-5,-5,0,-5,0,1740,7300,1000,10000,0,-5
9608,12,3840,3,2,3840,6325,68,74,78119,4880,7358,10063,12249,11876,10733,21668,11874,14552,51000,-5,-5,-5,-5,-5,-5,-5,-5,-5,-5,-5,-5,-5,-5,-5,-5
9609,13,5000,2,2,5000,7000,24,21,26484,5000,5107,6000,6000,-2,4404,-2,-2,14400,14400,-2,16300,17000,17500,-2,34465,-2,59300,50862,35000,-2,-2,31704,49620,61676,-3
9610,12,1308,3,2,1308,4721,75,67,78233,2897,13500,13000,16820,15000,15000,21905,15000,17400,33000,-5,-5,-5,-5,-5,-5,-5,-5,-5,-5,-5,-5,-5,-5,-5,-5
9611,12,5048,3,2,5048,8303,27,34,25187,5643,6899,12000,13686,13554,12552,13876,2346,6204,12589,-5,-5,-5,-5,-5,-5,-5,-5,-5,-5,-5,-5,-5,-5,-5,-5
9612,9,7288,3,1,7288,5872,8,8,16143,9371,8000,-2,-2,-2,-2,140,1488,16188,0,-5,-5,-5,-5,-5,-5,-5,-5,-5,-5,-5,-5,-5,-5,-5,-5
9613,9,7288,3,1,7288,5872,18,21,20368,9371,8000,-2,-2,-2,10000,21000,20000,8000,7000,-5,-5,-5,-5,-5,-5,-5,-5,-5,-5,-5,-5,-5,-5,-5,-5
9614,12,7288,3,2,7288,55872,8,8,12912,9371,8000,-2,-2,12000,4752,4632,4692,4980,5304,-5,-5,-5,-5,-5,-5,-5,-5,-5,-5,-5,-5,-5,-5,-5,-5
9615,9,4000,3,1,4000,-5,9,12,10693,-5,-5,-2,10740,9924,2000,-2,12010,-3,33380,-5,-5,-5,-5,-5,-5,-5,-5,-5,-5,-5,-5,-5,-5,-5,-5
9616,12,6000,3,2,6000,13000,41,25,37344,18000,19000,21000,27165,20000,-3,15430,22000,20000,25000,-5,-5,-5,-5,-5,-5,-5,-5,-5,-5,-5,-5,-5,-5,-5,-5
9617,9,9763,3,1,9763,15763,42,42,49541,-3,15000,12000,18000,17000,-2,24000,-2,-2,29000,-5,-5,-5,-5,-5,-5,-5,-5,-5,-5,-5,-5,-5,-5,-5,-5
9618,9,1325,3,1,1325,7600,19,17,15595,6000,-2,6720,9665,13000,-2,15000,6000,-2,22000,-5,-5,-5,-5,-5,-5,-5,-5,-5,-5,-5,-5,-5,-5,-5,-5
9619,14,-4,1,2,6500,13750,45,45,50971,12200,13144,15233,25550,23432,28000,8000,28800,28800,32800,28800,35800,30000,-2,27473,-2,27500,42353,40000,45000,49000,49745,61000,49000,-5,-5
9620,14,-4,1,2,6337,6050,-4,-4,-4,27581,18000,15650,-2,24140,31011,17360,-2,-2,40400,46035,-2,47000,-2,2860,-2,-2,-2,29688,2345,7440,-2,58660,7560,-2,-3
9621,10,-4,2,1,-3,20055,-4,-4,-4,-3,30000,17000,-1,-5,-5,-5,14010,-2,5800,-5,-5,-2,-2,-2,-5,-5,-5,-5,9900,-2,12000,42000,2328,2328,1560
9622,11,9000,1,1,9000,9000,91,84,67154,11900,7005,10000,13030,18600,23050,25200,24000,47850,49000,47800,73400,50000,73500,22500,700,26200,28000,31200,31250,10,29070,35210,45000,44010,172010
9623,12,-4,3,2,2504,7300,18,21,23289,10051,9955,13160,57812,6530,16398,17161,24030,22505,11512,-5,-5,-5,-5,-5,-5,-5,-5,-5,-5,-5,-5,-5,-5,-5,-5
9624,11,-4,1,1,2502,16629,65,58,62353,5000,8200,13800,13720,17000,17600,24075,-2,20772,43150,38210,42600,40000,48000,53000,60000,59000,-2,55300,82400,66000,68884,79000,-5,-5,-5
9625,11,-4,1,1,8000,25000,42,37,46610,9000,-5,-5,-5,-5,-5,-5,-5,-5,-5,-5,-5,-5,-5,24000,-5,-5,-5,-5,-5,-5,-5,-5,-5,-5,-5
9626,11,20000,1,1,20000,25000,22,25,26834,30000,54000,-5,-5,-5,-5,-5,-5,-5,-5,-5,-5,-5,-5,22000,-2,-5,-5,-5,-5,-5,-5,-5,-5,-5,-5
9627,14,-4,1,2,3300,15000,47,47,49875,-3,9800,4200,439,10992,15505,13418,26057,27900,0,-2,-2,-2,17628,15572,-2,17997,22020,22704,6948,1800,29676,-5,-5,-5,-5
9628,11,20000,1,1,20000,12000,1,1,192,-3,22600,2990,3400,30000,11300,28725,33888,38924,-3,31000,-2,40000,-2,34000,0,23100,38700,40800,45600,46800,31260,26400,28800,-2,0
9629,9,-4,3,1,4000,5000,38,39,27072,11000,12000,17030,-5,-5,-5,18500,18000,-5,-5,-5,-5,-5,-5,-5,-5,-5,-5,-5,-5,-5,-5,-5,-5,-5,-5
9630,9,49000,3,1,49000,-3,37,41,42592,20000,22000,25000,-2,1350,4000,11000,14400,19000,9000,-5,-5,-5,-5,-5,-5,-5,-5,-5,-5,-5,-5,-5,-5,-5,-5
9631,12,6060,3,2,6060,5100,85,80,74600,14000,-2,12000,15499,8000,16000,16480,27620,27850,36432,-5,-5,-5,-5,-5,-5,-5,-5,-5,-5,-5,-5,-5,-5,-5,-5
9632,14,-1,1,2,-1,-3,-4,-4,-5,-5,-3,28000,-5,26000,-5,-5,-5,-2,-1,-1,-1,-2,-1,-1,0,-5,-5,-5,-5,-5,-5,-5,-5,-5,-5
9633,12,-4,3,2,-3,-3,39,43,31179,14700,-2,6377,9700,12720,9910,11600,24800,29000,25585,-5,-5,-5,-5,-5,-5,-5,-5,-5,-5,-5,-5,-5,-5,-5,-5
9634,13,14000,2,2,14000,16000,42,50,41184,-3,-2,-2,21231,26274,-2,-2,-3,-2,-2,-2,20412,-2,-2,23000,-2,26530,30030,33000,34600,27000,24000,10900,14000,19020,-3
9635,13,14000,2,2,14000,16000,54,64,88889,-3,-2,-2,13020,-2,-2,-2,50010,24010,25016,30020,44020,42010,40010,53000,1,21410,53005,45000,56000,82000,60000,75020,66082,85000,115010
9636,10,24500,2,1,24500,33000,64,71,80002,45000,-2,9352,25570,28500,24064,15879,15500,35500,29618,38080,45925,50800,49000,28500,37000,71000,74000,88000,119000,155000,91000,104796,76000,102900,98280
9637,14,17000,1,2,17000,35000,24,16,20084,-3,-2,-2,-2,-2,18000,16000,25425,29460,24600,25000,-3,34000,64750,34122,58000,58000,86000,-2,125800,117546,-2,-2,153000,-2,147000
9638,11,17000,1,1,17000,35000,63,70,63977,-3,-2,-2,9350,9820,12000,28500,25100,28001,44560,36900,47500,28189,68760,64000,83648,81000,142500,88600,111684,151400,-2,172300,284200,227000,244400
9639,11,17000,1,1,17000,35000,12,7,7432,-3,4800,12860,9136,8408,15000,9000,21900,23000,27000,27000,23000,30000,48500,-2,66122,-2,30000,59600,27000,18000,-2,20400,28600,50537,82445
9640,13,18000,2,2,18000,22000,32,40,40346,7300,12392,12510,-2,-2,30000,39025,46550,48500,48600,55860,58100,55700,60000,75600,-2,64500,72500,123956,124200,134200,139200,161600,175000,176000,234822
9641,14,-2,1,2,-2,12276,49,49,54165,32000,33000,-2,23000,23000,26000,29600,29000,26000,33000,38000,34000,40000,37500,26323,0,23000,26000,38000,55668,58458,56076,30056,52304,54808,27000
9642,11,-2,1,1,-2,12276,70,77,84300,3200,33000,1150,2152,-2,18350,12000,16000,16500,15000,7000,-5,-5,-5,-5,-5,-5,-5,-5,-5,-5,-5,-5,-5,-5,-5
9643,11,20000,1,1,20000,2500,14,15,24915,9000,5000,24282,6500,14000,14000,20000,18000,19000,17500,24000,12000,12000,-5,12000,-5,-5,-5,-5,30000,0,-2,-2,-2,25000,-3
9644,14,28400,1,2,28400,24000,27,31,26249,3900,-2,-2,-2,60000,13500,20000,45000,35000,37000,44000,40000,46000,-2,-2,27336,70736,78360,25840,75500,63500,-2,39000,-5,22000,107000
9645,11,28400,1,1,28400,-5,-4,-4,-4,12500,12883,12000,9025,21000,30740,33000,22000,20000,27000,37000,40000,40000,47000,46250,60000,44250,83000,85200,88500,95000,60000,86000,114000,75000,83000
9646,11,28400,1,1,28400,24000,37,45,52329,-3,5400,-2,25700,31194,-2,54100,33030,39900,38020,33500,33900,48500,46280,49800,56000,59000,117000,97000,105000,106100,95400,84988,87000,110000,105000
9647,12,6381,3,2,6381,8360,25,29,37455,1336,500,322,3000,10800,-5,26000,-5,18000,146942,-5,-5,-5,-5,-5,-5,-5,-5,-5,-5,-5,-5,-5,-5,-5,-5
9648,14,-4,1,2,4000,9000,19,13,10812,12100,15000,-2,16100,-2,12000,15080,-2,-2,-2,9900,-2,-2,-2,-2,-2,-2,7480,18768,5000,-2,-2,8376,-2,9086,-3
9649,9,3500,3,1,3500,-5,20,15,20031,3500,-5,3400,3500,10100,27000,9500,-2,-2,9000,-5,-5,-5,-5,-5,-5,-5,-5,-5,-5,-5,-5,-5,-5,-5,-5
9650,9,3500,3,1,3500,-5,16,19,24989,3500,4000,3400,-2,-2,40000,-2,-2,8000,-2,-5,-5,-5,-5,-5,-5,-5,-5,-5,-5,-5,-5,-5,-5,-5,-5
9651,11,20000,1,1,20000,30700,57,47,57711,33000,42000,40000,42000,32900,12000,84000,86050,60200,64000,68200,69100,91800,68200,62000,64020,71000,43010,53002,76000,70000,94000,94000,118000,62000,204000
9652,14,5400,1,2,5400,23000,26,22,20597,11000,-2,-2,23120,23350,24111,23000,30000,35000,47000,40600,43100,-2,67000,-2,-2,-5,-5,-5,-5,-5,-5,-5,-5,-5,-3
9653,14,16000,1,2,16000,23000,31,29,37344,-3,8000,5160,9000,3000,31000,24543,16000,20115,-5,21119,8200,31860,17720,22004,-2,-5,-5,35000,-5,-5,-5,50250,-5,-5,113400
9654,12,6000,3,2,6000,-3,20,32,39218,17000,21000,-2,-2,-2,32000,-2,4000,-5,-5,-5,-5,-5,-5,-5,-5,-5,-5,-5,-5,-5,-5,-5,-5,-5,-5
9655,14,3000,1,2,3000,10000,16,13,16856,12400,-5,-5,-5,-5,-5,-5,34000,20000,-2,39000,35000,40000,27225,85000,35000,42000,12000,45000,97000,86000,38000,55000,50000,-2,55000
9656,9,11500,3,1,11500,25000,68,70,74174,30000,2000,-2,30000,46000,35000,84500,24000,2350,20200,-5,-5,-5,-5,-5,-5,-5,-5,-5,-5,-5,-5,-5,-5,-5,-5
9657,12,8200,3,2,8200,8700,65,51,40469,7446,20000,14000,-2,8732,14650,28174,26000,-2,31700,-5,-5,-5,-5,-5,-5,-5,-5,-5,-5,-5,-5,-5,-5,-5,-5
9658,12,10000,3,2,10000,8400,83,84,88692,-3,-5,14000,-2,22758,12040,16100,27000,22300,23150,-5,-5,-5,-5,-5,-5,-5,-5,-5,-5,-5,-5,-5,-5,-5,-5
9659,14,10000,1,2,10000,10000,5,7,6912,-3,26000,29000,30000,32000,22000,40000,-5,-2,56100,86000,99000,55500,79400,77000,45000,-5,120000,160000,120000,145000,118870,48000,140000,180000,83600
9660,14,10000,1,2,10000,20000,63,62,46917,53000,35200,43553,49125,52632,53616,48957,62600,65990,71000,69463,25400,30011,38271,45923,39263,101728,100050,81670,256150,167300,105030,247258,595986,221981,87780
9661,14,-4,1,2,-3,9000,38,44,51764,31100,20620,29247,20025,24900,25000,28000,34050,33050,43100,45900,55000,43060,29100,39800,57000,60525,45200,68000,55980,52800,-2,-2,-2,130020,110000
9662,14,14016,1,2,14016,13000,42,29,44158,20000,18000,20000,-2,35000,12000,30000,39120,26985,41300,30100,44680,54000,34800,74000,46000,61900,-2,46540,150550,92802,76000,62200,70600,91200,-3
9663,11,-4,1,1,10960,10360,59,55,43392,-5,-5,-5,-5,-5,-5,-5,-5,-5,-5,-5,-5,-5,-5,-5,-5,-5,-5,-5,-5,-5,-5,-5,-5,-5,-5
9664,11,33536,1,1,33536,-5,-4,-4,-5,-5,-5,-5,-5,-5,-5,-5,-5,40000,37000,-5,-5,-5,-5,-5,-5,-5,-5,-5,-5,-5,-5,-5,-5,-5,-5
9665,14,17600,1,2,17600,17000,32,34,28498,6000,6020,7000,34452,30440,25000,28000,25125,31300,30950,33900,32100,36200,39000,49650,51000,56000,65000,68500,59200,64000,75000,65000,85000,80000,80000
9666,11,17600,1,1,17600,16800,46,57,44676,-5,22500,26000,-5,36000,-2,41000,-5,-5,-5,-5,-5,-5,-5,-5,-5,-5,-5,-5,-5,-5,-5,-5,-5,-5,-5
9667,11,24000,1,1,24000,25000,99,99,100000,25000,35000,24000,40230,60050,75150,97800,100001,96000,67500,72250,78000,82100,189918,120000,244343,171200,204800,205000,227200,255000,259012,289000,259000,269000,304000
9668,11,-4,1,1,7960,18907,-4,-4,-4,17700,-5,-3,43400,51130,49500,57500,83000,1057448,93000,71000,65000,90200,60000,80000,100000,70000,190000,-5,-5,12000,-5,-5,-5,-5,-5
9669,11,11000,1,1,11000,9600,45,45,53360,-3,16000,29000,19000,20000,33000,38000,40000,63000,59000,70600,50000,74600,90100,145400,138000,-5,140000,80000,85000,-5,-5,-5,180000,290000,-5
9670,10,6000,2,1,6000,10000,58,54,54835,18896,8846,8688,8800,10550,20000,39100,25252,23500,27050,31894,28000,-2,-2,57500,76000,73000,78000,-5,15000,58800,56000,-5,-5,30000,-3
9671,12,-4,3,2,3948,5560,14,15,18145,4680,8892,5556,-2,-3,0,-2,6450,-2,3195,-5,-5,-5,-5,-5,-5,-5,-5,-5,-5,-5,-5,-5,-5,-5,-5
9672,13,17000,2,2,17000,20000,32,42,40244,30000,-2,35000,24900,-2,-2,-2,-2,-2,83000,87800,97500,-2,-2,95500,70800,-2,-2,-2,164500,-2,-2,185000,10000,184000,-3
9673,10,8000,2,1,8000,-3,26,27,20692,-3,45000,-2,-2,-1,-2,-1,-1,-2,-2,-1,-1,-1,-1,-1,-1,-1,-1,-1,-1,-1,-5,-1,-1,-1,-3
9674,10,8000,2,1,8000,4000,-4,-4,-4,6400,7427,20867,-2,14700,21513,17000,18600,27792,24400,-2,29030,-2,28000,-2,42000,136000,138000,86500,130000,178000,115000,138000,-2,122000,118000
9675,13,15000,2,2,15000,23700,35,27,38447,21000,-2,23600,-2,24350,-2,19420,30000,11000,15000,16000,18700,-2,14000,42000,15000,15000,34000,40000,41000,28000,40344,55000,98000,95000,54000
9676,13,7000,2,2,7000,15000,42,42,37327,10000,24000,17100,23588,28340,34199,-5,-5,45350,-5,19280,-1,-2,-2,22500,24248,-2,-2,30872,39000,36860,51837,53400,57001,55000,62000
9677,10,12000,2,1,12000,18000,45,41,42142,21000,52000,2255,2400,400,20100,27000,42000,50000,63000,42000,59000,63000,39850,50125,52000,83500,86000,79000,68500,95900,80200,95000,83000,109000,121500
9678,10,-3,2,1,-3,8000,6,8,7334,-3,8000,7800,-2,17463,-2,-2,300,-2,-2,-2,-2,-2,-2,-2,-2,-2,4000,-5,-5,-5,-5,-5,-5,-5,-5
9679,10,7000,2,1,7000,-3,31,38,45018,-3,-2,12200,-2,-1,-1,1000,-2,-5,-5,27000,20000,24000,27400,-5,-2,27000,28000,-2,-5,30000,30000,40000,30000,-5,40000
9680,13,7000,2,2,7000,8247,6,5,2388,-3,7070,7538,-2,-2,6323,3252,2000,8213,7613,5766,-2,-2,3500,30489,21252,8856,10260,5100,18900,22000,28286,28000,0,16728,15600
9681,10,7000,2,1,7000,8247,4,4,2064,-3,7070,7538,4548,3000,-2,300,0,1080,1188,1260,1332,1044,1344,1428,-2,8124,8112,0,0,1944,5558,3720,2328,7632,5874
9682,10,-2,2,1,-2,29496,18,34,40253,30000,-2,25000,36500,39000,48000,-2,-2,54800,51800,49310,44800,40676,21820,-2,-2,-2,36780,7200,37200,-2,58400,29520,8400,18000,29000
9683,10,19000,2,1,19000,-3,34,35,24867,10700,17600,-2,14460,13360,10000,79000,28500,-2,21000,27000,19000,42500,0,-2,5900,15000,13800,15847,4100,9000,-2,33000,-5,-5,-5
9684,13,19000,2,2,19000,29496,14,18,24094,24000,19380,25000,10000,-2,8168,-2,22710,-2,10900,6600,6500,7500,12000,15368,15300,40810,-2,15000,30000,15000,12000,16000,12000,28000,20000
9685,10,19000,2,1,19000,29496,3,3,1391,30000,19380,25000,33000,39000,39000,36000,-2,39000,38000,42000,46000,40500,12552,16728,-2,45144,26540,6780,16200,-2,28088,-2,14400,38796,29000
9686,13,8000,2,2,8000,4000,14,12,16753,6250,8973,-2,5500,1500,15450,5000,6920,7516,5676,4464,6300,6600,17955,15718,8156,-2,540,4540,11100,12112,-2,28064,20652,17928,9000
9687,10,15000,2,1,15000,600,4,9,5458,-3,-3,10000,-2,-2,2472,-5,17000,9920,28988,4000,-2,-5,7520,30600,-5,-5,46888,23000,26748,200000,33500,43000,37358,36000,57000
9688,10,12000,2,1,12000,800,13,12,10182,-3,-2,-2,8000,15000,720,-2,-2,-2,1300,8000,6000,0,0,3000,10000,22000,1400,29875,0,8800,21136,-2,0,10632,-5
9689,13,6000,2,2,6000,4524,8,14,11794,-5,-2,-2,-5,-5,-5,-5,7088,-2,9196,5208,13420,-5,-1,-5,-5,-5,-5,-5,-5,-5,-5,-5,-5,-5,-5
9690,10,6000,2,1,6000,4524,56,56,58941,-5,-5,-3,-5,-5,-5,-5,5500,-2,20000,-5,-5,-5,-5,-5,-5,-5,-5,-5,-5,-5,-5,-5,-5,-5,-5
9691,12,-4,3,2,-3,4098,93,87,82469,5850,14520,16550,20300,37960,46200,60900,53200,61240,28200,-5,-5,-5,-5,-5,-5,-5,-5,-5,-5,-5,-5,-5,-5,-5,-5
9692,12,-4,3,2,-3,5120,88,77,75609,5000,-2,13413,15304,24820,26000,31800,29000,23120,40000,-5,-5,-5,-5,-5,-5,-5,-5,-5,-5,-5,-5,-5,-5,-5,-5
9693,12,4958,3,2,4958,6000,73,72,79225,6000,10000,15000,15000,5000,10750,11500,14000,19000,27000,-5,-5,-5,-5,-5,-5,-5,-5,-5,-5,-5,-5,-5,-5,-5,-5
9694,9,-4,3,1,4015,5525,94,95,94377,-3,19100,31560,34087,39400,31580,31700,34700,34400,35800,-5,-5,-5,-5,-5,-5,-5,-5,-5,-5,-5,-5,-5,-5,-5,-5
9695,9,23000,3,1,23000,1800,97,99,98203,9200,6000,22612,22500,16100,1000,8540,22500,34000,49000,-5,-5,-5,-5,-5,-5,-5,-5,-5,-5,-5,-5,-5,-5,-5,-5
9696,9,-4,3,1,5250,11250,99,99,99812,6000,-5,38000,37500,50000,-2,33600,-1,-1,-1,-5,-5,-5,-5,-5,-5,-5,-5,-5,-5,-5,-5,-5,-5,-5,-5
9697,10,-4,2,1,5950,7130,97,95,89324,6800,17500,33750,51375,39200,44500,58350,70500,66000,65800,62500,72100,47460,25874,121300,124000,144000,155000,165000,179000,200000,250000,258000,262000,312000,322000
9698,12,-4,3,2,3925,7420,99,99,99451,18899,24800,28848,38823,29030,37170,41000,38200,47120,50000,-5,-5,-5,-5,-5,-5,-5,-5,-5,-5,-5,-5,-5,-5,-5,-5
9699,9,-4,3,1,5000,5150,98,97,98026,8450,18000,23300,36000,36000,40364,32000,38500,54100,50000,-5,-5,-5,-5,-5,-5,-5,-5,-5,-5,-5,-5,-5,-5,-5,-5
9700,12,-4,3,2,4500,12000,20,22,24236,2000,36600,7000,16000,12000,23000,10000,-5,-5,-5,-5,-5,-5,-5,-5,-5,-5,-5,-5,-5,-5,-5,-5,-5,-5,-5
9701,9,-4,3,1,5820,2800,86,88,88636,10050,7525,15000,14200,21000,32000,20100,23300,25500,31300,-5,-5,-5,-5,-5,-5,-5,-5,-5,-5,-5,-5,-5,-5,-5,-5
9702,12,-4,3,2,3500,35800,94,96,94293,22046,30540,24692,75001,-5,-5,-5,-5,-5,-5,-5,-5,-5,-5,-5,-5,-5,-5,-5,-5,-5,-5,-5,-5,-5,-5
9703,9,-4,3,1,2500,4320,98,94,86237,5200,16700,13530,17080,-3,27845,30289,31575,54650,69800,-5,-5,-5,-5,-5,-5,-5,-5,-5,-5,-5,-5,-5,-5,-5,-5
9704,12,-4,3,2,-3,3200,71,70,62764,10575,15000,19000,24015,23030,-2,52000,58050,50200,-2,-5,-5,-5,-5,-5,-5,-5,-5,-5,-5,-5,-5,-5,-5,-5,-5
9705,12,-4,3,2,5500,9150,-4,-4,-5,-5,-5,26000,27000,87000,96000,100001,100001,1057448,98000,-5,-5,-5,-5,-5,-5,-5,-5,-5,-5,-5,-5,-5,-5,-5,-5
9706,10,-4,2,1,-3,17800,88,85,69978,19900,25200,26000,30800,30300,26240,22000,16500,16500,15500,17000,15500,17000,18000,16500,20000,21000,17000,19000,22000,25000,-5,-5,-5,-5,-5
9707,13,-4,2,2,0,700,38,45,35834,19900,25100,28000,30500,30900,27400,25000,16500,16000,4788,15240,17587,24292,30128,8674,-2,59808,58350,11000,42100,26818,34926,34740,2221,30000,40025
9708,13,-4,2,2,6700,10200,56,67,51035,17200,11252,16900,17100,17100,21600,27000,-2,7600,18000,20000,-3,54000,-2,72000,-2,85000,75000,-2,104000,125000,197000,145000,250000,210000,168000
9709,12,70000,3,2,70000,2750,91,87,88537,12170,13177,21700,26500,12929,70000,53800,58025,71800,80200,-5,-5,-5,-5,-5,-5,-5,-5,-5,-5,-5,-5,-5,-5,-5,-5
9710,9,-4,3,1,-3,30640,90,81,71211,-3,70000,75001,15125,2020,18450,21225,17350,20225,22500,-5,-5,-5,-5,-5,-5,-5,-5,-5,-5,-5,-5,-5,-5,-5,-5
9711,13,9500,2,2,9500,-3,14,13,19165,3514,3935,4516,4570,1436,14000,13380,18000,28000,24110,27300,47100,26050,29200,22130,26500,29000,34000,31500,20676,23900,40306,33135,-1,-5,-3
9712,12,-4,3,2,23785,25000,73,69,53944,55000,75000,75001,70000,-2,77000,34000,66000,76000,86000,-5,-5,-5,-5,-5,-5,-5,-5,-5,-5,-5,-5,-5,-5,-5,-5
9713,12,-4,3,2,-3,42394,98,98,91451,16700,13975,16142,24500,35800,46300,-2,-5,48000,56400,-5,-5,-5,-5,-5,-5,-5,-5,-5,-5,-5,-5,-5,-5,-5,-5
9714,12,-4,3,2,2300,40000,83,78,77453,-3,55000,40000,55800,20043,23521,-2,30530,29025,42550,-5,-5,-5,-5,-5,-5,-5,-5,-5,-5,-5,-5,-5,-5,-5,-5
9715,12,-4,3,2,-3,6531,81,84,76722,11100,-2,36640,23000,44000,55100,-2,56100,65000,68500,-5,-5,-5,-5,-5,-5,-5,-5,-5,-5,-5,-5,-5,-5,-5,-5
9716,12,-4,3,2,4300,5492,95,99,96990,10870,19650,22000,26010,27000,30055,35100,38050,43000,50600,-5,-5,-5,-5,-5,-5,-5,-5,-5,-5,-5,-5,-5,-5,-5,-5
9717,12,-4,3,2,4203,18000,93,91,85724,21800,27750,26000,5050,9000,2100,9000,6500,28520,29000,-5,-5,-5,-5,-5,-5,-5,-5,-5,-5,-5,-5,-5,-5,-5,-5
9718,9,-4,3,1,6040,5042,98,99,99900,9714,6714,4040,20065,32400,38375,39740,49450,55850,61500,-5,-5,-5,-5,-5,-5,-5,-5,-5,-5,-5,-5,-5,-5,-5,-5
9719,9,-4,3,1,5080,10000,56,55,50960,6250,75001,-2,8100,0,10000,500,2800,12000,5000,-5,-5,-5,-5,-5,-5,-5,-5,-5,-5,-5,-5,-5,-5,-5,-5
9720,9,-4,3,1,20400,40000,27,25,40289,37500,5080,15050,17000,-2,26000,21000,6000,-5,-5,-5,-5,-5,-5,-5,-5,-5,-5,-5,-5,-5,-5,-5,-5,-5,-5
9721,12,-4,3,2,24800,36000,25,36,37876,24000,8800,25040,12000,3500,3550,-2,21000,-5,-5,-5,-5,-5,-5,-5,-5,-5,-5,-5,-5,-5,-5,-5,-5,-5,-5
9722,12,-4,3,2,4300,9000,71,63,56443,9700,3800,-2,32025,52530,38700,53100,55600,40300,146942,-5,-5,-5,-5,-5,-5,-5,-5,-5,-5,-5,-5,-5,-5,-5,-5
9723,9,-4,3,1,4098,75001,99,99,100000,75001,13800,15000,16000,26597,10500,32050,29995,36050,37100,-5,-5,-5,-5,-5,-5,-5,-5,-5,-5,-5,-5,-5,-5,-5,-5
9724,9,-4,3,1,4156,8510,92,99,97520,-3,21523,21569,27984,15000,27262,34000,37800,-2,146942,-5,-5,-5,-5,-5,-5,-5,-5,-5,-5,-5,-5,-5,-5,-5,-5
9725,9,-4,3,1,3856,7100,89,79,80758,6628,20000,16000,16600,20408,20500,22440,24000,28000,30000,-5,-5,-5,-5,-5,-5,-5,-5,-5,-5,-5,-5,-5,-5,-5,-5
9726,9,2875,3,1,2875,4094,96,92,91265,4362,48000,4870,4500,-2,16000,14534,24000,-2,-2,-5,-5,-5,-5,-5,-5,-5,-5,-5,-5,-5,-5,-5,-5,-5,-5
9727,12,-4,3,2,-2,7600,98,98,96481,14781,39900,46000,-5,38000,-1,-5,-5,-5,-5,-5,-5,-5,-5,-5,-5,-5,-5,-5,-5,-5,-5,-5,-5,-5,-5
9728,9,-4,3,1,3106,4947,53,63,65692,5425,-2,62000,8942,18000,22500,27500,27700,28000,31500,-5,-5,-5,-5,-5,-5,-5,-5,-5,-5,-5,-5,-5,-5,-5,-5
9729,9,-4,3,1,3100,5709,86,85,69872,2000,5400,2010,14400,28000,30000,80000,40000,38000,-5,-5,-5,-5,-5,-5,-5,-5,-5,-5,-5,-5,-5,-5,-5,-5,-5
9730,12,7200,3,2,7200,-3,46,41,33717,-3,6200,-2,22341,6000,0,3500,0,52,0,-5,-5,-5,-5,-5,-5,-5,-5,-5,-5,-5,-5,-5,-5,-5,-5
9731,12,7200,3,2,7200,-3,8,6,4928,-3,-3,-2,12000,400,-2,3000,0,0,-2,-5,-5,-5,-5,-5,-5,-5,-5,-5,-5,-5,-5,-5,-5,-5,-5
9732,12,7200,3,2,7200,-3,59,54,60915,-3,-3,13300,16582,5100,11000,12000,1000,9000,8200,-5,-5,-5,-5,-5,-5,-5,-5,-5,-5,-5,-5,-5,-5,-5,-5
9733,12,-4,3,2,3540,-3,40,45,40445,30000,26000,34000,38600,29100,30200,36000,41000,40200,45000,-5,-5,-5,-5,-5,-5,-5,-5,-5,-5,-5,-5,-5,-5,-5,-5
9734,9,-4,3,1,5600,6000,64,79,76908,0,32000,26570,24000,-2,25300,-2,-2,13900,21080,-5,-5,-5,-5,-5,-5,-5,-5,-5,-5,-5,-5,-5,-5,-5,-5
9735,9,-4,3,1,2700,3000,74,84,84090,10015,25000,31050,33269,35750,31200,31450,37500,41400,54200,-5,-5,-5,-5,-5,-5,-5,-5,-5,-5,-5,-5,-5,-5,-5,-5
9736,12,-4,3,2,4700,8000,6,6,4262,15100,18000,-2,50600,43082,83000,-2,51600,5000,75000,-5,-5,-5,-5,-5,-5,-5,-5,-5,-5,-5,-5,-5,-5,-5,-5
9737,9,-4,3,1,3840,20020,99,99,97509,10500,16000,17000,22000,22150,14040,5000,18000,25200,31200,-5,-5,-5,-5,-5,-5,-5,-5,-5,-5,-5,-5,-5,-5,-5,-5
9738,9,-4,3,1,2962,43000,97,99,96139,6000,3953,12709,15770,26486,23200,21300,23000,23000,22800,-5,-5,-5,-5,-5,-5,-5,-5,-5,-5,-5,-5,-5,-5,-5,-5
9739,9,-4,3,1,7500,10900,94,99,99224,13500,11642,8402,0,12415,18025,22600,26020,33035,84525,-5,-5,-5,-5,-5,-5,-5,-5,-5,-5,-5,-5,-5,-5,-5,-5
9740,12,-4,3,2,6300,10900,17,18,13723,-3,11300,8225,8900,12415,18000,19036,1500,3773,-2,-5,-5,-5,-5,-5,-5,-5,-5,-5,-5,-5,-5,-5,-5,-5,-5
9741,12,-4,3,2,3100,3725,90,98,92498,250,4250,9622,13000,16202,21850,33600,26290,35200,-2,-5,-5,-5,-5,-5,-5,-5,-5,-5,-5,-5,-5,-5,-5,-5,-5
9742,9,-4,3,1,5350,5416,73,80,79759,1200,6700,12581,7000,7204,11000,14500,60000,25000,22600,-5,-5,-5,-5,-5,-5,-5,-5,-5,-5,-5,-5,-5,-5,-5,-5
9743,9,-4,3,1,1600,5200,89,96,89183,-3,6000,35000,35000,1300,1000,1100,7200,4500,11000,-5,-5,-5,-5,-5,-5,-5,-5,-5,-5,-5,-5,-5,-5,-5,-5
9744,9,-4,3,1,3550,8050,51,70,57183,12070,15000,20000,20000,22000,53000,60500,53575,87000,80150,-5,-5,-5,-5,-5,-5,-5,-5,-5,-5,-5,-5,-5,-5,-5,-5
9745,9,-4,3,1,3700,7500,69,81,79165,12000,17600,13500,12500,15300,24000,41000,25000,27000,28000,-5,-5,-5,-5,-5,-5,-5,-5,-5,-5,-5,-5,-5,-5,-5,-5
9746,9,-4,3,1,9109,5900,99,99,99950,6150,6600,27420,20250,10370,18000,28020,20400,31500,70686,-5,-5,-5,-5,-5,-5,-5,-5,-5,-5,-5,-5,-5,-5,-5,-5
9747,10,-4,2,1,4800,6300,82,79,84295,18000,24200,33003,-2,36060,40100,45100,48300,44500,40600,49012,56400,50400,-2,56100,90000,-2,25000,-5,46020,6000,49518,-5,8800,27000,28600
9748,12,-4,3,2,3500,5431,50,59,53401,5750,6105,14050,41750,43725,50716,55900,36100,90200,-2,-5,-5,-5,-5,-5,-5,-5,-5,-5,-5,-5,-5,-5,-5,-5,-5
9749,13,-4,2,2,4580,7400,76,75,62898,15500,-5,-5,75001,-5,58000,26750,28250,32000,30000,33100,33900,34200,47150,43500,55000,72200,81000,140096,118100,162000,94700,112000,90000,103010,103445
9750,12,-4,3,2,1675,5000,6,10,6338,8000,6000,7453,25904,7035,12658,8000,7100,4200,6620,-5,-5,-5,-5,-5,-5,-5,-5,-5,-5,-5,-5,-5,-5,-5,-5
9751,9,-4,3,1,3102,17000,43,44,47333,5000,20348,24424,7000,10000,-5,-5,-5,-5,-5,-5,-5,-5,-5,-5,-5,-5,-5,-5,-5,-5,-5,-5,-5,-5,-5
9752,9,-4,3,1,5160,43500,86,93,94798,28000,-2,68000,75001,100001,100001,100001,100001,95000,146942,-5,-5,-5,-5,-5,-5,-5,-5,-5,-5,-5,-5,-5,-5,-5,-5
9753,12,-4,3,2,0,14500,21,21,15223,14560,13200,7560,22040,-2,-5,1493,1200,30891,45440,-5,-5,-5,-5,-5,-5,-5,-5,-5,-5,-5,-5,-5,-5,-5,-5
9754,14,-4,1,2,2904,2892,4,5,1755,4476,5292,5784,3876,3600,5460,6336,6772,-2,7944,8628,8544,7224,5772,8316,5772,6120,7440,5484,14964,22020,14676,8460,0,-3,-3
9755,12,-4,3,2,1780,3171,25,21,13424,5492,-2,43272,2660,4803,4852,4988,4856,11892,-2,-5,-5,-5,-5,-5,-5,-5,-5,-5,-5,-5,-5,-5,-5,-5,-5
9756,13,-4,2,2,3674,3418,10,9,5111,7176,900,12412,17230,22000,20000,-5,-5,12000,-5,-5,-5,-2,20000,-2,15000,11532,1750,-2,16280,35000,1470,9360,10296,10536,-3
9757,13,6000,2,2,6000,15550,12,9,5797,8500,-2,28900,34000,44423,50000,19000,52000,-3,-2,-2,-2,12000,39000,31000,-2,-2,-1,8565,60000,48000,0,58000,34000,59000,-3
9758,13,6000,2,2,6000,15550,15,14,13246,8500,25000,28900,34000,44230,-2,-2,-2,-2,61800,-2,-2,-1,10000,-2,-2,-1,-2,0,-5,35000,-1,-2,-1,-1,-3
9759,13,7000,2,2,7000,7200,15,15,18226,10000,7000,9000,1100,-2,-2,-2,8000,-2,14800,12500,17040,-2,16000,-2,0,6000,26000,27000,32000,36000,45000,15980,2676,1541,-3
9760,10,11000,2,1,11000,-3,6,8,9714,8376,17050,-2,-2,25000,-2,29500,-2,19150,34000,32000,33000,45900,48000,27000,45000,28500,27500,47000,-2,28000,1800,65000,117400,55000,-5
9761,10,11000,2,1,11000,9000,44,47,57841,8000,15000,9500,11600,20500,24700,26000,34000,41000,41800,59700,39000,-2,22000,46000,63400,66782,36000,29000,72000,61000,57000,95000,105000,103000,-3
9762,11,16000,1,1,16000,-3,12,8,13382,-3,-2,27000,56000,39000,40000,36920,48000,51000,47000,41600,46200,58000,59500,58000,82200,84500,91000,100000,101800,40000,-2,-2,-2,64000,76000
9763,14,8000,1,2,8000,11000,35,27,38792,4800,-3,32000,35000,12000,28000,-1,39000,23000,-5,45000,-1,-1,-1,-5,-5,-1,-2,-1,134280,0,-5,-5,-5,-5,-3
9764,10,30000,2,1,30000,-5,35,36,26672,40000,-5,4000,38200,9140,-2,-2,-3,-2,54000,30000,25000,-2,26660,-2,-2,20000,56000,25500,20800,24000,10200,-2,-2,8513,60560
9765,13,31000,2,2,31000,-3,19,18,21655,-3,11300,27200,-2,-2,-2,-2,-2,-2,-2,23000,27228,-2,34868,-2,-2,55000,-5,1680,3000,-5,-5,-5,-5,-5,-5
9766,13,30000,2,2,30000,37700,13,15,20838,35000,-2,40000,-2,-2,-2,-1,-1,-1,-1,-1,-1,-2,-1,100900,-1,-1,-1,-1,-1,47000,67000,-1,-2,-2,-3
9767,10,30000,2,1,30000,37700,1,4,7618,35000,-2,-2,59000,6000,14000,0,0,20000,37000,0,0,-2,-2,10000,-2,0,0,0,0,0,65000,16000,5700,0,0
9768,13,5000,2,2,5000,-3,-4,-4,-4,-3,9000,-2,-2,-2,25000,-2,-2,-1,-1,-1,-1,-1,-1,-2,-1,-2,-2,-1,-2,-1,-1,0,0,-1,-3
9769,10,-1,2,1,-1,0,6,6,2824,17000,-2,-2,-2,-2,56000,86500,35000,-2,80000,50000,-2,80000,-2,-5,95000,45000,48000,-5,-5,-5,-5,-5,-5,-5,-5
9770,11,10000,1,1,10000,6500,6,6,9697,-3,-2,-2,23100,25000,42125,40000,30000,34000,36000,38000,66000,74800,78000,30000,40000,106000,-5,-5,60000,-5,50000,40000,80000,85000,-5
9771,11,22000,1,1,22000,33600,26,27,39598,-3,15000,36000,25000,28000,35600,39600,25570,26000,30000,29000,19000,25000,29400,24000,25900,-2,26000,28220,26500,-2,-5,-5,-5,-5,-5
9772,14,12000,1,2,12000,12000,57,61,71954,11000,22000,20800,14192,23000,33000,13888,34000,33160,23200,25000,26000,30000,22451,36434,-2,42000,38000,70000,-5,44600,40600,40200,-5,-5,-5
9773,11,12000,1,1,12000,12000,15,14,13651,-3,4000,16900,19800,18000,20000,50300,58000,15000,27000,21500,21500,23000,27980,33000,-2,52800,64000,-5,-5,-5,-5,-5,-5,-5,-5
9774,12,24000,3,2,24000,33101,50,45,51161,21075,-2,23632,26322,-2,20650,91700,-2,-2,-2,-5,-5,-5,-5,-5,-5,-5,-5,-5,-5,-5,-5,-5,-5,-5,-5
9775,11,21000,1,1,21000,20000,11,10,9252,-3,19300,3400,24600,-2,25000,100001,8000,4800,-3,159805,-2,-2,19200,-2,9500,16800,6000,4500,51400,18000,4000,0,9600,-5,2376
9776,11,43000,1,1,43000,60000,17,17,14556,65000,20000,28550,32030,20098,25000,36000,36010,36000,32500,35726,36825,42000,49140,48000,55000,51100,57000,62000,-2,42000,62000,109000,97000,115000,275000
9777,11,43000,1,1,43000,60000,70,88,87993,65000,50000,52850,75000,13000,16000,17000,16000,17500,18500,19000,20000,20000,23000,25126,28000,33000,-2,42000,74000,84000,0,75612,91400,84000,95000
9778,14,-4,1,2,-3,-3,8,8,10418,-3,50650,-2,15200,42851,34758,46500,53000,50200,57700,60900,58900,72200,100900,28600,37500,31000,35000,128000,40000,42000,47400,70400,79360,91836,-5
9779,11,18500,1,1,18500,20000,20,19,19826,-3,37000,41000,45000,33000,-5,30160,31300,30650,32250,40000,41000,44050,33000,54600,65000,70050,75000,80000,103000,79000,150000,157000,142000,145000,163000
9780,11,-4,1,1,19000,24000,23,22,21132,-3,33000,-2,20764,28000,27000,36000,33000,31000,33200,31000,30000,31000,34800,42000,0,51000,-5,-5,-5,-5,-5,-5,-5,-5,-5
9781,9,4000,3,1,4000,13000,53,53,39932,15000,12000,15000,20010,20600,-5,-5,600,10000,-2,-5,-5,-5,-5,-5,-5,-5,-5,-5,-5,-5,-5,-5,-5,-5,-5
9782,12,-3,3,2,-3,6000,82,85,84977,-3,10000,10000,12040,13100,28000,32000,24000,49000,51000,-5,-5,-5,-5,-5,-5,-5,-5,-5,-5,-5,-5,-5,-5,-5,-5
9783,11,-3,1,1,-3,26000,78,85,91677,26000,36000,46500,49000,58000,60000,59000,70000,20900,15000,26003,25000,28000,29000,-2,67000,-2,92440,40000,-5,-5,-5,45760,-2,50000,52000
9784,14,-3,1,2,-3,26000,31,30,53239,25300,-2,36000,36000,58000,-2,26800,27000,37400,34000,14000,20500,24600,48500,60300,66500,42000,390662,87000,71000,65000,75000,54000,36000,85200,-3
9785,9,15000,3,1,15000,-3,20,23,32368,500,7000,75001,-2,10000,6000,17000,21000,0,0,-5,-5,-5,-5,-5,-5,-5,-5,-5,-5,-5,-5,-5,-5,-5,-5
9786,11,16000,1,1,16000,32400,52,56,61822,35000,14700,17760,20113,20400,21040,29550,28200,28500,34000,36400,38800,42800,19500,29000,46000,49480,56000,45133,78000,138000,78000,105322,63500,88000,-5
9787,9,-4,3,1,5000,9500,-4,-4,-5,-5,8000,0,8000,23000,8000,22000,100001,38000,46000,-5,-5,-5,-5,-5,-5,-5,-5,-5,-5,-5,-5,-5,-5,-5,-5
9788,11,30000,1,1,30000,28000,84,89,88767,-3,43000,43000,55000,50000,47000,48629,3515,8655,10050,9969,12050,5097,20782,29700,63050,68000,83050,94200,50375,57607,87980,497763,249630,922631,188035
9789,14,21400,1,2,21400,24341,46,45,61388,34600,5600,6000,5005,13351,10550,20150,22000,27050,-3,45100,56000,62000,-2,81000,71000,10000,150000,408473,100000,85000,78000,52000,50000,96000,97000
9790,14,21400,1,2,21400,24341,25,16,23728,34600,30000,20000,47500,24620,29200,29000,34000,-2,47400,35400,36584,45200,75200,148500,70250,83400,148000,110000,94000,71800,55000,68000,105000,132000,146000
9791,9,-4,3,1,2500,-3,82,72,67561,-3,16000,19000,8050,50500,-2,60000,80000,100000,70000,-5,-5,-5,-5,-5,-5,-5,-5,-5,-5,-5,-5,-5,-5,-5,-5
9792,9,3480,3,1,3480,30000,41,49,57965,44000,20000,12768,15959,5040,-2,-3,800,15000,-5,-5,-5,-5,-5,-5,-5,-5,-5,-5,-5,-5,-5,-5,-5,-5,-5
9793,9,-4,3,1,2910,5010,65,63,68050,17410,10520,13450,17126,-2,37165,78500,30970,26700,18000,-5,-5,-5,-5,-5,-5,-5,-5,-5,-5,-5,-5,-5,-5,-5,-5
9794,9,4060,3,1,4060,12640,21,22,27208,11600,19200,23576,23846,25075,24050,32300,26000,24566,29650,-5,-5,-5,-5,-5,-5,-5,-5,-5,-5,-5,-5,-5,-5,-5,-5
9795,12,-2,3,2,-2,9135,39,37,32539,12015,-2,17100,15600,20700,18300,33500,-2,-2,-2,-5,-5,-5,-5,-5,-5,-5,-5,-5,-5,-5,-5,-5,-5,-5,-5
9796,12,6500,3,2,6500,5400,28,36,59808,8000,9400,-2,-2,12405,-2,16500,20500,20600,28800,-5,-5,-5,-5,-5,-5,-5,-5,-5,-5,-5,-5,-5,-5,-5,-5
9797,12,-4,3,2,9200,11400,51,53,56994,10605,11755,13642,11693,14515,13019,11991,-2,1057448,-2,-5,-5,-5,-5,-5,-5,-5,-5,-5,-5,-5,-5,-5,-5,-5,-5
9798,12,5000,3,2,5000,8080,26,29,26337,12150,2674,2188,-2,3007,4570,-2,15914,5600,11200,-5,-5,-5,-5,-5,-5,-5,-5,-5,-5,-5,-5,-5,-5,-5,-5
9799,12,5000,3,2,5000,8500,41,38,49608,6663,8500,15853,23500,30200,23500,17000,-5,26000,26000,-5,-5,-5,-5,-5,-5,-5,-5,-5,-5,-5,-5,-5,-5,-5,-5
9800,9,-4,3,1,-3,-5,3,4,5390,-3,100,5116,4876,-5,6680,-5,0,5500,6000,-5,-5,-5,-5,-5,-5,-5,-5,-5,-5,-5,-5,-5,-5,-5,-5
9801,11,-4,1,1,1600,-5,-4,-4,-4,12000,6905,-2,2000,0,6500,18700,-2,7000,12000,17000,18584,17000,-2,12000,31000,36000,-5,-5,-5,-5,-5,-5,-5,-5,-5
9802,11,-4,1,1,4000,-5,-4,-4,-4,8000,-5,-5,-5,-5,0,-5,-5,2429,1613,1560,2600,-5,9000,-5,-5,-5,-5,-5,-5,-5,-5,-5,-5,-5,-5
9803,9,21000,3,1,21000,7000,38,34,32722,3700,-5,5900,9220,18003,26500,12500,12000,13600,17045,-5,-5,-5,-5,-5,-5,-5,-5,-5,-5,-5,-5,-5,-5,-5,-5
9804,9,-4,3,1,2144,3104,-4,-4,-5,-5,2196,-2,-2,-2,-2,-5,-2,0,3600,-5,-5,-5,-5,-5,-5,-5,-5,-5,-5,-5,-5,-5,-5,-5,-5
9805,9,-4,3,1,1056,-3,10,12,9520,12960,11384,9150,16500,17000,18000,19000,17000,24200,25000,-5,-5,-5,-5,-5,-5,-5,-5,-5,-5,-5,-5,-5,-5,-5,-5
9806,9,4000,3,1,4000,-3,-3,-3,17228,-3,600,150,-2,-2,630,4600,6164,7000,-2,-5,-5,-5,-5,-5,-5,-5,-5,-5,-5,-5,-5,-5,-5,-5,-5
9807,12,-4,3,2,-3,5168,25,26,16187,8800,-5,20000,14400,27800,24591,25000,23000,24000,26273,-5,-5,-5,-5,-5,-5,-5,-5,-5,-5,-5,-5,-5,-5,-5,-5
9808,9,-4,3,1,4400,12000,46,44,38963,10500,17530,36000,18000,18400,14629,14600,15000,17000,17000,-5,-5,-5,-5,-5,-5,-5,-5,-5,-5,-5,-5,-5,-5,-5,-5
9809,14,-4,1,2,4800,12000,26,25,13710,10500,17500,-2,18000,18400,14629,13600,15000,17000,17000,31400,30100,-2,12500,10000,-1,-5,27000,-1,38000,28000,30000,-1,33000,-5,30000
9810,11,75001,1,1,75001,75001,22,18,28998,-3,11900,26000,16500,17200,35000,16900,26479,15300,-2,-2,26700,39800,25900,19000,30800,26600,24500,27706,37980,15200,26640,31640,25850,12000,-3
9811,14,15000,1,2,15000,7056,16,15,11406,3600,7500,17344,31430,10956,16372,16000,31650,36328,40600,24800,39200,31000,31000,38960,51392,56000,52870,61128,57000,42805,37000,-2,15450,12000,25200
9812,11,15000,1,1,15000,-3,4,3,1936,14400,5735,18000,-2,2400,6000,9725,-5,-2,23000,5042,-2,-5,0,8200,14000,20000,25000,22000,23208,7000,30000,42324,20000,7364,9000
9813,14,15000,1,2,15000,12000,13,8,14117,15000,9000,10000,18800,17000,22000,34000,50000,51000,49000,59000,54000,60000,70000,72000,-5,100000,103000,43000,-5,123000,-5,-5,-5,148000,159000
9814,11,15000,1,1,15000,12000,12,8,12916,15000,12000,-2,6567,10000,26000,11000,12500,12000,13000,13000,9600,-2,-2,-2,22000,33400,47000,52000,52000,150000,55000,53000,52000,87000,100000
9815,11,-2,1,1,-2,-3,7,11,9963,8443,-2,18000,29000,10604,4812,-2,13364,-2,2000,10000,15500,-2,18360,5734,14000,11200,-2,40000,-5,10000,20000,-2,-1,11483,24512
9816,11,-3,1,1,-3,-3,3,5,3570,27060,-2,55000,-2,25000,33000,8008,9500,10000,10000,-2,12080,10000,13000,3500,13000,15000,-5,15840,22600,20000,22000,23000,6000,3968,10000
9817,14,-3,1,2,-3,-3,12,10,13068,-3,-2,-2,-2,-2,-2,-2,-2,-3,-2,-2,-2,11560,24617,-2,28041,34944,25036,17700,26412,42000,20880,22715,30500,30000,42000
9818,12,-3,3,2,-3,6720,26,21,29593,7700,14000,22000,-2,15000,17440,7200,9000,0,0,-5,-5,-5,-5,-5,-5,-5,-5,-5,-5,-5,-5,-5,-5,-5,-5
9819,11,50000,1,1,50000,0,-4,-4,-4,-3,50000,75001,26000,-1,-1,33800,-5,-5,-5,-5,-5,-5,-5,-5,-5,-5,-5,-5,-5,-5,-5,-5,-5,-5,-5
9820,14,15100,1,2,15100,3200,60,69,71877,14500,11000,9000,5050,9001,15600,30480,26800,31716,-2,12177,20057,28104,30060,29900,28000,42050,56460,-2,65222,-2,-2,92432,78000,85515,105005
9821,11,15100,1,1,15100,3200,33,25,30996,14500,7100,4000,11000,6000,27000,21200,24200,13705,45330,9200,-2,18840,22716,0,17000,11000,46380,-5,23000,-5,-5,52000,-5,0,40780
9822,11,15100,1,1,15100,3200,32,33,47067,14500,11000,26000,-2,26000,32000,23654,14560,23000,24024,28060,56020,36482,-2,35000,40000,40020,58500,56200,64650,89800,67500,83420,145050,105500,126400
9823,10,14500,2,1,14500,8500,28,35,30966,8300,-2,-2,-2,-2,-2,32000,28000,31000,32400,35000,47000,54000,55000,64000,-1,55000,30000,64480,95000,93000,88500,81000,95000,85000,95000
9824,13,14500,2,2,14500,-3,21,29,32201,-3,10000,15000,-2,8000,3505,6010,10000,14000,27050,29050,30020,32000,33010,37000,43020,54030,60000,62000,64000,76000,85000,75000,80000,98000,114000
9825,10,8780,2,1,8780,7404,11,18,24501,13304,15000,5000,-2,14850,24000,-5,-3,12780,-2,13400,15000,-2,10000,-5,32600,-5,-5,26000,80000,90000,86000,57000,0,54500,36000
9826,13,8780,2,2,8780,7404,8,15,19474,12276,15000,5000,5224,6313,6048,6621,7140,6852,7540,11158,14985,7918,13083,11028,7980,15120,16900,8400,9650,9600,10284,10872,10599,9600,10800
9827,10,8780,2,1,8780,7404,2,4,4037,12276,15000,5000,-2,2000,11000,-5,17300,17000,11000,15500,16900,20000,-5,-5,-5,-5,-5,-5,-5,-5,-5,-5,-5,-5,-5
9828,14,7824,1,2,7824,7900,-4,-4,-4,-3,7950,5000,-3,-2,-2,17352,8784,15588,-2,-2,-2,-2,33616,8112,-5,-5,-2,0,0,1300,0,10284,10644,10188,-3
9829,11,16000,1,1,16000,12000,65,71,74962,4650,24880,-2,13000,12000,-2,26100,25700,31000,31000,29500,28000,28895,44200,49000,45000,42000,73000,84000,90000,81935,96500,105000,6880,96000,150000
9830,14,14600,1,2,14600,12000,23,16,22026,11000,-2,-2,13000,10000,30214,-2,24000,27000,29000,-2,28000,35000,30000,35000,45000,45045,45000,58000,60000,60000,-2,57000,-2,-5,-3
9831,14,-4,1,2,-2,2520,24,32,31840,2850,3100,2000,3000,3000,2100,0,150,0,7000,0,1600,10330,14650,-5,-5,0,-5,-5,-5,-5,3375,0,0,0,-5
9832,14,25000,1,2,25000,27000,32,21,30823,24000,30000,3368,700,3000,15000,12000,15722,0,10744,7000,2000,7000,11000,16000,24400,27364,38000,36536,38370,-5,-5,-5,-5,-5,-5
9833,9,-4,3,1,-3,6000,42,40,37812,7000,11000,8300,8000,10000,90000,59240,-5,-5,-5,-5,-5,-5,-5,-5,-5,-5,-5,-5,-5,-5,-5,-5,-5,-5,-5
9834,12,-4,3,2,5436,3964,9,8,4299,8857,8160,9840,9857,61110,100001,13294,9852,9360,18236,-5,-5,-5,-5,-5,-5,-5,-5,-5,-5,-5,-5,-5,-5,-5,-5
9835,11,13500,1,1,13500,2241,5,7,17429,15000,17600,-2,-2,-2,20000,-2,25800,23100,-2,-2,-2,-2,-2,18500,25000,26640,24400,17260,16000,13000,135000,64000,95500,98499,83000
9836,11,7920,1,1,7920,5064,13,10,12427,10500,17200,-2,6216,-2,-2,-2,-5,-2,-2,18000,20800,-2,-2,20900,39692,-5,22200,-5,0,-5,0,7983,11400,-5,-5
9837,14,7920,1,2,7920,5064,8,6,22757,10500,11275,12900,6216,3816,0,7368,7640,1000,200,0,0,6000,-2,41200,48512,42000,41200,66000,62000,68000,36875,73000,69000,92000,-3
9838,14,17200,1,2,17200,16473,60,49,51181,17442,18700,12246,17540,20400,20330,21100,30000,26200,-3,31900,32000,37050,39300,35030,44000,42300,44000,46000,40800,40000,39000,27000,37000,40000,42000
9839,14,12200,1,2,12200,10000,25,32,37277,15000,16940,17761,20507,22508,29504,21200,29637,8000,40000,43282,36952,-2,48000,34546,40380,40000,87800,29893,36750,61000,47751,55000,47000,51685,40316
9840,14,12200,1,2,12200,7000,27,27,34791,12000,12000,-2,16040,9910,14588,12676,-2,23664,13666,13126,12888,-2,-2,31450,29286,44500,34567,48634,33000,33350,44872,59280,-1,70500,69000
9841,11,12200,1,1,12200,7000,7,10,13160,-3,12000,12000,1392,-2,6500,10407,-2,14400,0,0,16800,39000,66000,-5,33000,10000,41020,12000,27500,-2,7000,0,1400,-5,-5
9842,9,9000,3,1,9000,-3,85,91,92097,7000,11000,11000,10000,5220,7530,-5,10000,4321,4870,-5,-5,-5,-5,-5,-5,-5,-5,-5,-5,-5,-5,-5,-5,-5,-5
9843,11,2000,1,1,2000,6000,3,7,11121,5800,8500,6490,4500,4400,17400,-2,-2,0,-2,-2,-2,-2,-2,-2,20504,0,0,1560,8600,6500,0,-2,-2,-2,10224
9844,14,1500,1,2,1500,6000,19,17,18736,200,9000,-2,-2,8712,10490,13110,11100,15844,21800,13400,14370,18950,-2,79000,35900,22000,25000,25000,38000,45140,28000,100000,4800,-2,35000
9845,14,-2,1,2,-2,-3,3,1,1812,-3,50000,-2,-2,10000,14807,9000,18100,18000,26488,485,10560,9360,-2,11604,12180,15452,21300,-2,12228,-2,45200,50380,10800,-5,-5
9846,11,-2,1,1,-2,23000,31,29,32788,25088,43000,36800,33850,-2,57000,35500,71758,-2,69100,-2,76600,85897,189918,85030,84000,52500,70012,89000,27892,72274,-5,-5,-5,-5,-5
9847,11,-2,1,1,-2,-3,27,27,41708,-3,50000,6580,-2,-2,40000,26150,6500,11000,10200,14000,21000,27500,26000,72000,60000,60000,70000,75000,95000,120000,0,90000,130000,120000,65000
9848,11,26000,1,1,26000,-3,30,35,47780,-3,36000,43000,48000,56000,50000,30300,18330,22140,16800,18000,23000,44600,-2,38000,27500,39000,52000,58050,67500,65000,-5,40000,70000,-5,-5
9849,14,2077,1,2,2077,3600,6,10,16121,4560,11565,6000,11022,-2,60000,-2,-2,30987,-2,-2,-2,-2,-2,-2,-2,-2,-5,-5,-5,0,-2,-2,-5,-5,-5
9850,11,24000,1,1,24000,22000,60,53,47186,9700,23100,21000,29880,27220,-5,22000,-5,-2,60000,22000,27000,45000,47000,37000,32200,-2,37000,40000,30000,30000,-5,-5,-5,29000,26000
9851,14,-2,1,2,-2,26000,6,5,5845,30000,40000,23000,-2,13500,-5,-5,-5,-5,-5,55000,65000,-2,46000,-5,-5,-5,-5,-5,-5,-5,-5,-5,-5,-5,-5
9852,14,40000,1,2,40000,42000,13,17,22537,-3,7741,-2,-2,-2,-2,3600,-2,20000,15000,20000,22000,26000,7237,14080,17600,27000,-5,-5,-5,-5,23495,9675,57264,27236,45740
9853,11,-2,1,1,-2,-5,4,4,3040,-3,-2,-2,-2,-2,-2,-2,-3,-2,0,6000,12000,0,0,5000,-2,-2,6180,7980,1140,23748,9732,10200,5839,11028,16800
9854,11,-2,1,1,-2,-5,16,22,22882,12637,18500,-2,-2,-2,-2,40600,12000,-2,7000,-2,-2,-5,300,-5,14000,-5,-5,-5,30000,20615,15000,30992,14268,53080,-3
9855,14,-2,1,2,-2,12000,37,55,76221,-3,2000,2500,5345,15000,19000,-5,-5,27000,-5,32100,36000,38000,39000,39600,244343,-2,-5,-5,46800,32400,-1,20400,60000,45600,223200
9856,11,-4,1,1,8500,18000,60,51,43825,24401,22282,29291,22820,37500,28400,33312,42700,43074,38000,-2,53900,25000,14364,-2,40068,15612,-5,-5,-5,-5,-5,-5,-5,-5,-5
9857,11,18000,1,1,18000,-5,-4,-4,-4,-3,-2,29881,-2,-2,20000,-5,-5,-5,-5,-5,-5,-5,-5,-5,-5,-5,82000,-5,-5,-5,-5,-5,-5,-5,-5
9858,14,-4,1,2,11010,-5,26,31,28937,9000,7128,8391,10444,12028,-5,4972,41880,30000,35500,36496,38064,38000,36000,31600,39000,25300,33000,52044,39000,13000,18000,34000,44000,23000,54000
9859,11,9000,1,1,9000,14000,21,25,23070,21000,20000,22000,18892,21000,30000,28000,-2,-2,-2,-2,29360,26060,25000,26560,39000,40000,-2,47000,-5,-5,-5,-5,-5,-5,-5
9860,11,9000,1,1,9000,14000,27,29,19008,21000,2000,29731,20782,21000,33000,16232,22960,38000,38000,46050,53000,38280,-5,47000,26400,45000,-5,-5,-5,34000,33967,25000,-2,34000,32000
9861,12,-4,3,2,4520,661,30,33,26621,3865,6466,-2,5563,15000,10200,44300,12107,25500,26852,-5,-5,-5,-5,-5,-5,-5,-5,-5,-5,-5,-5,-5,-5,-5,-5
9862,14,21000,1,2,21000,13000,10,7,11473,5966,-2,-2,16000,15000,1223,23460,28500,28600,25258,36736,11330,33500,38400,41500,51800,62000,57000,-2,98000,86000,-2,32000,29000,32000,-3
9863,14,6000,1,2,6000,19000,46,53,62653,-3,6340,24000,27000,-1,-2,10000,25000,18000,5000,0,18000,24000,15000,-5,-2,40000,60000,55000,45000,82000,90000,-1,120000,-5,-5
9864,12,-4,3,2,-2,7020,5,4,1906,6468,8265,9088,12000,10172,8000,-2,14208,7800,11000,-5,-5,-5,-5,-5,-5,-5,-5,-5,-5,-5,-5,-5,-5,-5,-5
9865,14,6240,1,2,6240,7800,11,10,16206,-3,5700,11292,12624,12000,-2,0,0,1500,0,0,6312,7476,8720,2104,-2,0,0,0,0,0,0,-5,-5,-5,-5
9866,14,20500,1,2,20500,63500,79,81,90349,4000,-3,15500,28800,16200,-5,19000,-5,-5,27050,-5,-5,-5,-5,-5,-5,-5,-5,-5,-5,-5,-5,-5,-5,68000,76400
9867,14,20500,1,2,20500,35000,22,18,21985,40000,-2,20500,52000,-2,35000,48000,71440,-2,-2,-5,-5,-5,-5,-5,-5,-5,-5,-5,-5,-5,-5,-5,-5,-5,-3
9868,11,8000,1,1,8000,14000,62,74,69680,15000,15000,22000,20000,24000,19000,16000,22000,30900,31000,-2,36000,40008,62000,31894,36000,76300,50000,49000,41000,48000,40500,52400,60000,77000,58000
9869,11,6000,1,1,6000,-5,-4,-4,-5,-5,-5,-2,-2,46000,18000,-5,14000,9800,-2,-2,-2,-2,-2,59000,11000,-2,55000,25000,7500,-2,-2,-2,-5,-5,-5
9870,14,18000,1,2,18000,-3,38,44,55051,25000,25000,37000,23700,600,30000,6724,20077,6300,7120,10284,24368,11136,9407,11280,9600,0,0,0,6250,54823,-2,14820,12000,-2,-3
9871,13,11000,2,2,11000,5800,50,49,48132,25000,42000,32300,-2,30000,20600,23400,-2,35750,31237,-2,16200,20000,37000,26000,22620,74000,82000,78400,118000,130000,176276,73700,53880,209120,-3
9872,13,11000,2,2,11000,10500,34,27,30417,25000,42000,26000,27700,-1,41600,-2,46510,50000,54300,56000,61000,-2,-2,32000,35000,82000,60000,53000,56800,56000,78000,80000,85000,-2,179000
9873,10,15000,2,1,15000,10500,42,54,76314,20000,10774,-2,25000,25000,30000,54400,3500,29005,42000,47000,28010,32000,39000,50000,49000,72000,65000,67000,76000,150000,132000,151000,96000,93000,170000
9874,13,15000,2,2,15000,-3,1,1,5625,13500,12000,-2,-2,24000,3000,-2,23000,-2,4000,0,0,2877,4305,8040,3200,0,0,0,17000,10000,11260,27000,15600,26300,33000
9875,11,25000,1,1,25000,24000,3,6,6975,-3,-2,27000,-2,-2,-2,-2,-2,-2,0,15600,-2,-2,-2,11000,-2,-2,-2,0,30000,17460,15112,2400,0,1440,-5
9876,11,-4,1,1,14090,17140,95,80,76760,21000,23200,22950,-2,-2,33357,39900,40300,42300,45200,50200,57700,41000,64000,68950,74570,83700,72656,51250,74300,83360,75000,187000,121305,-2,163000
9877,13,9062,2,2,9062,-3,10,13,8926,21052,-2,-2,700,8400,9000,10000,14300,14400,24000,17900,44000,46000,48000,50750,55000,70000,80000,-2,-5,-5,86614,-1,92000,53880,90000
9878,11,19000,1,1,19000,3600,56,48,42243,10000,14387,15950,52000,19010,54000,-5,30635,33050,36200,-5,-5,-5,-5,-5,-5,-5,-5,-5,-5,-5,-5,-5,-5,-5,-5
9879,10,18000,2,1,18000,6000,32,33,43527,15000,-2,-2,430,5920,-2,-2,-2,5336,0,0,34960,16856,18068,33000,40634,67000,85000,100000,60035,121000,52000,59400,45000,79000,63884
9880,10,18000,2,1,18000,6000,18,14,19165,15000,-2,-2,-2,-2,-2,-2,-5,14000,14000,27000,15500,-5,12600,-5,-5,-5,-5,-5,17000,17000,30000,-5,-5,30000,-5
9881,14,15000,1,2,15000,9821,11,13,20353,-3,-2,-2,-2,3000,-5,-5,-5,-5,10000,26000,10000,12000,10000,22000,46000,11000,-5,-5,-5,65000,-5,-5,-5,-5,-5
9882,12,-4,3,2,8210,-3,7,9,8516,24928,13000,30000,39000,38700,40898,-5,16170,22500,17514,-5,-5,-5,-5,-5,-5,-5,-5,-5,-5,-5,-5,-5,-5,-5,-5
9883,11,12000,1,1,12000,20332,57,61,60080,25000,2000,27300,38000,59000,62800,64000,67000,66000,75300,71000,76000,79000,77000,72000,104200,91400,89000,65000,98000,93300,86000,104035,98000,115000,127000
9884,11,12200,1,1,12200,10000,23,23,23341,14000,32000,13000,24000,-2,69000,23000,22000,16500,23000,16340,10000,13000,13500,27020,21500,36000,32000,33000,29000,22000,27045,28000,25000,0,32000
9885,14,12200,1,2,12200,18600,21,17,15035,14572,31238,50000,13600,17000,30000,30464,30000,1892,50000,75700,70000,56775,189918,62700,80000,55000,52454,47000,48000,52000,-5,-5,-5,-5,-5
9886,11,12200,1,1,12200,8000,6,7,13593,14000,32000,-2,24000,15000,14700,12000,26000,25000,65000,45000,47000,49000,45000,70000,55000,55000,71000,100000,66000,110000,70000,70000,60000,60000,110000
9887,14,-3,1,2,-3,5500,22,21,24760,700,22000,-3,22180,16236,23000,3800,16360,6170,-2,11368,14340,-2,846,9828,10260,17704,28000,32000,42000,42000,45000,-5,-5,-5,-5
9888,11,-2,1,1,-2,4500,-4,-4,-4,-3,-2,-2,12924,-5,-5,13000,16000,16563,19040,24080,26500,27200,30000,35000,42000,36300,-5,65000,51527,50904,-2,66800,56900,48000,71000
9889,9,-4,3,1,4908,32000,97,95,91756,23490,20721,26031,28000,33000,37503,43500,51200,47375,51250,-5,-5,-5,-5,-5,-5,-5,-5,-5,-5,-5,-5,-5,-5,-5,-5
9890,11,-4,1,1,-3,45000,-4,-4,-4,32000,23400,46280,45800,46000,47000,38150,27750,29640,45864,54000,68000,66200,63400,81000,77000,94000,94350,92000,89250,98050,-5,116660,112000,116000,97800
9891,14,25000,1,2,25000,45000,-4,-4,-4,32000,45000,40000,40552,-2,-2,-5,37700,-5,-5,-5,-5,-5,-5,-2,106500,-2,-1,-5,-5,-5,-5,-5,-5,-5,-5
9892,14,30000,1,2,30000,-3,20,16,20660,38000,-2,30000,5000,6000,19800,-2,13000,11000,16000,21600,23000,39600,49000,40000,56612,-2,39440,65200,75088,5200,32688,8470,22036,13008,-3
9893,10,32000,2,1,32000,36000,50,57,44877,31600,31250,32705,37300,40300,40100,44100,43005,48000,52100,56100,58000,-2,59060,64200,61015,64000,61956,53010,47000,59100,52724,43440,55000,60010,60000
9894,14,12000,1,2,12000,-3,46,39,31604,23000,14000,19800,14315,16615,14000,18015,15500,13598,21716,24000,26005,28800,23515,-2,30320,-5,-5,-5,-5,-5,-5,-5,-5,-5,-5
9895,14,14500,1,2,14500,16068,19,25,23059,23600,20000,44000,-2,12193,-2,19600,25200,-2,49000,42000,34000,23600,-2,18600,55000,65000,-2,-2,-1,100000,-2,38520,-2,48000,-3
9896,14,33000,1,2,33000,39000,76,91,81673,48000,45000,53000,21580,19900,23850,29000,22500,37000,32800,40000,45000,35000,43100,83000,68000,84000,82000,97050,100500,108000,110086,78000,73000,-5,-5
9897,14,33000,1,2,33000,39000,68,80,91635,48000,45000,53000,42000,55000,80000,96400,28400,30000,60000,72300,88400,88000,94000,103630,106200,74000,157000,168000,225000,220750,440692,207000,164200,174000,206400
9898,14,33000,1,2,33000,39000,72,79,84588,48000,45000,53000,42000,60000,80000,60000,70000,75000,72000,-2,75000,81000,-5,-5,-5,-5,-5,-5,-5,-5,-5,-5,-5,-5,-5
9899,14,-4,1,2,7000,65000,32,32,34851,-3,-2,11035,12000,20000,15000,-2,15000,62000,48070,43010,40630,47800,52000,82000,26600,35900,36500,-5,-5,-5,-5,-5,-5,-5,-5
9900,12,-4,3,2,2300,6000,-4,-4,-5,-5,6700,-2,6405,-5,-5,-5,-5,-5,-5,-5,-5,-5,-5,-5,-5,-5,-5,-5,-5,-5,-5,-5,-5,-5,-5
9901,11,-4,1,1,23300,18413,51,47,39609,9682,5500,11600,16975,16763,21060,34000,45000,37000,34500,34850,-5,-5,29000,25550,29900,34200,48200,-2,51400,44544,37000,33824,35350,40094,-3
9902,11,-3,1,1,-3,-3,22,25,26934,-3,-2,-2,-2,-2,-2,-5,-2,19000,40100,28520,16000,19840,23780,22000,40000,33000,38000,48000,30000,23000,22000,23000,40000,-5,70000
9903,14,15000,1,2,15000,17380,7,8,19587,-3,-2,20000,-5,17000,80000,-2,-2,-5,-5,-5,-5,-5,-5,-5,-5,-5,-5,-5,-5,-5,-5,-5,-5,-5,-5
9904,11,-3,1,1,-3,14000,17,13,14091,11000,29000,2333,5067,3712,5250,2033,9000,-2,5172,8466,20000,36200,14000,15000,-2,24000,25000,25000,25000,-5,-5,-5,-5,-5,-5
9905,11,21700,1,1,21700,5408,64,55,54011,6143,6110,10601,13500,17400,27525,54300,-3,41000,31000,32300,33000,36010,30000,38000,34000,-2,-5,44120,44016,58000,47800,48000,37000,42000,-3
9906,14,21700,1,2,21700,23178,4,7,10778,-3,15000,9800,8400,25000,13000,-5,-2,-2,-2,19000,-2,-2,-2,-2,22488,18500,24000,34580,20000,-2,-2,23244,35172,-2,-3
9907,9,4400,3,1,4400,-3,4,4,3030,-3,6000,-2,-2,1080,-2,16116,13704,-2,9641,-5,-5,-5,-5,-5,-5,-5,-5,-5,-5,-5,-5,-5,-5,-5,-5
9908,9,-2,3,1,-2,-3,-3,-3,9893,5258,-2,-2,200,-2,-2,0,0,0,-2,-5,-5,-5,-5,-5,-5,-5,-5,-5,-5,-5,-5,-5,-5,-5,-5
9909,9,-3,3,1,-3,-3,6,2,1801,7080,7400,7200,290,500,4100,3272,-2,0,0,-5,-5,-5,-5,-5,-5,-5,-5,-5,-5,-5,-5,-5,-5,-5,-5
9910,12,4400,3,2,4400,-3,10,8,11255,3768,-2,3072,-2,5133,5688,5976,-2,80,0,-5,-5,-5,-5,-5,-5,-5,-5,-5,-5,-5,-5,-5,-5,-5,-5
9911,11,-1,1,1,-1,-3,5,7,10091,-3,-2,-5,-5,-5,-5,-5,-5,-5,-5,-5,-5,-5,-5,-5,-5,-5,-5,-5,-5,-5,-5,-5,-5,-5,-5
9912,11,-2,1,1,-2,-3,20,20,27438,9411,20000,15000,23050,34009,32000,35000,29100,31077,32014,33085,47030,48000,46000,-2,65536,-5,-5,-5,-5,-2,10000,-5,-5,-5,-5
9913,14,16000,1,2,16000,17000,18,16,15256,1724,6780,3850,5470,5000,9654,4838,1000,8000,6000,-2,9800,1704,7912,-2,14500,26000,24968,472,26000,24298,24000,27000,33240,23000,-3
9914,11,12000,1,1,12000,16000,22,13,15882,21000,-2,15000,1000,3250,13000,22000,25000,47000,23000,-2,-2,-2,-2,20000,5000,15000,-5,30000,35000,-2,15000,30805,47000,-2,52000
9915,11,-4,1,1,-3,10046,1,1,0,-3,-2,22000,13000,-2,-2,12200,-2,-2,-2,-2,-2,-2,-2,36000,36000,34000,11000,-5,-5,10000,13000,7000,7000,-2,-3
9916,14,-4,1,2,0,-5,-4,-4,-5,-5,33000,-2,-3,9750,12000,27000,14400,25400,24500,31000,27000,40000,-2,17500,6000,26000,-2,-2,-5,17000,0,2400,17000,21000,17000
9917,9,-4,3,1,2700,12110,25,37,29857,3500,7499,8182,9100,9550,9450,9365,8500,9600,9000,-5,-5,-5,-5,-5,-5,-5,-5,-5,-5,-5,-5,-5,-5,-5,-5
9918,11,12000,1,1,12000,9000,1,1,0,500,2000,-2,12000,12000,30000,-2,-2,32000,-5,-2,-3,4500,-5,6000,30000,30000,36000,-2,-5,-2,-5,-2,-2,0,-3
9919,11,12000,1,1,12000,9000,1,1,2175,5000,2000,2000,12000,12000,30000,18000,-2,38000,-5,-2,-2,0,-5,-5,-5,-5,-5,0,-5,-5,-2,70720,18000,-2,-3
9920,13,16000,2,2,16000,-5,-4,-4,-5,-5,-5,-5,18000,-2,-5,-5,-5,-5,-5,-5,55020,59100,-5,35000,32200,-5,-5,-5,-5,-5,-5,-5,-5,-5,-5
9921,12,4500,3,2,4500,7000,89,85,86748,5198,8013,6121,8518,26304,17504,20150,24010,30045,26040,-5,-5,-5,-5,-5,-5,-5,-5,-5,-5,-5,-5,-5,-5,-5,-5
9922,14,-4,1,2,5000,6000,25,25,25589,4968,6720,6900,-2,7548,2700,8804,8760,9348,21457,-2,15000,8196,14056,8553,0,5000,30000,27000,15292,36150,75000,85000,59935,70900,68880
9923,14,-4,1,2,4500,-3,20,15,12466,7100,-2,3500,-1,7345,12000,24000,-2,-2,-2,48050,54700,44075,55516,63000,-2,68500,72000,56000,48000,60000,-2,52000,47000,57000,61407
9924,12,33000,3,2,33000,-5,-4,-4,-5,-5,-5,-5,25000,34632,25000,-5,-5,-5,-5,-5,-5,-5,-5,-5,-5,-5,-5,-5,-5,-5,-5,-5,-5,-5,-5
9925,14,18000,1,2,18000,22000,21,13,18301,40000,30285,35000,19000,-2,30000,27333,29000,29000,-3,-2,-2,54672,25061,31730,42214,-2,51000,106500,45472,89600,88000,86000,-5,120000,152000
9926,10,3500,2,1,3500,20000,4,7,15736,-3,4000,6000,9000,5000,28000,22000,-2,-2,-2,-2,-2,-2,-2,-2,24000,-2,31000,-2,57000,-5,-5,-5,-5,-5,-5
9927,14,22000,1,2,22000,20178,30,32,33352,8596,28478,31286,-2,-1,25000,19400,20765,29575,30000,29750,30350,-1,-2,25640,37300,43000,48000,-1,67750,25000,28000,35000,-1,-1,-3
9928,10,15000,2,1,15000,45000,17,15,25137,50000,50000,-2,-2,22500,50000,35729,35500,66970,25610,35000,33505,36535,38000,39752,49767,57959,61000,51000,62000,62000,66000,63000,65521,82000,89000
9929,10,15000,2,1,15000,45000,32,37,34064,50000,50000,60000,24145,11000,-2,26000,26000,26020,28000,30200,35000,35000,32000,56100,71000,94000,83500,125000,47000,79000,70000,84800,55600,-5,-5
9930,14,-2,1,2,-2,17000,14,16,17932,20000,-5,-2,-2,29000,40000,35000,38000,46000,52000,50000,15100,87000,63000,120000,97000,-5,28000,28400,-5,-5,-5,-5,-5,-5,-5
9931,14,18000,1,2,18000,-5,-4,-4,-4,-3,30000,-5,-5,-5,-5,-5,-5,-5,-5,-5,-5,-5,-5,-5,-5,-5,-5,-5,-5,-5,-5,-5,-5,-5,-5
9932,12,-4,3,2,31500,-3,45,47,43963,-3,-2,-2,-2,-2,-1,-1,-2,-2,-2,-5,-5,-5,-5,-5,-5,-5,-5,-5,-5,-5,-5,-5,-5,-5,-5
9933,11,16000,1,1,16000,20000,73,64,70325,25000,25000,-2,-2,50000,40000,68200,30150,50000,50800,54040,54825,59100,67000,95000,76200,68000,68000,-1,110200,108500,106600,115000,139000,145000,130000
9934,11,-2,1,1,-2,21000,66,69,79847,25000,28000,28000,27000,2040,35300,2000,8500,29000,8375,1500,350,-2,0,38700,41000,84100,65000,87000,119000,164784,124000,125000,140000,345000,380000
9935,14,7000,1,2,7000,5000,86,80,82294,8000,12750,25240,10000,21000,23300,26900,28300,32025,32000,29944,43240,58000,68000,76000,64000,88000,-5,-5,-5,-5,123000,135000,-5,-5,-5
9936,11,-3,1,1,-3,10900,41,36,43419,20000,14500,33020,-2,53234,65375,45800,56000,52500,52007,55000,61016,67037,58000,64000,71024,123008,-2,115032,132008,95016,68009,54000,67000,65600,70000
9937,11,-3,1,1,-3,-3,-4,-4,-4,15650,34010,29003,24500,24015,29000,40000,52000,-1,-1,-1,-1,-1,-1,50012,-1,70000,-1,-1,-1,-1,83200,-2,-1,102000,-5
9938,14,22000,1,2,22000,-3,29,25,21903,25000,23900,75001,28000,42340,35000,46000,37000,0,54100,65000,-2,63000,44000,98050,15100,35600,20000,-2,82000,80000,45220,11600,0,1200,2000
9939,14,-2,1,2,-2,-3,38,29,31680,5550,8050,14000,-2,40300,15600,12000,-3,80300,40000,-2,82100,38070,-2,91880,90000,85000,-5,-5,-5,-2,42000,34400,32238,25000,51000
9940,14,-4,1,2,5038,6500,4,8,12467,-3,13000,-2,-2,11200,23000,-2,21000,-2,52000,-1,15770,19874,-2,16000,14732,16000,20000,25368,19225,22929,877,24528,3000,17000,38000
9941,14,14000,1,2,14000,6000,11,9,6720,16000,15000,18000,14000,10000,25000,-5,-5,9000,5172,10000,-2,51100,60000,-2,-2,37440,52000,24000,9600,10400,9320,-2,5600,5676,17894
9942,11,-2,1,1,-2,-5,-4,-4,-4,7000,-2,2013,800,-2,-2,6500,-2,15000,14000,15360,16260,17332,19304,-5,14000,18000,-5,24000,46000,-5,-5,-5,-5,-5,-5
9943,11,-4,1,1,-3,15000,26,20,19001,15000,-2,10138,29000,33000,35000,33000,31500,28000,8400,10047,33500,17000,14400,11000,-2,30517,-2,60400,252200,-5,-5,-5,-5,-5,-5
9944,14,-4,1,2,-3,-3,13,10,12667,3700,-5,-2,-2,-3,17017,8000,26750,-5,-3,-5,-5,35644,-5,100000,-5,-5,-5,-5,-5,-5,-5,-5,-5,-5,-5
9945,14,-4,1,2,-3,15000,2,4,5286,32500,39168,12336,12926,-5,9728,9600,17800,10304,9152,14768,12192,15300,25825,23040,-2,21800,10514,-1,0,0,0,5700,3900,4248,29000
9946,14,-4,1,2,-3,9000,12,7,10051,3000,8000,3500,10000,9000,27000,24000,18000,50200,146942,30000,52000,30000,28000,-5,19200,-2,-2,77000,83000,140000,53000,50000,60000,55000,35000
9947,11,5872,1,1,5872,9190,2,4,3416,4476,15000,-2,9800,30000,10800,-1,-2,-2,30000,25000,50000,-1,-5,-5,-5,-5,-5,-5,-5,-5,-5,-5,-5,-5,-5
9948,14,5872,1,2,5872,9190,14,14,18376,4476,6000,10058,-2,10000,11000,13000,-2,50000,0,19375,29300,35000,31550,9999,45500,-5,-5,-5,-5,-5,-5,-5,-5,-5,-5
9949,10,-3,2,1,-3,-5,4,4,4870,-3,-2,5000,1002,4000,-2,-2,0,-2,0,-5,-5,2200,-5,-5,-5,-5,-5,-5,-5,-5,-5,-5,-5,2000,-5
9950,10,16000,2,1,16000,5000,13,13,13843,0,75001,-3,6000,11000,14480,36500,54100,54608,-2,20000,-2,-2,-2,-2,-2,21700,0,0,-2,8000,158000,-2,-2,19376,6000
9951,13,20000,2,2,20000,5000,12,11,15516,0,-2,-2,-2,14000,-2,13061,10020,14400,18220,10000,-2,15500,-2,-2,11000,15150,-2,42000,30000,34759,35000,35000,35000,35000,44000
9952,10,20000,2,1,20000,5000,7,9,9581,10000,15000,-3,6000,11000,14480,-5,-2,-2,-2,28275,839078,-2,-2,-2,-2,-5,-2,130000,131200,145000,115000,140000,162000,115000,93696
9953,14,-3,1,2,-3,800,6,4,3712,11750,-2,10692,9840,-2,-2,13556,11612,3751,1725,640,-2,0,1104,0,11052,0,0,-2,7500,-2,16644,14448,-5,9480,33892
9954,11,16000,1,1,16000,15000,1,1,1379,-3,15000,12000,9194,17680,18000,16700,-5,4600,-5,-5,-5,-5,-5,-5,-5,-5,-5,-5,-5,-5,-5,-5,-5,-5,-5
9955,14,16000,1,2,16000,15000,3,4,1414,17000,35000,-2,25890,25000,40000,10000,18500,75000,15000,12000,18000,-3,15000,-2,37600,0,-2,-2,43000,52525,38000,38000,40000,52000,68000
9956,11,16000,1,1,16000,15000,1,1,5978,-3,35000,20000,25890,25000,40000,-2,-5,0,-5,-5,-5,-2,-5,-5,-5,-5,-5,-5,-5,-5,-5,-5,-5,-5,-5
9957,11,16000,1,1,16000,15000,1,3,6887,-3,35000,20000,25890,25000,10200,2000,-2,-2,300,4900,-2,-2,21000,23300,23000,-2,30000,0,6000,46800,-2,-5,-5,36800,35000
9958,10,6000,2,1,6000,-3,12,12,7652,-3,534,0,5100,0,0,-2,0,-2,-2,17268,15800,485,5100,630,-5,-5,-5,-5,-5,-5,-5,-5,-5,-5,-5
9959,13,14000,2,2,14000,18000,32,30,33679,-3,-2,1700,3000,15000,40000,5000,17000,-5,-5,-5,-5,-5,-5,-5,-5,-5,-5,-5,-5,-5,-5,-5,-5,-5,-5
9960,14,13000,1,2,13000,-3,-3,-3,232,14000,10900,13896,7350,20000,20000,-5,-5,-5,-5,-5,-5,-5,-5,-5,-5,-5,-5,-5,-5,-5,-5,-5,-5,-5,-5
9961,11,13000,1,1,13000,12000,48,52,56887,13000,18000,17150,16000,34000,38400,45075,52000,55100,54300,70200,67100,71100,73100,75000,85000,92000,100000,63000,74200,64160,71600,-5,90000,90000,90000
9962,11,13000,1,1,13000,12000,27,32,47997,13000,18000,17150,16000,34000,50000,-2,30000,28000,-3,30000,33000,34000,37000,34000,28000,38000,36000,-5,-5,-5,-5,-5,-5,-5,-5
9963,11,-4,1,1,11000,12020,20,25,23628,28000,23000,36000,33000,44000,42000,37200,37000,-2,-2,85100,77200,51200,71200,60000,46100,85000,110030,-2,84000,80000,102000,-5,-5,922631,150000
9964,11,-2,1,1,-2,20000,8,9,11409,19000,25000,36000,-2,20600,18000,18000,18000,21000,30000,-2,50000,52000,65000,55000,45000,-5,45000,50000,75000,65000,56000,-5,-5,-5,-5
9965,14,-2,1,2,-2,10000,24,19,15376,16000,20000,11620,6900,7270,18000,7800,8900,10000,-5,9000,0,15000,10000,-5,-5,-5,-5,-5,0,10800,-5,-5,-5,-5,-5
9966,14,-4,1,2,-3,11340,1,1,0,10000,17000,14000,16370,14920,16656,20152,20000,30979,26890,-3,-3,18000,34100,-2,-2,31000,13000,34000,37000,39000,38000,17000,21000,-2,0
9967,14,-4,1,2,-3,-3,6,7,5690,-3,1042,6000,8316,21396,5232,8328,9600,5088,-2,11436,11364,-2,4400,18996,10000,14000,14400,18000,14400,1000,18000,11040,8760,9600,10836
9968,11,8000,1,1,8000,-3,13,6,2648,11000,-3,8000,7000,7500,8500,4500,9000,-2,15000,16480,-2,13060,21000,15800,-5,-5,-5,40000,51000,-5,-5,32000,-5,-5,-5
9969,11,11000,1,1,11000,-3,49,58,52554,33000,22025,23000,20131,16000,20000,49750,37220,47800,46300,52500,50000,48020,23000,40500,58600,31600,62000,92000,-2,82000,120000,89000,150000,72000,74400
9970,13,4000,2,2,4000,4684,16,18,14742,3000,6000,10000,7320,600,3266,14568,7140,9048,17496,9840,10128,25036,19148,-2,18000,-2,5250,9348,8760,9000,2400,3700,11280,21436,70800
9971,10,4000,2,1,4000,4684,59,52,49904,3000,6000,-3,7320,1800,-2,-2,500,-2,-2,1093,-2,-2,-2,-2,10054,6400,11272,8532,0,0,4752,3560,10080,10200,3800
9972,14,8000,1,2,8000,-3,4,4,1536,-3,-2,18708,-2,5044,6192,5196,8516,8652,6408,-5,9564,-2,-2,3150,4648,13152,-1,-2,10240,6200,5000,-2,-2,-2,-3
9973,14,8000,1,2,8000,-3,1,1,368,8000,-2,18708,-2,10224,-2,-5,0,-2,500,105,2280,2410,-5,-5,-5,-5,-5,-5,-5,-5,-5,-5,-5,-5,-5
9974,14,8000,1,2,8000,10000,3,3,3814,8000,-2,18708,-2,10224,16000,-2,-2,8606,1222,10344,600,-2,-2,18440,24656,1600,50000,0,84000,0,0,0,60000,0,-3
9975,11,-4,1,1,2000,-3,16,18,15638,-5,-5,-5,-5,-5,-5,-5,-5,-5,-5,-5,-5,-5,-5,-5,-5,-5,-5,-5,-5,-5,-5,-5,-5,-5,-5
9976,11,3600,1,1,3600,-3,2,4,12842,9522,8000,-2,0,11350,-2,6077,12500,14500,13000,25500,22000,22000,11000,12000,11000,13000,21000,25000,27000,14000,13000,29000,0,-5,-3
9977,11,3600,1,1,3600,-3,1,1,1351,9520,8000,-2,8676,10000,-2,-5,-2,9600,14000,13500,-5,-5,16800,12000,16000,57000,54080,26000,3000,48225,43000,40000,20000,-2,25000
9978,14,25000,1,2,25000,-5,-4,-4,-4,3000,18500,23212,10000,10000,100000,-2,32000,-2,13000,15000,2920,34760,76000,9280,1800,24000,-5,-5,-5,500,-5,-5,13000,182000,-3
9979,12,-4,3,2,2820,24134,51,62,51760,-3,11413,11800,8200,9450,2985,-2,27000,2800,31613,-5,-5,-5,-5,-5,-5,-5,-5,-5,-5,-5,-5,-5,-5,-5,-5
9980,14,-2,1,2,-2,16800,13,10,7561,7800,16573,17400,-2,11100,8000,-2,42700,-2,18600,14000,19000,30016,-2,17000,27000,63000,-5,27800,-5,-5,53000,29000,-5,-5,-5
9981,14,-4,1,2,7500,-3,11,17,21327,14805,8114,22555,10281,12000,14050,33600,34000,43200,-3,48200,45040,20000,49600,42100,52250,64320,65800,66000,72000,65000,82200,54000,40560,70000,66000
9982,14,-3,1,2,-3,16800,8,9,9160,-3,10000,-2,-2,11100,25000,62300,-2,-2,37120,28100,42000,36000,48000,62000,57000,68100,70181,73000,92000,70000,58116,49000,75000,85000,90000
9983,11,20000,1,1,20000,28000,38,36,50722,30000,43000,50000,60000,68000,75000,17118,30850,57000,32000,34000,-2,42000,38000,38700,42000,32000,42000,42000,29800,33000,43000,38000,22000,61000,70000
9984,11,14000,1,1,14000,11000,9,9,25957,8910,6000,675,-5,-5,-5,-5,-5,-5,-5,-5,-5,-5,-5,-5,-5,-5,-5,-5,-5,-5,-5,-5,-5,-5,-5
9985,10,25000,2,1,25000,25000,14,9,12115,75000,7000,44775,34000,28000,24000,-5,41000,-5,-5,30000,33000,68000,189918,72000,38600,39350,-2,-5,-5,0,0,0,-2,25000,42000
9986,13,-2,2,2,-2,40000,24,30,24280,4000,2800,4896,5088,6660,8316,7300,-1,9828,-1,-1,-1,0,-2,-2,0,-1,-1,-1,-2,-2,-1,-1,-1,-1,-3
9987,14,11000,1,2,11000,28500,64,56,46041,35000,38000,-2,-1,34550,43223,37150,37800,38300,42300,40653,42050,51100,53000,54120,65200,69800,93760,68100,75500,78512,89000,95000,81000,93300,101000
9988,11,20000,1,1,20000,-3,27,32,29117,-3,-2,23000,-2,-2,-2,-2,10000,-2,-2,-2,-2,28019,-5,18500,-2,-2,-2,28000,57600,93000,-2,-2,-2,22740,61940
9989,11,-4,1,1,6000,-3,3,4,6152,18400,20000,11000,19200,19000,-2,12000,-2,-2,-2,-2,-2,-2,-5,12020,12000,17000,24000,12000,24000,18000,0,-5,-5,-5,-5
9990,11,6000,1,1,6000,-3,15,16,25181,-3,50000,29000,-2,-2,-2,-2,0,-2,-3,-3,-2,-5,-2,-2,9600,-2,-5,-2,-5,-5,-5,-5,-2,0,22964
9991,14,-2,1,2,-2,6660,8,9,9671,3100,-5,11000,12760,3000,48000,32000,30000,31400,35500,31200,31680,34000,-5,-5,-5,-5,-5,-5,-5,-5,-5,-5,-5,-5,-5
9992,14,10785,1,2,10785,25000,24,22,30800,11000,17000,-2,18000,40000,18500,32000,36800,42000,65000,68300,75000,75000,63000,65000,60000,72005,76800,5000,33700,40000,47000,35800,15000,31000,29500
9993,11,-2,1,1,-2,12000,4,7,8554,-3,20000,-5,-2,20000,-2,-2,-2,-2,-2,-2,-2,14000,-5,16000,-2,35000,-5,-1,35000,-2,-5,-5,-5,-5,-5
9994,11,6000,1,1,6000,-5,-4,-4,-5,-5,-5,-5,-5,-5,-5,-5,-5,-5,-5,-5,-5,-5,-5,-5,-5,-5,-5,-5,-5,-5,-5,-5,-5,-5,-5
9995,14,-2,1,2,-2,-3,36,43,58481,2500,10000,-2,1006,14821,15000,2400,-2,-2,31000,27000,38000,29000,30800,35200,32300,41800,54400,48000,47000,63000,73000,63000,70000,35000,48000
9996,10,-1,2,1,-1,-3,1,1,101,-3,6000,4600,2200,5000,8000,1750,9000,9200,1500,175,0,700,3000,275,12000,-5,0,900,0,0,-2,0,0,12000,14250
9997,13,3000,2,2,3000,-3,5,6,7562,-3,8200,5808,5808,8150,6540,6648,-2,8772,10032,12228,22932,19076,23432,12000,11820,12156,-5,23204,0,26400,-5,-5,-5,-5,-5
9998,10,3000,2,1,3000,-3,1,2,2047,-3,-2,12500,8000,10400,26000,-2,-2,-2,-2,15030,15000,10000,6000,9000,20000,24000,37000,34000,40000,38030,36000,50000,48300,50000,55000
9999,13,4500,2,2,4500,-3,54,58,74781,0,-2,1210,280,4200,5500,10800,13000,-2,22000,27000,27000,27900,19000,27685,30100,40920,36978,40257,32000,-5,-5,-5,-5,-5,-5
10000,13,2000,2,2,2000,-3,3,5,15393,-3,-2,865,5088,5223,16938,10044,10292,10752,-2,-2,-2,-2,13149,0,12696,26880,-5,-5,-5,-5,-5,-5,-5,-5,-5
10001,11,13000,1,1,13000,18150,55,49,71665,18000,-2,28300,15000,-2,9080,11520,19000,69360,-2,19900,19962,22110,18081,25000,35005,28580,27000,25000,16500,-2,36120,36244,36200,49672,50600
10002,14,13000,1,2,13000,18150,25,23,48623,18000,-3,28300,-2,17000,22000,27000,28200,13000,36384,43000,42000,38000,42000,49000,48000,60000,81000,105000,61000,77000,81500,79200,83000,178000,190000
10003,11,4400,1,1,4400,6319,20,18,19006,10000,19500,13500,31876,15000,-2,27100,26200,32000,33500,35000,46000,82000,45000,30000,30000,35000,-5,-5,-5,-5,-5,-5,-5,-5,-5
10004,11,4400,1,1,4400,6319,38,44,52693,10000,-2,15000,30300,17000,18000,25000,9481,19200,5500,40000,52000,41980,38000,86400,100000,140000,70000,65000,120000,100000,65000,85000,-5,90000,85000
10005,11,28894,1,1,28894,-5,-4,-4,-5,-5,-5,-5,26968,-2,26460,35000,35100,-2,50800,56538,55000,67000,74400,84000,92000,83000,97000,102000,114000,63000,65000,75000,0,-5,100000
10006,11,28894,1,1,28894,-3,52,53,41658,38000,22230,-2,44300,19760,-2,26800,26400,40000,60000,61000,56000,70000,72100,77000,87000,90000,99000,115000,129000,165000,155000,143300,170000,191164,5000
10007,14,16650,1,2,16650,-3,34,27,28858,38000,24000,10000,11000,13320,12000,26000,31000,-2,38050,36000,60200,-2,-2,64000,-2,30000,-2,-2,58600,50000,-2,52000,-2,-5,-5
10008,14,-4,1,2,16972,43807,79,87,89517,-3,-2,-2,21600,22560,21960,30026,23409,34040,36310,39105,40029,51030,-2,65848,45000,48135,44600,79300,83300,-2,111220,-2,-2,-5,-3
10009,11,19000,1,1,19000,47675,66,65,53889,-3,-2,6800,-2,13500,17200,42700,27305,28150,34230,67540,70060,48335,53000,61050,-2,-2,82500,76200,78050,77520,76500,150030,82200,88050,72000
10010,13,21000,2,2,21000,20000,66,72,80224,-3,-2,-2,-2,40000,-2,6000,5600,23198,27400,27000,15000,19500,27300,25460,29804,-2,-2,68350,93000,117000,130000,142309,147000,133000,191000
10011,14,25000,1,2,25000,10000,39,42,49901,11800,6892,4307,16009,8465,-2,-2,-3,-2,33000,26000,43000,44005,39200,18626,-2,0,76000,123000,135000,-5,-5,-5,-5,-5,-5
10012,12,-2,3,2,-2,-3,19,22,29972,-3,4324,28070,27084,30264,-2,-2,-2,-2,-2,-5,-5,-5,-5,-5,-5,-5,-5,-5,-5,-5,-5,-5,-5,-5,-5
10013,9,5579,3,1,5579,9007,3,7,10039,-3,6426,5700,-2,4176,-2,5124,5280,4379,5054,-5,-5,-5,-5,-5,-5,-5,-5,-5,-5,-5,-5,-5,-5,-5,-5
10014,9,9000,3,1,9000,9007,56,64,63480,7732,6426,8561,13284,15400,10524,20180,26011,41600,46000,-5,-5,-5,-5,-5,-5,-5,-5,-5,-5,-5,-5,-5,-5,-5,-5
10015,12,-4,3,2,939,-3,28,22,27772,4002,-5,-5,-5,-5,-5,18000,-5,-5,2074,-5,-5,-5,-5,-5,-5,-5,-5,-5,-5,-5,-5,-5,-5,-5,-5
10016,12,-4,3,2,-2,-3,-4,-4,-4,6210,4641,-2,5272,3200,13560,-2,11592,17336,-2,-5,-5,-5,-5,-5,-5,-5,-5,-5,-5,-5,-5,-5,-5,-5,-5
10017,12,4500,3,2,4500,4500,41,38,61905,7884,-2,4088,12976,4382,12080,5000,12750,13008,-3,-5,-5,-5,-5,-5,-5,-5,-5,-5,-5,-5,-5,-5,-5,-5,-5
10018,9,-4,3,1,-3,9786,94,91,93258,11141,8439,10344,10400,9910,17100,18295,37000,25300,18360,-5,-5,-5,-5,-5,-5,-5,-5,-5,-5,-5,-5,-5,-5,-5,-5
10019,9,6000,3,1,6000,7012,43,42,46112,-3,20636,1020,-2,26104,18708,27620,-2,-2,6950,-5,-5,-5,-5,-5,-5,-5,-5,-5,-5,-5,-5,-5,-5,-5,-5
10020,9,6000,3,1,6000,20000,6,8,12577,-3,20636,21020,-2,26104,9872,8600,16500,16000,37430,-5,-5,-5,-5,-5,-5,-5,-5,-5,-5,-5,-5,-5,-5,-5,-5
10021,9,6000,3,1,6000,20000,24,23,31293,-3,20636,21020,-2,26104,1050,4000,-2,12000,2040,-5,-5,-5,-5,-5,-5,-5,-5,-5,-5,-5,-5,-5,-5,-5,-5
10022,11,-4,1,1,2000,2200,6,6,4786,2800,6000,2000,-5,17,7000,7000,5800,-2,-5,32043,-2,6127,-5,-2,7000,-5,36000,18000,29000,38000,-2,-5,-2,5250,0
10023,11,-4,1,1,2000,-5,-4,-4,-4,4000,7000,2132,1667,930,1000,780,1318,789,3586,5200,7200,-5,-5,200,45000,-2,-2,24000,12000,20000,12000,-5,0,500,4160
10024,14,37900,1,2,37900,42000,24,29,20539,6350,10070,9517,13200,14135,17076,11840,14039,-3,18120,16000,-2,-2,16000,25000,32000,34960,11960,37556,30320,32628,34472,52272,24344,39584,25000
10025,11,6240,1,1,6240,-3,2,1,882,8000,686,8320,-2,3000,9492,-2,9674,12330,13958,10720,9900,-3,-3,36000,30000,-2,-2,-2,13000,22200,54240,-5,-5,-5,-5
10026,14,7000,1,2,7000,-3,3,4,5794,-3,-2,-2,-2,-2,-2,-3,16745,6000,13704,11820,4395,2400,16400,-2,14400,9000,-2,0,24000,18000,228000,25200,44400,43000,20400
10027,11,7000,1,1,7000,-5,1,1,1431,-5,24000,-2,14700,15800,17500,-5,-5,-5,-2,-5,18000,25000,35000,-5,-5,-5,-2,40000,-1,48000,28000,-2,33000,36000,30000
10028,11,-4,1,1,6400,6297,24,23,21743,4953,-2,8317,-3,-2,-2,10250,22000,17750,21000,32722,23584,-2,32000,42776,-3,-2,72300,57692,53246,73956,-2,62000,93600,95000,70000
10029,14,-4,1,2,6334,6603,16,15,6106,4953,8059,8268,8794,-2,11640,10250,17000,17950,21000,31722,23584,44186,34960,38341,45200,49500,-2,49452,0,47500,37900,50000,79445,94100,90000
10030,11,5000,1,1,5000,5000,5,6,11488,7000,21864,27000,-5,-2,-5,-5,-2,18000,-2,-2,-2,-2,-2,25000,15000,-2,-2,38000,-1,31000,0,0,0,-5,-5
10031,11,5607,1,1,5607,5000,2,1,1348,1400,-2,-2,7000,7975,15000,-2,12000,26000,23500,26000,34000,35000,-2,-2,18000,26500,-1,52000,7600,67000,4500,56000,29000,0,16500
10032,14,5607,1,2,5607,5000,9,7,11357,11500,-3,20380,10394,4201,11740,13632,14000,14600,22051,13698,18004,24532,25556,23736,6636,-2,8000,-2,40000,10000,3400,2900,2244,14850,10584
10033,9,8400,3,1,8400,9600,5,4,7804,9000,9600,10000,14000,13450,23200,5000,22000,18000,17000,-5,-5,-5,-5,-5,-5,-5,-5,-5,-5,-5,-5,-5,-5,-5,-5
10034,14,-2,1,2,-2,12800,2,5,5179,15000,21000,-2,-5,7960,20800,12308,-5,-5,-5,-5,-5,-5,-5,-5,18000,-5,-5,-5,-5,-5,-5,-5,-5,-5,-5
10035,11,-2,1,1,-2,12800,23,27,34697,15000,21000,-2,12000,7960,17200,-2,27500,26500,24300,21500,18000,22000,-2,32000,2500,5600,28000,-2,50000,-5,-5,-5,-5,-5,-5
10036,14,9000,1,2,9000,-3,9,6,4693,8664,7584,-2,8932,5448,27888,22976,10580,14400,15392,-2,20744,24188,-2,19202,18600,1748,22946,22000,33000,31000,27160,5000,27000,-5,-5
10037,14,9000,1,2,9000,10126,3,3,4679,15050,8500,8500,10734,10752,-5,-2,28400,20000,25500,22500,31200,30500,30000,100000,30000,30000,30000,30000,46700,45000,23600,8000,-2,32000,-5
10038,14,-4,1,2,41090,-3,53,55,44247,-3,30000,-2,45100,31800,37992,-2,69100,-2,146942,33900,48700,31200,25600,40000,22000,181000,152090,141990,143000,132000,180000,-2,180000,130000,340000
10039,12,-4,3,2,1750,8515,65,79,74603,8894,16349,17068,20407,60000,-5,9170,-5,6500,-2,-5,-5,-5,-5,-5,-5,-5,-5,-5,-5,-5,-5,-5,-5,-5,-5
10040,14,12895,1,2,12895,16800,24,35,36000,25779,18000,21000,21400,27000,29000,26557,-3,-2,-2,44000,33568,41000,41001,40459,38132,-2,45845,43000,49022,53500,63130,64400,54000,47000,20752
10041,14,17000,1,2,17000,-3,12,15,18354,60000,-2,6000,27000,-2,14500,-5,-5,-5,-5,-5,-5,-5,-5,-5,-5,-5,-5,-5,-5,-5,-5,-5,-5,-5,-5
10042,14,12000,1,2,12000,22000,16,19,16666,22000,5169,5737,5604,6376,-5,61856,-5,23000,-2,39720,52464,11048,6420,73452,9228,8952,8000,12000,8000,15000,59531,-5,-5,-5,-5
10043,11,8000,1,1,8000,20000,-4,-4,-4,24000,6000,8300,19000,6000,9500,10800,23000,30000,16000,24000,21625,21000,45000,31288,25000,20000,13000,24044,69872,25636,27671,-5,32000,36000,28000
10044,12,5000,3,2,5000,7100,26,21,19996,7259,-5,7400,7000,9162,9000,-2,7128,13912,16200,-5,-5,-5,-5,-5,-5,-5,-5,-5,-5,-5,-5,-5,-5,-5,-5
10045,12,5000,3,2,5000,15000,17,17,26804,2000,3000,7256,3688,5914,8344,18000,600,12000,22000,-5,-5,-5,-5,-5,-5,-5,-5,-5,-5,-5,-5,-5,-5,-5,-5
10046,10,9000,2,1,9000,-5,14,15,15560,5200,4000,13000,14400,10000,-2,4996,11601,10752,6200,-2,-1,-2,-5,-5,-5,-5,-5,-5,-5,-5,-5,-5,-5,-5,-5
10047,13,9000,2,2,9000,8000,26,26,30329,-3,15000,-1,17750,20000,15000,12000,10210,11105,-5,11412,10304,12800,10668,13826,-5,-5,-5,-2,-2,-2,-2,-2,-5,61817,55010
10048,14,25000,1,2,25000,17000,4,3,1837,28000,35000,38000,35000,30000,-2,7000,11000,-2,14350,15000,-2,-2,-2,7664,-2,18000,24946,35096,30000,38200,37225,40580,40096,42000,120320
10049,14,25000,1,2,25000,17000,9,10,5787,8624,9300,15088,13312,10136,13484,11040,-2,17000,12000,20700,24500,-2,-2,45000,50000,14000,80000,71000,106000,-5,-5,72696,-5,-5,-5
10050,11,25000,1,1,25000,17000,6,6,7543,28000,35000,38000,35000,30000,-2,28253,-2,20900,-2,-2,21000,19000,-2,31800,46000,43000,45000,52064,46000,-5,-5,-2,-2,-5,-3
10051,11,25000,1,1,25000,17000,11,9,23525,28000,35000,38000,35000,30000,-2,13072,-2,-2,17000,20500,24000,25000,24000,36061,45200,38000,42645,51081,59600,59000,78796,77670,-5,-5,-5
10052,14,15000,1,2,15000,15000,60,46,42769,17000,8591,7192,8070,7680,8632,-1,26000,-1,47000,44000,50500,47600,-2,41170,-2,28000,37000,47000,61000,65500,66000,67000,63000,70100,83000
10053,11,15000,1,1,15000,15000,38,37,42848,28000,17000,-2,12000,30000,44000,-2,-5,19000,15000,21940,27000,-5,-5,-5,-5,-5,-5,63000,-2,-5,-5,110002,128000,-2,120000
10054,14,15000,1,2,15000,15000,30,25,37273,18000,9000,1191,14000,35000,8505,11790,11900,-1,13000,-2,-2,-2,24100,18000,46000,50000,45000,82000,80000,90000,95000,90000,100000,115000,120000
10055,14,15000,1,2,15000,16000,38,39,33659,-3,64000,75001,75000,-5,-5,-5,-5,-5,-5,-5,-5,-5,-5,-5,-5,-5,-5,-5,-5,-5,-5,-5,-5,-5,-5
10056,14,-4,1,2,-2,8000,28,30,35551,-3,-2,-2,-2,31600,32956,-2,30098,39160,40500,36000,21000,15000,28000,31000,45000,45000,53000,56700,65000,75000,-2,80000,88000,54000,-5
10057,11,-2,1,1,-2,-3,48,62,54802,15990,19000,15816,12089,-2,17355,8000,30000,20052,32000,12390,10500,180,130,16032,16500,-5,-5,-5,76000,500,-5,-5,-5,-5,14800
10058,11,-2,1,1,-2,-3,32,27,29832,36000,67000,-2,13000,-2,16240,19369,15136,-2,24100,41000,-5,37300,39200,75200,32000,-5,-5,-5,39000,-5,85320,-1,-5,85000,-3
10059,12,7200,3,2,7200,8000,30,33,45101,5010,16714,-2,8375,5785,14156,12512,10800,18400,14314,-5,-5,-5,-5,-5,-5,-5,-5,-5,-5,-5,-5,-5,-5,-5,-5
10060,14,-4,1,2,10742,8483,35,36,29617,10000,11999,10200,11230,13328,13200,13200,18700,27700,31075,30000,40200,40200,44080,-5,47000,52000,-5,-5,59000,-1,-5,-5,-5,-5,-5
10061,11,-4,1,1,7324,-3,11,11,10545,17326,-2,29617,24670,12820,29640,-5,37000,31900,36000,44959,47000,-2,34560,48200,-2,-2,-5,27528,28800,-2,-2,15600,32800,18000,40198
10062,14,-4,1,2,7295,12000,7,9,12257,17346,-2,29631,24670,12820,29640,34000,38000,31904,36084,47215,47000,50888,53120,36871,52600,16700,21532,27528,700,27600,35001,26280,29112,23312,40198
10063,12,2960,3,2,2960,3000,69,76,79490,1130,40000,51280,13100,5730,5436,9112,8936,18232,9800,-5,-5,-5,-5,-5,-5,-5,-5,-5,-5,-5,-5,-5,-5,-5,-5
10064,12,2085,3,2,2085,3200,18,20,47137,4004,5500,5000,-2,-2,-2,1745,2500,5514,10000,-5,-5,-5,-5,-5,-5,-5,-5,-5,-5,-5,-5,-5,-5,-5,-5
10065,11,-2,1,1,-2,35000,72,80,66057,4000,15020,-2,20040,18540,20028,18152,-5,-5,-5,-5,-5,60000,50000,81090,78000,88000,-5,-5,-5,-5,-5,-5,-5,-5,-5
10066,12,-4,3,2,-3,-5,-4,-4,-5,-5,-2,-2,9155,10932,6945,12720,-5,15600,15000,-5,-5,-5,-5,-5,-5,-5,-5,-5,-5,-5,-5,-5,-5,-5,-5
10067,11,-4,1,1,-2,1000,45,44,42792,9200,30700,16300,21400,24000,21800,29000,17300,25000,40000,40000,38000,44000,96000,25000,29000,30000,65000,60000,87500,87000,73000,77000,72000,77000,80000
10068,11,-2,1,1,-2,25000,51,54,60209,35000,60000,65000,63000,64500,65000,74620,16000,72800,25000,36904,41000,52029,44000,45000,-2,36000,45000,40000,51000,41000,-2,25384,33280,47000,24600
10069,11,-2,1,1,-2,19000,25,24,29281,25000,6200,8459,9360,10324,24100,25000,37100,32400,39760,29900,39200,30000,41900,43000,-2,2500,95378,23200,43600,39820,81200,17700,67000,61444,77000
10070,11,6000,1,1,6000,19000,41,43,65368,25000,19600,26000,9450,15058,16111,21000,16000,24226,26000,45392,28000,30392,36228,33000,29000,40000,44000,7368,68000,71000,93332,81000,31000,79200,179600
10071,11,12000,1,1,12000,-3,1,1,107,25000,-2,-2,-2,-5,5900,5802,6400,11860,7970,-3,12776,10878,11637,14800,14600,18324,15120,20408,14760,26044,21900,16800,-2,12312,12000
10072,14,-2,1,2,-2,-3,4,5,3417,25000,-2,-2,36380,-5,-2,6697,9744,8176,8300,6000,12578,6200,4000,21187,15304,10000,29000,42000,28500,26000,56000,26000,35000,20000,12160
10073,14,12000,1,2,12000,-3,4,3,1730,25000,-2,-2,36000,-2,-2,-5,4000,26000,-2,6934,-2,-2,-2,-2,8212,18869,18981,21868,-2,17398,25820,18740,16192,0,-3
10074,11,13000,1,1,13000,4096,5,1,1917,4500,6427,4500,5090,10000,14000,-2,-2,8465,16123,19601,15570,20000,14920,18770,23000,1800,-2,6492,-5,-5,-5,-5,-5,-5,-5
10075,11,13000,1,1,13000,12000,2,2,2515,19300,-2,25972,6365,-3,2400,1000,10512,13896,-2,-2,-2,9364,6490,18000,11620,10000,8000,10000,10000,13000,16770,4800,18912,9600,-3
10076,11,13000,1,1,13000,12000,11,11,19102,19300,-2,-2,-2,-2,-2,-2,-2,-2,-2,-2,-2,-2,-2,384,5000,10000,-2,-5,5000,1300,546,0,0,-5,-5
10077,14,8200,1,2,8200,10000,30,28,40422,1300,14000,18000,15338,17380,18744,17602,8850,21500,26000,24000,16000,24000,19701,15000,24845,30701,35000,36900,42500,40300,-2,42000,40500,48000,29000
10078,11,8200,1,1,8200,10000,21,21,30710,13000,14000,-2,-2,13000,2500,6000,17750,19050,23000,35300,35600,36000,41100,37000,31500,34900,46500,46000,46000,47000,42000,-2,62228,80000,61000
10079,14,5806,1,2,5806,6000,34,32,41803,8600,4064,5000,-2,9700,10000,15500,28000,19000,-2,-2,33200,-2,15000,19200,22000,22010,21000,29010,30150,35000,32000,34700,35360,40000,40000
10080,9,5100,3,1,5100,15000,20,22,26352,13420,11000,11100,12000,19000,14000,-2,8500,10500,-2,-5,-5,-5,-5,-5,-5,-5,-5,-5,-5,-5,-5,-5,-5,-5,-5
10081,12,3000,3,2,3000,13200,19,17,21756,0,2000,4800,-2,-2,0,1140,1272,0,0,-5,-5,-5,-5,-5,-5,-5,-5,-5,-5,-5,-5,-5,-5,-5,-5
10082,10,9100,2,1,9100,18000,12,10,10284,11000,21000,34000,14300,7903,14500,19600,-5,18700,-5,24500,23000,32000,35000,62000,63020,-5,77000,70000,-2,82000,63000,39000,79000,61000,-3
10083,10,-4,2,1,4250,2100,17,13,11403,16690,30000,40000,33500,-2,36100,40070,39000,32700,49000,46000,-5,-5,-5,-5,-5,-5,-5,-5,-5,-5,-5,-5,-5,-5,-5
10084,10,9200,2,1,9200,900,20,19,17774,1530,30000,40000,33500,-2,70000,26000,12500,15000,15000,-2,17000,25000,0,29000,28000,-5,-5,-5,-5,-5,-5,-5,-5,-5,-5
10085,10,9200,2,1,9200,19000,8,5,6732,16690,-2,13287,33500,-2,10000,-2,37000,27360,32380,26000,33250,37900,29400,32000,26777,35500,29030,-2,200000,55350,93900,-2,12000,18200,18000
10086,12,5200,3,2,5200,2300,30,25,31602,1134,11302,9600,32050,39150,-5,-5,-5,-5,38500,-5,-5,-5,-5,-5,-5,-5,-5,-5,-5,-5,-5,-5,-5,-5,-5
10087,12,1500,3,2,1500,2997,14,16,23684,7401,3000,8000,5772,20500,23486,24800,8039,8560,12704,-5,-5,-5,-5,-5,-5,-5,-5,-5,-5,-5,-5,-5,-5,-5,-5
10088,12,1500,3,2,1500,2997,16,18,26208,7401,3000,8000,-2,10877,2300,-2,16700,16700,15200,-5,-5,-5,-5,-5,-5,-5,-5,-5,-5,-5,-5,-5,-5,-5,-5
10089,9,-2,3,1,-2,7000,6,4,2903,-3,18000,12180,20000,16000,1058,20000,7000,11000,20920,-5,-5,-5,-5,-5,-5,-5,-5,-5,-5,-5,-5,-5,-5,-5,-5
10090,9,-2,3,1,-2,-3,38,47,82509,12448,150,15000,20600,25561,14833,6675,20200,-5,-2,-5,-5,-5,-5,-5,-5,-5,-5,-5,-5,-5,-5,-5,-5,-5,-5
10091,9,-4,3,1,11400,12516,65,64,55680,16313,23004,16000,10958,22000,25800,22000,32000,22000,-5,-5,-5,-5,-5,-5,-5,-5,-5,-5,-5,-5,-5,-5,-5,-5,-5
10092,12,-4,3,2,-2,11204,13,18,17234,16313,23004,11400,10958,22000,26000,22000,32500,22000,-5,-5,-5,-5,-5,-5,-5,-5,-5,-5,-5,-5,-5,-5,-5,-5,-5
10093,12,-4,3,2,-3,6929,10,9,17336,16356,10000,25000,12000,14000,13000,19000,25000,30000,36000,-5,-5,-5,-5,-5,-5,-5,-5,-5,-5,-5,-5,-5,-5,-5,-5
10094,9,-4,3,1,8896,9543,52,41,40377,16356,-2,25000,11517,14097,13000,18000,24000,29000,36000,-5,-5,-5,-5,-5,-5,-5,-5,-5,-5,-5,-5,-5,-5,-5,-5
10095,12,-3,3,2,-3,2072,9,3,1677,5234,-5,-5,1500,6000,12000,10432,13892,11812,10000,-5,-5,-5,-5,-5,-5,-5,-5,-5,-5,-5,-5,-5,-5,-5,-5
10096,12,-3,3,2,-3,6000,82,93,94507,10000,9000,12113,15906,25370,30200,36200,35970,40025,38025,-5,-5,-5,-5,-5,-5,-5,-5,-5,-5,-5,-5,-5,-5,-5,-5
10097,12,-2,3,2,-2,8000,4,6,4531,-3,7260,8228,8260,11248,11032,12699,-2,11840,13044,-5,-5,-5,-5,-5,-5,-5,-5,-5,-5,-5,-5,-5,-5,-5,-5
10098,9,-2,3,1,-2,8000,5,4,5090,8000,15000,20500,24000,-5,12000,12000,12000,15000,18220,-5,-5,-5,-5,-5,-5,-5,-5,-5,-5,-5,-5,-5,-5,-5,-5
10099,9,10000,3,1,10000,8000,5,5,4711,9000,15000,20500,24000,9200,10000,-2,2000,-2,0,-5,-5,-5,-5,-5,-5,-5,-5,-5,-5,-5,-5,-5,-5,-5,-5
10100,9,-4,3,1,-3,13000,19,15,8019,13000,9000,3000,19000,9900,18000,12340,12000,20000,22000,-5,-5,-5,-5,-5,-5,-5,-5,-5,-5,-5,-5,-5,-5,-5,-5
10101,12,-4,3,2,-2,17400,51,35,43142,13000,4160,-2,8000,7000,11060,3000,33200,33089,38452,-5,-5,-5,-5,-5,-5,-5,-5,-5,-5,-5,-5,-5,-5,-5,-5
10102,12,3200,3,2,3200,4583,18,17,15005,0,-2,9000,10400,6000,15075,10000,-2,29000,-2,-5,-5,-5,-5,-5,-5,-5,-5,-5,-5,-5,-5,-5,-5,-5,-5
10103,12,3200,3,2,3200,-5,11,13,13740,-5,-3,5684,7612,10000,-5,-5,-5,-5,-5,-5,-5,-5,-5,-5,-5,-5,-5,-5,-5,-5,-5,-5,-5,-5,-5
10104,12,-4,3,2,9500,10000,14,15,6926,10000,-2,16500,2800,4480,6000,1860,4476,5264,4512,-5,-5,-5,-5,-5,-5,-5,-5,-5,-5,-5,-5,-5,-5,-5,-5
10105,9,-4,3,1,1950,3000,62,62,61732,650,13075,-2,29647,10700,13000,-2,430,12548,12800,-5,-5,-5,-5,-5,-5,-5,-5,-5,-5,-5,-5,-5,-5,-5,-5
10106,13,-2,2,2,-2,17000,16,10,12002,15000,-2,-2,19588,20600,19267,21600,7800,-2,42000,34341,-5,-5,-5,-5,-5,-5,-5,-5,-5,-5,-5,-5,-5,-5,-5
10107,9,9500,3,1,9500,-3,11,10,14593,13500,1500,1000,-2,29000,10000,-2,18000,10207,8000,-5,-5,-5,-5,-5,-5,-5,-5,-5,-5,-5,-5,-5,-5,-5,-5
10108,9,9500,3,1,9500,5000,5,8,11884,13000,-3,3887,11000,7000,15000,15000,16000,-2,26000,-5,-5,-5,-5,-5,-5,-5,-5,-5,-5,-5,-5,-5,-5,-5,-5
10109,12,-2,3,2,-2,5000,16,20,33208,13000,19501,5000,13550,-2,-2,-2,34000,-2,41000,-5,-5,-5,-5,-5,-5,-5,-5,-5,-5,-5,-5,-5,-5,-5,-5
10110,9,6540,3,1,6540,-3,-4,-4,-4,-3,9150,8460,7342,-2,15400,26000,28816,20000,32000,-5,-5,-5,-5,-5,-5,-5,-5,-5,-5,-5,-5,-5,-5,-5,-5
10111,13,3124,2,2,3124,6084,2,4,3902,2425,3600,1628,5808,-2,8856,-2,-2,19632,-2,-2,-2,-2,-2,13000,-2,9052,11540,8424,3024,-2,-2,0,-2,-2,0
10112,13,-4,2,2,7161,9500,27,29,22994,18000,11000,12048,17144,14850,22170,22846,20920,17120,26000,21357,-2,39200,-2,22846,23820,29200,-2,25093,36000,21940,22818,23700,8400,30000,24492
10113,13,-4,2,2,9016,4752,4,6,12247,1320,4368,4608,4680,-2,3000,0,-5,2040,3180,5128,2000,11458,7624,3500,3000,16500,22000,20528,12000,-2,-2,10800,-1,20792,-5
10114,10,-1,2,1,-1,27000,25,32,46772,30000,-2,3874,8223,10100,13700,19000,31935,30600,87300,36200,37528,38552,43120,51200,72500,77000,68800,56800,95200,111200,101200,120200,136200,157260,163728
10115,10,2900,2,1,2900,-3,12,12,7381,4324,5120,5000,5600,7650,3600,9300,19700,20900,25300,27000,23900,-2,24500,27000,28000,28500,63853,45000,1817,0,12000,13848,20450,12900,32700
10116,13,2956,2,2,2956,3000,8,8,6435,5000,3000,13606,10800,8000,3964,20424,32897,20624,-3,-2,6377,-2,-2,28972,22036,-2,-2,-2,-1,-1,-2,-1,-1,-1,-5
10117,12,-4,3,2,-3,8000,38,27,19601,56160,1602,5316,18315,16240,19000,1500,6288,422,16640,-5,-5,-5,-5,-5,-5,-5,-5,-5,-5,-5,-5,-5,-5,-5,-5
10118,9,-4,3,1,6808,8000,19,15,9238,11000,15000,13807,14000,16000,16000,18000,24500,18000,20400,-5,-5,-5,-5,-5,-5,-5,-5,-5,-5,-5,-5,-5,-5,-5,-5
10119,12,-4,3,2,-3,8000,38,27,26558,11000,15000,14000,15100,16300,16000,15000,24500,18000,24000,-5,-5,-5,-5,-5,-5,-5,-5,-5,-5,-5,-5,-5,-5,-5,-5
10120,9,6000,3,1,6000,6500,55,62,57366,12000,14000,20000,4992,42000,26000,22000,29000,26000,38000,-5,-5,-5,-5,-5,-5,-5,-5,-5,-5,-5,-5,-5,-5,-5,-5
10121,9,-2,3,1,-2,16500,63,61,57435,17000,14000,20000,25000,45000,17000,33500,23000,22000,25000,-5,-5,-5,-5,-5,-5,-5,-5,-5,-5,-5,-5,-5,-5,-5,-5
10122,9,8000,3,1,8000,10000,25,26,33825,10000,10000,10500,24900,21000,15000,18100,27000,33500,20500,-5,-5,-5,-5,-5,-5,-5,-5,-5,-5,-5,-5,-5,-5,-5,-5
10123,11,25000,1,1,25000,29000,91,89,86975,35000,30000,25000,5510,14133,19100,17403,-2,18350,14000,30000,30000,39000,52050,56500,73000,85000,88000,112000,103000,90000,112800,104000,120000,106000,120000
10124,13,-2,2,2,-2,8000,9,9,10151,7500,12000,10000,-1,5004,1270,3528,16130,16080,8040,19676,4916,2780,2996,8000,2740,-1,5400,8916,2000,8028,11132,8844,10692,-2,-3
10125,13,11000,2,2,11000,10000,16,8,2632,12000,20000,-2,15400,8000,6500,-2,13000,15000,1000,-2,12800,24000,14460,-2,20500,3000,22500,30000,25000,16250,19716,25000,27400,16740,-3
10126,10,10000,2,1,10000,15000,27,42,32574,24000,11304,3500,1520,8669,7830,8000,11000,8033,-2,28000,-2,-2,23500,29015,49003,55000,-2,22000,41200,24303,1439,35000,35000,23930,54248
10127,13,10000,2,2,10000,15000,18,27,27864,24000,13000,15000,6062,9052,11786,7677,6290,20937,10570,29200,-2,-2,17050,18500,14150,28500,48457,26000,18000,35000,32190,19768,45000,31100,12550
10128,10,10000,2,1,10000,15000,6,3,6657,24000,13000,15000,21000,20000,20000,-2,31000,11000,32000,35000,40000,40000,45000,-2,30000,28000,30000,23000,42000,34800,40000,45000,35000,39000,42000
10129,13,8000,2,2,8000,3600,9,8,5437,-3,2500,3074,2500,6606,8382,10000,10411,17233,17800,15932,12200,30368,21319,28013,45000,56360,61000,72000,72000,77000,94000,74000,69700,67000,73836
10130,13,2700,2,2,2700,7000,8,11,12052,5000,6000,10000,8500,15000,14200,8000,12000,12000,12378,7089,9000,8000,9000,15938,32504,-5,-5,7600,5000,11000,10000,-1,-5,12000,12000
10131,10,2700,2,1,2700,-3,25,23,27121,5000,-2,8400,-3,3072,21000,30500,25600,38000,31320,30000,35000,49000,30000,-2,33000,-5,-5,-5,-5,-5,-5,-5,-5,-5,-3
10132,13,2700,2,2,2700,3000,35,41,47612,5182,-2,15000,11000,30000,33000,30000,32500,40000,39002,34092,30100,34570,38000,41000,40000,-2,-5,75500,57800,-2,69634,57000,0,67000,-5
10133,10,7300,2,1,7300,8500,6,4,3524,8000,6000,8500,-2,25000,14000,11350,8000,10000,3000,9000,11200,10000,11000,23000,31800,35000,18400,22000,21500,20000,40312,40600,38000,38204,-3
10134,11,11000,1,1,11000,16020,45,42,40422,21200,19173,30800,-5,34100,38000,-5,-5,-5,-5,-5,-5,-5,-5,-5,-5,-5,-5,-5,-5,-5,-5,-5,-5,-5,53000
10135,13,6000,2,2,6000,2000,7,11,11789,6700,10454,6937,9070,4501,5304,7254,6540,6060,10992,7320,8020,5964,10772,38700,18000,15800,10380,8000,10415,11090,3180,6089,24304,9740,14000
10136,12,-4,3,2,1980,4284,8,9,7141,3650,24218,4552,4568,10482,20000,29480,26980,27480,30768,-5,-5,-5,-5,-5,-5,-5,-5,-5,-5,-5,-5,-5,-5,-5,-5
10137,10,11000,2,1,11000,13000,13,16,14767,14000,-2,-2,21000,28000,30000,38000,44900,39500,15000,-2,35000,14000,23000,17500,47500,51000,57000,20000,50000,41160,34000,36000,91000,92000,111000
10138,13,11000,2,2,11000,12000,10,12,9338,12000,13000,20000,24000,25000,20000,15000,30000,39000,26400,38000,47500,33000,34020,36000,19700,35000,46000,39000,37900,41000,45000,43000,54000,52000,55000
10139,10,11000,2,1,11000,12000,20,27,25742,25000,13000,20000,25000,11000,13221,17700,30000,21032,27000,14000,12400,13000,22000,71000,78000,29000,103500,59500,60000,82000,77000,92000,97000,42000,0
10140,12,-4,3,2,1400,16500,47,49,53854,25000,10000,-2,-2,-2,18000,50,-5,-5,-5,-5,-5,-5,-5,-5,-5,-5,-5,-5,-5,-5,-5,-5,-5,-5,-5
10141,9,3430,3,1,3430,3000,17,13,9029,9000,9000,11864,11700,12339,8000,6000,16336,22500,23000,-5,-5,-5,-5,-5,-5,-5,-5,-5,-5,-5,-5,-5,-5,-5,-5
10142,12,3430,3,2,3430,9600,10,10,10928,7300,9159,12000,18024,4484,13967,22000,26000,30000,23000,-5,-5,-5,-5,-5,-5,-5,-5,-5,-5,-5,-5,-5,-5,-5,-5
10143,9,7252,3,1,7252,8000,3,4,1483,10800,18460,14000,11008,9900,11412,5400,10465,14500,19000,-5,-5,-5,-5,-5,-5,-5,-5,-5,-5,-5,-5,-5,-5,-5,-5
10144,12,-4,3,2,-2,-3,58,53,44101,13584,1000,9000,6450,12200,20000,-2,21456,25416,19684,-5,-5,-5,-5,-5,-5,-5,-5,-5,-5,-5,-5,-5,-5,-5,-5
10145,12,6000,3,2,6000,10700,49,38,44359,12000,20000,13000,13500,-2,11000,26026,22025,33610,36112,-5,-5,-5,-5,-5,-5,-5,-5,-5,-5,-5,-5,-5,-5,-5,-5
10146,9,6000,3,1,6000,12000,31,29,35334,-3,20000,12000,26110,26140,31400,-2,20000,30000,6040,-5,-5,-5,-5,-5,-5,-5,-5,-5,-5,-5,-5,-5,-5,-5,-5
10147,9,20000,3,1,20000,16000,91,87,84014,21000,20000,-2,61000,45000,12000,14000,18500,24000,25015,-5,-5,-5,-5,-5,-5,-5,-5,-5,-5,-5,-5,-5,-5,-5,-5
10148,12,2400,3,2,2400,-3,-4,-4,-5,-5,-2,-2,17053,23400,27866,32242,-2,41505,49200,-5,-5,-5,-5,-5,-5,-5,-5,-5,-5,-5,-5,-5,-5,-5,-5
10149,12,-2,3,2,-2,15000,24,29,38129,12500,9525,10750,19000,-2,35000,65722,39360,21000,88400,-5,-5,-5,-5,-5,-5,-5,-5,-5,-5,-5,-5,-5,-5,-5,-5
10150,12,-2,3,2,-2,-3,9,5,1664,9000,14000,7000,13400,18600,29000,30000,71430,33000,20000,-5,-5,-5,-5,-5,-5,-5,-5,-5,-5,-5,-5,-5,-5,-5,-5
10151,13,6000,2,2,6000,10000,6,6,3364,3180,3372,3612,2400,800,-2,7800,5000,6063,500,0,1900,6000,8579,15984,10700,10100,3000,11000,14000,11370,14308,15000,15000,16000,16000
10152,10,4000,2,1,4000,4073,16,12,16451,6253,6000,8862,8519,8446,5066,-3,14656,11000,16672,11600,12000,5200,26000,10752,30800,10000,16512,31528,2334,38400,42468,42888,45336,46140,-3
10153,13,9000,2,2,9000,8000,64,73,74063,12000,25000,5800,15075,15000,33000,34200,33000,42000,15312,15000,75000,27625,-2,28067,38000,53500,61998,92500,107345,127000,165400,107935,115000,110000,150000
10154,10,9000,2,1,9000,8000,12,13,10508,3166,25000,1300,8000,-2,-2,-3,0,-2,-2,-5,4000,-2,34000,-2,-1,56000,65,64000,78000,84000,77000,89000,93000,-2,0
10155,10,9000,2,1,9000,10000,12,15,19802,2800,8640,9980,32500,30000,39000,20000,5480,25000,25000,-2,-5,-5,30000,-2,-2,-2,-2,-2,40000,-2,-2,-2,16356,-2,-3
10156,13,9000,2,2,9000,3050,22,22,23170,-5,-5,-2,22561,-2,-2,6480,-2,13720,-5,-5,-5,-5,-2,-2,-5,23720,-5,-5,-5,-5,-5,44708,-1,-3,-3
10157,10,3000,2,1,3000,10000,3,3,4429,-3,-2,-2,22000,20000,32000,-2,-2,22000,-2,-2,-2,-2,-2,-2,-2,0,-2,-1,-2,0,-2,-1,-2,900,-3
10158,10,5000,2,1,5000,12000,8,11,25815,-3,20000,-3,-2,6500,28000,-2,-2,39500,50000,48200,52800,58500,72500,74000,80000,84000,84000,82000,59200,108000,108000,130000,128000,52000,-5
10159,13,12000,2,2,12000,18000,16,17,29169,-3,27000,24000,20000,5831,-2,30000,-2,-2,47200,-2,15000,22000,17600,19800,16000,73280,34000,-2,77000,46000,-2,-5,108000,-2,-5
10160,10,12000,2,1,12000,10000,3,5,3052,-3,-2,14000,14300,13000,21000,13620,-2,27000,38000,28110,-2,-2,16000,-2,-2,18000,41221,-2,60800,75000,54162,44230,21000,-2,43600
10161,10,12000,2,1,12000,9000,60,66,76273,-3,30000,32000,30000,25000,25000,15000,-2,38000,40000,40050,49000,50200,50000,54050,60000,67100,68450,78000,98000,86000,98560,114000,120000,127000,126500
10162,13,12000,2,2,12000,9000,13,15,45526,-3,-2,18000,25000,4000,15000,59000,-2,6811,13000,-2,52000,48250,48000,16000,16700,22500,22016,32800,31000,51400,23286,5811,-5,-5,-5
10163,10,-2,2,1,-2,12000,2,5,8920,2000,-2,0,0,1200,3000,11600,7000,6500,28000,-5,4000,4924,546,-2,0,0,-2,-2,5000,52824,-2,4560,0,-2,-3
10164,13,-4,2,2,16500,5000,12,15,11622,21000,33000,35000,32000,34000,30300,37000,29000,38000,37600,35000,30000,31000,42700,39500,52000,40000,50000,65000,52000,39500,51700,61200,64400,52995,-5
10165,10,-4,2,1,16000,4800,3,3,4472,30000,33000,8000,9800,12900,11400,-2,-2,19000,22900,32600,24000,45500,46400,27000,30000,13000,16100,18400,6000,18816,2160,25568,15612,26788,-5
10166,13,-4,2,2,14000,23000,53,57,66477,22000,32000,30800,26000,30000,35200,-2,55000,45750,53800,54550,55012,59000,55000,63500,69100,72015,60000,82000,100025,96000,109605,108000,125500,104280,108340
10167,10,12000,2,1,12000,10000,44,44,33848,10000,13210,13000,14999,17000,18500,20000,24000,25000,27000,25000,28000,27000,33000,32000,33000,-2,31000,41404,76875,0,69200,58400,55400,55600,-3
10168,13,12000,2,2,12000,-5,14,11,6406,5200,9421,7568,-2,16840,14400,27384,22625,31415,27585,27205,31400,27100,19200,45800,58200,69200,-5,-5,-5,-5,-5,-5,-5,-5,-5
10169,10,12000,2,1,12000,10000,26,25,25274,20000,15000,3500,9650,14000,13150,22450,10000,-3,-2,-2,-2,-2,14665,15665,-2,40000,-2,40000,40000,30000,13045,5200,17820,16874,18192
10170,10,12000,2,1,12000,10000,24,29,37627,10000,15000,25000,-2,35000,19000,20050,25100,1057448,28000,20000,18000,25000,18900,32000,28000,34000,36000,15831,12000,-2,30210,19080,20400,-5,-5
10171,10,-1,2,1,-1,17000,62,66,76750,15800,3580,300,6000,30000,5112,-2,33000,39000,-2,1500,15000,12000,13920,13000,21000,29000,25000,60000,-5,24000,32448,28000,29000,58000,45000
10172,10,-3,2,1,-3,20000,5,5,6880,12000,16000,18000,-2,30000,35000,35000,30000,31000,32100,29000,29500,5000,43000,34000,53000,65000,57000,65000,85000,82000,80933,41120,22272,36000,57000
10173,10,6396,2,1,6396,11000,34,42,35334,14500,-5,25000,3500,-5,-5,-5,-5,-5,-5,-5,-5,-5,-5,-5,-5,-5,-5,-5,-5,-5,-5,-5,-5,-5,-5
10174,10,-2,2,1,-2,-3,1,1,2805,-3,-1,2798,-2,2750,-2,-2,1000,6100,16000,-2,14400,-2,44400,-2,-2,-2,54000,30000,20000,20910,3168,-2,1680,-2,-3
10175,13,-2,2,2,-2,-3,30,23,20692,14500,11000,14400,23000,14000,18249,29000,35000,26000,35000,25200,24000,24000,25000,40000,48000,44000,84000,60000,88800,150000,-2,108000,84000,132000,156000
10176,14,-4,1,2,7000,14500,49,44,48159,13000,35000,36000,30000,10000,14000,15000,59500,75300,26800,22000,50600,49000,48000,42000,93700,85000,90000,95500,52000,55000,56000,52000,0,50000,-5
10177,9,1464,3,1,1464,14000,27,30,35062,200,-2,8000,5900,8000,17912,22893,23128,15000,-5,-5,-5,-5,-5,-5,-5,-5,-5,-5,-5,-5,-5,-5,-5,-5,-5
10178,10,20000,2,1,20000,14000,11,7,5075,-3,-2,-2,-2,-2,24030,-2,-2,16700,18910,15672,20560,-2,-2,22000,-2,-5,51000,67000,63800,6200,25000,0,4800,16560,0
10179,10,20000,2,1,20000,14000,1,4,3567,-3,-2,-2,-2,-2,-2,-2,10000,10000,16000,10000,14560,15600,16000,16000,17000,24000,16640,20000,23920,26000,10000,2400,2160,13400,-3
10180,10,20000,2,1,20000,14000,2,2,2116,-3,-2,-2,-2,-2,-2,-5,-2,-2,20378,14680,-2,-2,5000,30000,12000,7000,17000,21000,35224,33225,14400,-2,8400,0,3600
10181,13,3000,2,2,3000,2000,14,10,16622,-3,-2,-2,6469,1548,4740,4920,2822,9516,-1,-5,-5,-5,-5,2502,20500,25000,-5,21551,8008,21313,0,13790,11760,22547,-5
10182,13,-4,2,2,4800,-3,24,27,18709,-3,14565,11282,-2,19600,22500,11500,12000,28500,36025,32200,34000,35500,-2,29000,41000,44200,40000,42500,65000,70000,52000,57995,81000,68000,140000
10183,14,-4,1,2,-2,21858,50,47,43819,19136,21116,21000,-2,3000,-5,-5,33000,43030,68000,35000,45000,88000,76000,55000,57000,70000,90000,81000,82000,34000,76000,72000,76000,86000,84000
10184,13,-1,2,2,-1,4000,1,1,2341,3096,10800,13776,12000,16000,11000,-2,500,-2,9760,12800,-2,6906,5580,0,6582,8916,9000,15000,304,3084,800,0,-5,5652,-3
10185,14,-4,1,2,11000,-3,46,39,28545,9100,-2,-2,9812,10000,-2,13000,-5,25080,-3,20160,27200,54200,80000,54000,140270,148200,390662,240000,479983,230000,440692,497763,-5,-5,-5
10186,10,-2,2,1,-2,4800,75,73,77168,7000,7200,-2,2864,-2,-2,17050,7466,21940,-2,8500,6013,25700,29500,36650,21000,-2,24000,33350,28900,53987,-2,14000,20976,16606,27870
10187,10,-1,2,1,-1,4800,9,11,10379,7000,7200,-2,2864,-2,-2,-5,20000,2386,-2,-5,11800,13000,-2,11000,-5,6783,32000,1600,19632,51913,11200,28000,982,0,-3
10188,13,3000,2,2,3000,7560,14,10,10139,7200,-3,-2,18860,-2,-2,21000,-2,-2,20000,18000,-2,-2,15000,0,1768,1500,-5,-5,-5,-5,-5,-5,-5,-5,-5
10189,10,-2,2,1,-2,7200,22,21,23413,-3,-3,1600,1060,1500,-2,9000,17000,19000,-2,-5,34000,33000,28000,-2,-5,-5,55000,75000,-5,-5,-5,-5,-5,70000,-3
10190,10,-3,2,1,-3,8300,21,16,16314,20000,20000,-2,18500,26000,-5,14000,-5,39600,-2,40000,39100,31520,37432,15000,27000,30,30000,20000,50000,-2,-1,65000,65000,50000,60000
10191,13,5000,2,2,5000,1700,4,5,5296,-3,6000,-2,2134,-2,6057,4628,4272,-2,500,2724,2724,3684,6817,9812,8580,4492,4091,3336,3500,6016,4958,1500,48000,1800,19676
10192,10,40000,2,1,40000,29000,12,8,5346,24200,32000,8000,12025,9485,34840,26000,64000,25800,16076,18400,30200,17000,-2,18000,-5,25000,52400,105000,70000,65000,56000,-5,-5,-5,-5
10193,13,-1,2,2,-1,-3,22,18,15220,19000,-2,-5,21201,14160,15000,-2,-5,-5,-5,-5,-5,-2,-2,-1,0,-5,-5,-5,-1,-2,-5,-5,-5,-5,-5
10194,10,-1,2,1,-1,-3,13,10,21485,19000,-1,-2,8944,18900,14000,20000,50000,50000,60000,44000,18000,34000,-5,-5,28000,20000,-5,0,40000,-5,-5,-5,-5,35000,90000
10195,13,23000,2,2,23000,21000,43,57,68705,24000,39000,-2,-2,-2,-2,-2,21000,21723,21000,26699,25000,28151,28358,-1,35750,40600,47770,-2,53600,-2,-2,-2,33000,32000,33237
10196,13,10000,2,2,10000,21000,42,50,65468,24000,39000,-2,40000,50000,5000,21630,23500,-2,-2,46500,54125,-2,61000,80000,76000,99300,-2,116300,116742,-2,137664,-2,200811,218000,266814
10197,10,8000,2,1,8000,-3,5,5,4750,10000,16000,-2,-2,-2,-2,-2,-2,13000,-2,12500,-2,-2,-1,-2,-1,-5,41000,-5,-1,-1,9000,-5,-5,7548,16356
10198,10,-2,2,1,-2,-3,4,6,14797,-3,16000,19456,29000,17000,24000,27000,27200,-1,22000,16000,-2,28000,45500,34626,-2,32000,49600,36400,39000,35000,20000,-1,5400,0,10440
10199,10,-1,2,1,-1,-3,8,8,3424,-3,1500,3000,-2,7200,11200,12000,27000,15000,15000,8000,17800,12000,20000,46000,41000,49000,16000,30000,28000,30000,31200,-2,40000,30000,-3
10200,10,5000,2,1,5000,3500,3,2,2884,-3,-2,-2,-2,-2,-2,-2,25480,-2,-2,-3,15000,-2,18720,20000,21000,25800,11440,31200,23000,40000,-2,15000,0,7000,0
10201,10,5000,2,1,5000,3500,6,9,4087,-3,-2,-2,-2,-2,-2,-2,-2,15000,10000,-3,-2,-2,9000,36000,-2,-2,27100,-2,25368,15000,5500,5712,0,-2,38809
10202,10,-2,2,1,-2,3500,21,24,30907,-3,12000,-2,-2,17000,-2,-2,-2,15000,-3,13500,20000,15000,-2,15000,22000,65000,62000,73400,75000,24150,1200,-5,69000,55000,-3
10203,13,8360,2,2,8360,-3,17,18,20675,-3,10000,-2,-2,-2,28840,43300,36000,28000,25000,18000,9000,-5,-2,56417,58000,64248,64000,50800,-5,64000,60000,13999,8500,-5,-5
10204,10,6000,2,1,6000,2300,13,16,22003,-3,8000,6122,5304,5000,7000,0,12100,10000,7000,8000,-2,8000,14000,10000,12000,18500,0,3500,9000,7200,2067,0,0,0,0
10205,10,-3,2,1,-3,-3,1,1,1341,-3,-5,-2,-5,-5,-5,-5,23500,18000,16840,14500,20000,20790,16000,19000,10000,30000,33400,45560,41000,75920,-5,-5,-2,-5,-5
10206,9,18040,3,1,18040,20000,62,59,62657,20000,17000,11000,13800,-2,15250,23000,14600,13800,29000,-5,-5,-5,-5,-5,-5,-5,-5,-5,-5,-5,-5,-5,-5,-5,-5
10207,9,-4,3,1,3629,5512,64,56,50346,15000,14108,31498,38000,47300,23688,18900,-2,23800,-2,-5,-5,-5,-5,-5,-5,-5,-5,-5,-5,-5,-5,-5,-5,-5,-5
10208,9,-4,3,1,8500,11000,55,52,48213,8364,-2,2800,-5,4500,25600,25003,24800,19712,15700,-5,-5,-5,-5,-5,-5,-5,-5,-5,-5,-5,-5,-5,-5,-5,-5
10209,9,8500,3,1,8500,6000,28,26,30993,9229,9000,7976,9800,6789,15566,13980,16000,21500,20300,-5,-5,-5,-5,-5,-5,-5,-5,-5,-5,-5,-5,-5,-5,-5,-5
10210,12,4000,3,2,4000,13000,41,38,57734,-3,2873,-2,2622,-2,25200,28800,17616,19016,33400,-5,-5,-5,-5,-5,-5,-5,-5,-5,-5,-5,-5,-5,-5,-5,-5
10211,14,14000,1,2,14000,11790,54,49,51742,-3,-2,9098,13166,19003,15518,-2,0,10000,-2,-2,17512,-2,-2,22000,-2,6384,6780,8658,0,7560,8328,9684,8300,18300,21600
10212,12,-4,3,2,5955,15000,29,27,18142,18950,9000,5312,16025,17000,20250,22200,22100,27300,30350,-5,-5,-5,-5,-5,-5,-5,-5,-5,-5,-5,-5,-5,-5,-5,-5
10213,12,-4,3,2,4620,5905,50,39,33250,4470,24000,6198,10824,6711,8096,5964,16000,24000,25725,-5,-5,-5,-5,-5,-5,-5,-5,-5,-5,-5,-5,-5,-5,-5,-5
10214,12,-4,3,2,13000,19000,16,17,21816,-3,17400,22288,23220,-2,34000,24000,38000,46000,79000,-5,-5,-5,-5,-5,-5,-5,-5,-5,-5,-5,-5,-5,-5,-5,-5
10215,12,-4,3,2,-2,10000,45,46,47718,-3,30000,20440,7140,29700,3040,20240,20700,18092,21400,-5,-5,-5,-5,-5,-5,-5,-5,-5,-5,-5,-5,-5,-5,-5,-5
10216,12,4400,3,2,4400,7343,64,62,74886,7428,56000,-2,-2,11280,9000,-2,26300,41500,38000,-5,-5,-5,-5,-5,-5,-5,-5,-5,-5,-5,-5,-5,-5,-5,-5
10217,9,5142,3,1,5142,9556,6,7,5147,18224,22498,18811,17968,18397,11464,-5,-5,-5,-5,-5,-5,-5,-5,-5,-5,-5,-5,-5,-5,-5,-5,-5,-5,-5,-5
10218,12,5142,3,2,5142,9556,34,38,56962,18224,22498,18811,20000,18397,7263,7707,5515,10502,-5,-5,-5,-5,-5,-5,-5,-5,-5,-5,-5,-5,-5,-5,-5,-5,-5
10219,12,36000,3,2,36000,-3,68,67,64176,24040,32000,30738,34479,31500,-5,-5,18000,22800,28000,-5,-5,-5,-5,-5,-5,-5,-5,-5,-5,-5,-5,-5,-5,-5,-5
10220,12,3216,3,2,3216,-3,8,10,7212,10352,13826,8484,8744,12914,11948,9170,8986,7380,8000,-5,-5,-5,-5,-5,-5,-5,-5,-5,-5,-5,-5,-5,-5,-5,-5
10221,12,-4,3,2,4500,7000,80,67,58832,11026,11900,17000,28551,20200,37300,32200,23600,24100,34200,-5,-5,-5,-5,-5,-5,-5,-5,-5,-5,-5,-5,-5,-5,-5,-5
10222,12,-4,3,2,6108,5500,71,59,57209,7300,5363,6300,7642,9800,13000,39600,15100,-3,25100,-5,-5,-5,-5,-5,-5,-5,-5,-5,-5,-5,-5,-5,-5,-5,-5
10223,9,3558,3,1,3558,-5,-4,-4,-4,4255,6168,8194,11256,9630,11537,7300,22003,-1,-5,-5,-5,-5,-5,-5,-5,-5,-5,-5,-5,-5,-5,-5,-5,-5,-5
10224,9,-4,3,1,12000,13300,19,22,23407,17400,29216,15000,17450,-3,15000,18000,23000,26000,34000,-5,-5,-5,-5,-5,-5,-5,-5,-5,-5,-5,-5,-5,-5,-5,-5
10225,12,6000,3,2,6000,7500,30,32,36809,6910,400,1980,6000,6586,12058,7000,10000,8709,8000,-5,-5,-5,-5,-5,-5,-5,-5,-5,-5,-5,-5,-5,-5,-5,-5
10226,14,2100,1,2,2100,-3,89,84,82607,-3,9912,-2,-2,-2,36200,23650,26250,30410,29240,32700,34500,-2,-2,-2,53100,-2,74200,74200,76220,82100,102200,-2,-2,-2,103000
10227,12,5000,3,2,5000,17000,13,15,12931,-3,11000,9300,15000,17000,17000,16000,-2,22800,-2,-5,-5,-5,-5,-5,-5,-5,-5,-5,-5,-5,-5,-5,-5,-5,-5
10228,9,1300,3,1,1300,2500,16,16,20772,5000,3600,2500,-2,-2,-2,-2,-2,-5,15000,-5,-5,-5,-5,-5,-5,-5,-5,-5,-5,-5,-5,-5,-5,-5,-5
10229,13,10000,2,2,10000,35000,32,33,28906,9749,6508,11000,12580,13000,12882,14000,-2,18500,18400,25820,-2,14660,7505,16000,18000,13000,40000,24000,34000,26930,45274,34628,19740,30000,27000
10230,9,-4,3,1,2577,8600,44,46,50066,14225,17671,21643,16000,25640,21600,18000,21000,-3,28869,-5,-5,-5,-5,-5,-5,-5,-5,-5,-5,-5,-5,-5,-5,-5,-5
10231,12,-4,3,2,-3,8600,12,17,19978,14225,-2,21643,6786,25640,6198,0,5484,-3,400,-5,-5,-5,-5,-5,-5,-5,-5,-5,-5,-5,-5,-5,-5,-5,-5
10232,10,30000,2,1,30000,30000,49,68,62977,410,2220,5933,8178,-2,3262,-5,25596,45085,38700,52000,46020,59940,67230,-2,-2,131200,139188,141900,124500,104000,40060,115886,152000,163500,-3
10233,13,30000,2,2,30000,34820,23,21,35132,30824,28000,-2,41000,-2,6000,10000,-5,-5,-5,-5,-5,-5,-5,-5,-5,-5,-5,-5,-5,-5,-5,-5,-5,-5,-5
10234,13,3500,2,2,3500,2174,26,27,35418,4348,8358,6412,15090,16430,6018,31000,24000,12000,-2,15110,12828,12703,18936,8400,7500,11000,25257,19000,0,600,6589,32400,0,-2,60000
10235,10,22000,2,1,22000,24000,80,79,85500,32000,28000,1492,2172,-2,6000,6000,12000,26000,25000,28000,35230,17600,31940,41000,29141,-5,-5,-5,-5,-5,-5,-5,-5,-5,-5
10236,13,-4,2,2,7072,21282,6,4,1048,-3,23800,3158,25550,26300,13660,-5,16000,22500,-2,21680,20000,-2,-5,24700,12000,1200,17100,14400,23064,15312,26136,15600,15600,17040,10152
10237,13,-2,2,2,-2,42000,20,19,18070,-3,3440,-2,-2,12600,11000,24260,-2,-2,29000,30000,29120,31502,13729,35031,-3,95000,-2,91000,0,90000,45000,62100,-2,101000,100000
10238,13,6000,2,2,6000,-3,10,10,13672,20856,3500,7226,9552,27250,6396,5990,39340,35000,-5,30000,59000,23000,21780,23051,38600,52000,84300,50000,62740,-2,51720,56000,57000,140000,128697
10239,10,-4,2,1,3280,-3,-4,-4,-4,9352,-5,-2,2076,2580,2173,1174,1740,60,384,990,17600,17700,42000,4356,0,0,241,864,900,0,360,-5,260,384,49000
10240,9,-4,3,1,4190,8434,50,49,47230,8316,15782,8335,12740,18375,18750,21250,34460,25200,-5,-5,-5,-5,-5,-5,-5,-5,-5,-5,-5,-5,-5,-5,-5,-5,-5
10241,12,-4,3,2,-2,6946,47,37,40828,10436,13000,13000,12910,18375,21402,21250,22460,25200,-5,-5,-5,-5,-5,-5,-5,-5,-5,-5,-5,-5,-5,-5,-5,-5,-5
10242,9,-4,3,1,2936,5531,35,40,39183,-3,-2,-3,2400,11881,15880,16656,-2,-2,-2,-5,-5,-5,-5,-5,-5,-5,-5,-5,-5,-5,-5,-5,-5,-5,-5
10243,12,-4,3,2,-3,5531,66,55,48040,-3,6852,6972,4608,7740,8184,9312,10644,14000,25000,-5,-5,-5,-5,-5,-5,-5,-5,-5,-5,-5,-5,-5,-5,-5,-5
10244,9,20000,3,1,20000,3500,-4,-4,-4,6770,-2,-2,8500,2800,-2,11500,13308,16000,22000,-5,-5,-5,-5,-5,-5,-5,-5,-5,-5,-5,-5,-5,-5,-5,-5
10245,12,-4,3,2,-2,3500,-4,-4,-4,6770,-2,-2,9652,-2,-2,11500,13308,16000,22000,-5,-5,-5,-5,-5,-5,-5,-5,-5,-5,-5,-5,-5,-5,-5,-5
10246,12,-4,3,2,3700,1760,68,70,74645,16660,18580,17040,13868,10000,16500,3000,7250,9500,6100,-5,-5,-5,-5,-5,-5,-5,-5,-5,-5,-5,-5,-5,-5,-5,-5
10247,9,7000,3,1,7000,9000,1,1,499,12000,12000,11000,14322,5160,6176,11100,-5,-5,-5,-5,-5,-5,-5,-5,-5,-5,-5,-5,-5,-5,-5,-5,-5,-5,-5
10248,9,6000,3,1,6000,13000,1,3,4316,16320,16500,14900,11000,20000,3961,9050,11000,9633,8425,-5,-5,-5,-5,-5,-5,-5,-5,-5,-5,-5,-5,-5,-5,-5,-5
10249,9,7500,3,1,7500,8700,1,2,8933,9458,10600,10240,12000,13000,14000,19000,-2,-2,-2,-5,-5,-5,-5,-5,-5,-5,-5,-5,-5,-5,-5,-5,-5,-5,-5
10250,9,6298,3,1,6298,2283,1,4,8092,-3,2880,986,4260,8095,8030,7408,25724,9564,28405,-5,-5,-5,-5,-5,-5,-5,-5,-5,-5,-5,-5,-5,-5,-5,-5
10251,9,16000,3,1,16000,17600,58,57,60884,21589,6984,12400,-5,-5,-5,-5,-5,-5,-5,-5,-5,-5,-5,-5,-5,-5,-5,-5,-5,-5,-5,-5,-5,-5,-5
10252,12,16000,3,2,16000,17600,64,58,62615,21589,2082,24557,24740,25382,28600,-2,36200,50000,39200,-5,-5,-5,-5,-5,-5,-5,-5,-5,-5,-5,-5,-5,-5,-5,-5
10253,11,-4,1,1,6000,14840,11,12,9169,20417,19580,-2,-2,17281,15200,4712,34000,18000,17000,20500,17724,13154,19000,-2,43080,-2,59000,-2,126000,-5,-5,-5,-5,-5,-5
10254,12,-4,3,2,7971,14890,75,63,61991,20417,20180,18820,20461,17088,11900,14680,15550,17682,12849,-5,-5,-5,-5,-5,-5,-5,-5,-5,-5,-5,-5,-5,-5,-5,-5
10255,12,1117,3,2,1117,4095,23,33,31721,4572,4138,7022,2600,-2,7198,11356,6879,7624,18816,-5,-5,-5,-5,-5,-5,-5,-5,-5,-5,-5,-5,-5,-5,-5,-5
10256,9,4500,3,1,4500,4585,27,22,32175,699,8664,4493,8835,13111,15000,20508,-2,-5,-5,-5,-5,-5,-5,-5,-5,-5,-5,-5,-5,-5,-5,-5,-5,-5,-5
10257,12,4500,3,2,4500,4585,5,5,5324,3119,5208,5208,6408,6672,-2,13785,-2,19808,22656,-5,-5,-5,-5,-5,-5,-5,-5,-5,-5,-5,-5,-5,-5,-5,-5
10258,9,4500,3,1,4500,2293,4,3,1035,700,-2,326,1806,300,-2,-2,-3,4000,32000,-5,-5,-5,-5,-5,-5,-5,-5,-5,-5,-5,-5,-5,-5,-5,-5
10259,13,-4,2,2,185,2817,1,3,7297,4104,5388,48576,5892,4752,4776,3576,4890,8320,9120,4400,12480,11892,21392,15000,17500,-2,24000,18000,35000,23000,54000,-1,26000,27000,26000
10260,12,7000,3,2,7000,7500,23,25,31899,7700,9209,-2,2865,5931,6816,15000,440,-2,7992,-5,-5,-5,-5,-5,-5,-5,-5,-5,-5,-5,-5,-5,-5,-5,-5
10261,12,7000,3,2,7000,7500,46,52,69047,7700,9086,-2,4400,50000,7708,14420,27334,26100,38400,-5,-5,-5,-5,-5,-5,-5,-5,-5,-5,-5,-5,-5,-5,-5,-5
10262,12,17000,3,2,17000,-5,17,15,11827,-3,-2,6200,17000,-5,17300,26300,-5,-2,17400,-5,-5,-5,-5,-5,-5,-5,-5,-5,-5,-5,-5,-5,-5,-5,-5
10263,9,-4,3,1,3300,2600,94,95,93436,3200,-2,-2,-1,-1,14000,30000,-2,70000,91000,-5,-5,-5,-5,-5,-5,-5,-5,-5,-5,-5,-5,-5,-5,-5,-5
10264,9,-4,3,1,800,8993,87,90,83325,18000,21500,36700,39000,38563,-2,-2,50900,63000,56800,-5,-5,-5,-5,-5,-5,-5,-5,-5,-5,-5,-5,-5,-5,-5,-5
10265,9,-4,3,1,3200,6200,91,87,86129,17258,26200,39060,48300,60500,54000,60000,60000,66500,58000,-5,-5,-5,-5,-5,-5,-5,-5,-5,-5,-5,-5,-5,-5,-5,-5
10266,9,-4,3,1,5200,50000,64,79,77160,13999,-5,23975,32100,26300,32020,35200,39050,52700,59020,-5,-5,-5,-5,-5,-5,-5,-5,-5,-5,-5,-5,-5,-5,-5,-5
10267,12,-4,3,2,3900,3700,65,58,60315,1800,30000,9000,8000,9000,56007,36200,46000,39535,32460,-5,-5,-5,-5,-5,-5,-5,-5,-5,-5,-5,-5,-5,-5,-5,-5
10268,12,-4,3,2,2510,40000,46,42,38221,-5,-2,15000,42000,-5,-5,-2,77400,71400,-5,-5,-5,-5,-5,-5,-5,-5,-5,-5,-5,-5,-5,-5,-5,-5,-5
10269,12,-4,3,2,5760,3100,88,91,81557,11200,4100,16200,75001,9000,27000,61000,75000,86000,146942,-5,-5,-5,-5,-5,-5,-5,-5,-5,-5,-5,-5,-5,-5,-5,-5
10270,12,29000,3,2,29000,33000,96,92,88398,35000,26500,26530,28880,41120,40112,42150,46150,51500,49150,-5,-5,-5,-5,-5,-5,-5,-5,-5,-5,-5,-5,-5,-5,-5,-5
10271,12,-4,3,2,2000,15000,87,85,81595,26000,30000,30000,40000,14500,40000,40000,47000,47500,45500,-5,-5,-5,-5,-5,-5,-5,-5,-5,-5,-5,-5,-5,-5,-5,-5
10272,12,-4,3,2,1700,1773,56,65,63850,11132,-2,-2,29000,29150,32500,44150,52000,40700,48200,-5,-5,-5,-5,-5,-5,-5,-5,-5,-5,-5,-5,-5,-5,-5,-5
10273,12,14000,3,2,14000,15000,65,65,61360,14000,13005,10000,34000,38000,49025,59700,62500,53300,63350,-5,-5,-5,-5,-5,-5,-5,-5,-5,-5,-5,-5,-5,-5,-5,-5
10274,9,-4,3,1,3600,25000,98,87,86897,3850,16600,24870,26720,26940,24200,19320,28100,26000,33800,-5,-5,-5,-5,-5,-5,-5,-5,-5,-5,-5,-5,-5,-5,-5,-5
10275,9,-4,3,1,2000,500,81,79,67073,6315,14960,41250,52000,47000,52000,56000,58500,64700,59000,-5,-5,-5,-5,-5,-5,-5,-5,-5,-5,-5,-5,-5,-5,-5,-5
10276,12,-4,3,2,-3,25000,75,72,70807,25000,35000,30000,32000,30000,45000,43600,40000,43000,53830,-5,-5,-5,-5,-5,-5,-5,-5,-5,-5,-5,-5,-5,-5,-5,-5
10277,12,-4,3,2,4162,33000,75,69,74523,34000,32000,42691,-2,40000,48000,42010,-2,-2,-2,-5,-5,-5,-5,-5,-5,-5,-5,-5,-5,-5,-5,-5,-5,-5,-5
10278,9,9040,3,1,9040,-3,22,25,22497,-3,8950,7575,6772,8964,14236,15000,20140,19800,28510,-5,-5,-5,-5,-5,-5,-5,-5,-5,-5,-5,-5,-5,-5,-5,-5
10279,12,-1,3,2,-1,-3,83,81,69450,22000,20150,19200,25050,31100,36300,37130,46175,44000,36000,-5,-5,-5,-5,-5,-5,-5,-5,-5,-5,-5,-5,-5,-5,-5,-5
10280,12,6497,3,2,6497,-3,91,93,97097,14536,16020,-2,7800,47000,50000,18100,21000,24000,31300,-5,-5,-5,-5,-5,-5,-5,-5,-5,-5,-5,-5,-5,-5,-5,-5
10281,12,-4,3,2,1120,1477,91,89,75214,36822,45000,33250,-2,-2,-2,-2,54000,-2,65500,-5,-5,-5,-5,-5,-5,-5,-5,-5,-5,-5,-5,-5,-5,-5,-5
10282,12,-4,3,2,1305,-3,71,71,66173,37810,13300,23000,60280,72000,80000,52000,28100,60000,70500,-5,-5,-5,-5,-5,-5,-5,-5,-5,-5,-5,-5,-5,-5,-5,-5
10283,12,-4,3,2,2773,1811,24,29,27257,3600,10580,13000,12800,16150,53416,45000,45000,46750,49000,-5,-5,-5,-5,-5,-5,-5,-5,-5,-5,-5,-5,-5,-5,-5,-5
10284,9,-4,3,1,-3,5500,-4,-4,-4,2500,-1,-2,-2,-2,-5,-5,-5,-5,-5,-5,-5,-5,-5,-5,-5,-5,-5,-5,-5,-5,-5,-5,-5,-5,-5
10285,9,8000,3,1,8000,8000,-4,-4,-4,30600,10000,7360,-2,-2,18000,-5,10000,-1,12000,-5,-5,-5,-5,-5,-5,-5,-5,-5,-5,-5,-5,-5,-5,-5,-5
10286,12,-4,3,2,7000,8079,14,13,9213,7440,9799,8100,12308,13000,15000,14000,12805,14096,14000,-5,-5,-5,-5,-5,-5,-5,-5,-5,-5,-5,-5,-5,-5,-5,-5
10287,12,-2,3,2,-2,-3,-4,-4,-4,-3,-5,-5,-5,-5,-5,-5,-5,-5,-5,-5,-5,-5,-5,-5,-5,-5,-5,-5,-5,-5,-5,-5,-5,-5,-5
10288,9,-2,3,1,-2,-5,-4,-4,-5,-5,-5,-5,-5,-5,-5,-5,-5,-5,-5,-5,-5,-5,-5,-5,-5,-5,-5,-5,-5,-5,-5,-5,-5,-5,-5
10289,9,-2,3,1,-2,-5,-4,-4,-4,-3,-5,-5,-5,10000,-5,12500,20500,21600,36000,-5,-5,-5,-5,-5,-5,-5,-5,-5,-5,-5,-5,-5,-5,-5,-5
10290,12,6600,3,2,6600,9440,6,8,6052,1150,10722,-2,0,1440,3052,-2,-2,5376,-2,-5,-5,-5,-5,-5,-5,-5,-5,-5,-5,-5,-5,-5,-5,-5,-5
10291,12,6600,3,2,6600,9440,28,32,42644,13861,10722,10634,4600,468,0,18600,24080,19800,22849,-5,-5,-5,-5,-5,-5,-5,-5,-5,-5,-5,-5,-5,-5,-5,-5
10292,12,-4,3,2,-3,5354,28,27,29031,6042,5053,5182,8107,-2,-2,18685,22000,37400,33000,-5,-5,-5,-5,-5,-5,-5,-5,-5,-5,-5,-5,-5,-5,-5,-5
10293,12,-2,3,2,-2,-3,38,36,44137,-3,10000,6731,9000,-2,7357,12000,13000,20000,20000,-5,-5,-5,-5,-5,-5,-5,-5,-5,-5,-5,-5,-5,-5,-5,-5
10294,9,-3,3,1,-3,-3,15,8,14497,-3,-2,10000,-2,-2,-2,-2,15250,15000,0,-5,-5,-5,-5,-5,-5,-5,-5,-5,-5,-5,-5,-5,-5,-5,-5
10295,12,1542,3,2,1542,8988,21,29,33397,-3,15000,7000,-2,-2,-2,8968,-5,-5,19000,-5,-5,-5,-5,-5,-5,-5,-5,-5,-5,-5,-5,-5,-5,-5,-5
10296,12,15120,3,2,15120,15000,54,53,41729,20358,10005,21720,22510,-5,-5,-5,-5,-5,-5,-5,-5,-5,-5,-5,-5,-5,-5,-5,-5,-5,-5,-5,-5,-5,-5
10297,12,15120,3,2,15120,15000,72,67,73916,20358,12156,-2,-2,15230,-2,-2,22000,23370,22050,-5,-5,-5,-5,-5,-5,-5,-5,-5,-5,-5,-5,-5,-5,-5,-5
10298,9,7712,3,1,7712,9000,25,30,34850,3500,-2,7101,9000,8719,10700,14900,15500,14900,30000,-5,-5,-5,-5,-5,-5,-5,-5,-5,-5,-5,-5,-5,-5,-5,-5
10299,12,6428,3,2,6428,9000,17,19,25532,5575,6190,-3,-2,18659,25350,-2,-2,-3,34210,-5,-5,-5,-5,-5,-5,-5,-5,-5,-5,-5,-5,-5,-5,-5,-5
10300,12,2980,3,2,2980,-3,44,44,51524,5408,8200,2576,5395,9000,9400,4000,10020,30060,30150,-5,-5,-5,-5,-5,-5,-5,-5,-5,-5,-5,-5,-5,-5,-5,-5
10301,9,7796,3,1,7796,-3,14,14,14884,3500,11809,-2,-2,11000,9952,13015,-2,40000,27720,-5,-5,-5,-5,-5,-5,-5,-5,-5,-5,-5,-5,-5,-5,-5,-5
10302,12,7506,3,2,7506,8686,30,23,22599,7596,4524,4027,5760,5952,3496,10800,7800,13076,39078,-5,-5,-5,-5,-5,-5,-5,-5,-5,-5,-5,-5,-5,-5,-5,-5
10303,14,-4,1,2,2756,5688,2,3,5871,-3,-2,6000,1040,5560,14288,18000,21000,13000,-3,42388,9752,18717,23352,22740,-1,14000,-2,20000,27000,29000,28000,31000,13000,20000,22000
10304,14,15000,1,2,15000,12000,38,43,54153,23000,19250,19000,60000,-2,30000,48000,54000,-3,33000,35500,39000,45008,40000,50000,55000,66000,-5,63000,62000,61000,86400,86000,104000,92000,74000
10305,11,15400,1,1,15400,15020,88,87,79191,19050,23025,30048,33020,-5,-5,-5,-5,-5,-5,-5,-5,-5,-5,-5,-5,-5,-5,-5,-5,-5,-5,-5,-5,-5,-5
10306,14,9000,1,2,9000,8000,51,53,62705,-3,8580,22950,-2,9000,-5,33550,37160,38000,41500,42000,48000,52200,-5,-2,58120,58738,-2,51078,54563,61008,65880,67466,100373,77119,79070
10307,11,6600,1,1,6600,5000,26,27,52482,6000,15000,8000,-2,9200,10000,18000,19000,22000,21000,21367,28800,25600,30400,48000,36000,-5,-5,-5,85000,82400,189600,92600,78900,145900,160000
10308,14,6000,1,2,6000,7500,34,42,42882,5000,-2,15000,17472,15000,19000,36000,27280,31000,39000,37000,38600,38600,37500,40000,51000,62400,71000,71000,75400,118250,74200,84300,84000,70500,72000
10309,14,16000,1,2,16000,15000,65,69,77202,22000,33000,23000,36000,46000,49000,-2,3000,8000,29000,75000,-2,97000,-2,83500,81000,-2,-5,140000,-5,-5,-5,-5,-5,-5,-5
10310,14,17000,1,2,17000,16000,35,30,31559,17700,25210,11200,-5,21000,-5,16300,27500,36500,31500,35400,40000,53000,54900,38950,75500,91000,63000,130000,-5,105226,60000,82160,-5,146800,-3
10311,11,14000,1,1,14000,27000,20,23,28229,38000,48000,40000,19000,16000,18560,-2,15000,52160,10000,20000,41200,17000,-2,29800,19000,8200,33798,60000,55000,55100,60000,39000,60000,61000,60000
10312,14,14000,1,2,14000,27000,42,34,49359,38000,40000,40000,30000,34000,45000,48250,58000,-2,96000,80000,42450,7000,77000,-2,80000,140000,90000,162000,110000,147000,148445,136000,140000,0,170980
10313,13,6300,2,2,6300,5000,26,25,33103,0,-2,-2,13600,5975,17400,39280,45500,43360,40800,79300,58500,55000,52520,55000,8000,23744,46000,-2,51000,92000,-2,75000,138000,39856,-5
10314,14,-4,1,2,-3,7236,1,3,6229,7980,-2,8412,6381,16932,5244,-5,-5,16008,9636,10392,13044,9864,8784,8928,12500,-2,11251,14000,0,9308,17196,18780,26640,9447,-3
10315,11,-4,1,1,11700,7100,20,17,12615,21000,25000,11010,-2,16500,26000,25400,42880,47000,46000,16000,16900,19520,21778,46000,44000,30350,57000,50000,60000,51000,-2,66500,76800,75000,80000
10316,10,3079,2,1,3079,-5,1,1,7570,4840,3000,4000,14000,8000,-2,8124,1000,7000,8320,3000,11000,10000,0,15000,300,-2,-2,-5,-5,-5,-5,-5,-5,-5,-5
10317,13,3079,2,2,3079,4176,14,17,15965,-3,4000,3624,0,5000,-2,-5,18988,8500,24000,16200,6984,-3,-5,22000,-5,-5,-5,-5,-5,-5,-5,-5,-5,-5,-5
10318,10,3816,2,1,3816,1800,5,5,8416,-3,9291,3714,6072,4000,9000,7058,3104,150,2000,800,0,0,-3,3000,1300,-2,-5,-5,0,0,0,7000,4364,10435,8796
10319,10,4200,2,1,4200,5000,3,6,8304,9000,8000,9050,3435,14000,14000,24000,24000,-2,30000,25000,30000,27000,17000,26000,28879,32000,30000,32000,32900,32000,10044,2400,20328,31940,-3
10320,10,19000,2,1,19000,3000,78,78,80830,9000,8825,-2,9500,12600,17000,22000,22000,39000,-5,-5,-5,-5,-5,-5,-5,-5,-5,-5,-5,-5,-5,-5,-5,-5,-5
10321,13,3000,2,2,3000,1680,4,7,4696,4320,6800,6000,6000,3000,2962,-2,13000,12250,6000,2280,6000,-2,-2,17000,17000,18000,25000,28000,39500,42000,43000,40000,44000,45000,49000
10322,9,7188,3,1,7188,-5,-4,-4,-5,-5,-5,-5,-5,-5,-5,-5,-5,-5,-5,-5,-5,-5,-5,-5,-5,-5,-5,-5,-5,-5,-5,-5,-5,-5,-5
10323,9,8472,3,1,8472,18500,20,19,9822,6000,-2,8460,-2,29200,27000,-5,31000,5700,31000,-5,-5,-5,-5,-5,-5,-5,-5,-5,-5,-5,-5,-5,-5,-5,-5
10324,10,-3,2,1,-3,-3,3,3,4183,2160,1152,0,0,-2,-2,0,0,2652,0,0,1600,-2,-2,15000,-2,-5,-2,16000,16000,0,-2,-2,10000,-2,-3
10325,10,4700,2,1,4700,-5,-4,-4,-5,-5,-5,-5,-5,-5,-5,-5,-5,-5,-5,-5,-5,-5,-5,-5,-5,-5,-5,-5,-5,-5,-5,-5,-5,-5,-5
10326,10,10000,2,1,10000,54000,30,30,22148,19000,16000,20000,27000,21300,23000,28800,20000,31000,26000,27000,43000,35000,41000,-5,-5,-5,-5,-5,-5,-5,-5,-5,-5,-5,-5
10327,10,5000,2,1,5000,2400,7,6,5596,0,1080,700,1012,5400,11000,8000,12050,19294,15000,10100,16000,14800,24200,21635,29900,35000,33000,45000,42000,40000,30000,35000,45000,40000,40000
10328,10,5000,2,1,5000,2400,2,1,4676,0,1080,2400,1800,8000,5000,6000,22600,8000,22000,35000,39000,23000,16000,35000,43000,33476,45975,38000,50000,81720,60000,48490,99120,29216,65924
10329,13,5000,2,2,5000,6000,21,27,30231,4506,4500,12000,8000,11880,30694,30520,41000,69008,63000,60500,62000,66091,80000,-2,80000,108800,109465,108000,126000,133500,440692,155998,-1,177000,153498
10330,10,5000,2,1,5000,6000,1,2,5476,4506,8000,12000,1400,18000,8500,6000,6000,-2,13020,17000,32000,32000,27150,34000,24000,15000,0,7000,40000,34750,38440,-2,-2,-2,8000
10331,13,900,2,2,900,7980,2,3,2743,11024,9240,16824,9184,12270,9252,10188,11596,14460,13652,5952,-2,5560,16000,2500,19000,-2,24500,20000,9500,25000,28000,-2,25000,20000,19000
10332,13,720,2,2,720,3000,4,9,10649,6000,12008,6000,-2,14580,15000,-2,3444,8322,4320,3180,11780,8376,1198,14840,5581,20300,0,18556,28200,22400,19504,20544,21488,34136,20798
10333,10,-1,2,1,-1,3600,5,5,9288,8000,30000,-2,-2,4000,-2,3455,-3,692,8300,-2,1500,3662,3257,-5,13744,2500,9700,3000,0,4000,5335,400,14625,5300,26400
10334,13,-4,2,2,0,4032,1,3,10970,4000,5676,5748,9660,10284,10704,6792,15420,9924,11388,1764,6960,6936,11500,7152,8664,0,0,0,0,7440,8316,6108,8652,8616,8952
10335,13,848,2,2,848,4762,13,9,14024,1200,3500,15100,18000,20000,13500,17392,19500,25474,28508,27084,33373,18304,17806,17000,16000,16000,35200,21000,40609,33900,28275,35572,-5,-5,-5
10336,13,4900,2,2,4900,11200,20,19,31376,14000,19000,14000,25000,26000,19000,31000,29000,27000,29000,32000,38000,41170,43810,46000,45000,20000,70000,70000,69000,69000,70000,90000,88000,36600,46000
10337,10,9000,2,1,9000,-3,6,6,12099,-3,24000,22245,13000,-2,985,13000,-2,-2,10500,17000,-2,8000,10000,2000,3000,-2,-2,2000,0,0,675,8400,8796,8820,9000
10338,10,-2,2,1,-2,6000,4,5,10512,-3,8900,-2,-2,1500,7500,10500,22000,26000,-2,29000,38000,15000,35000,56000,35000,40000,54000,-1,54000,-2,-2,-2,42000,36000,30000
10339,10,-3,2,1,-3,6000,25,43,50933,-3,8900,4520,8320,10100,20000,44300,32300,35600,-2,29700,31000,35100,40600,37445,28500,-5,42300,117000,60000,78800,84600,88000,100000,105000,132436
10340,13,9060,2,2,9060,6979,13,9,11170,-3,-2,14000,5232,6516,4076,9300,10000,11000,27000,21000,9000,14395,11000,29500,31600,-2,-5,25000,27000,38000,35000,37000,43000,41000,41000
10341,10,4268,2,1,4268,6216,65,62,74122,4320,4750,-2,-2,-2,-2,-2,-2,-1,-1,-1,-1,-1,-1,-1,-1,-1,-1,-1,93305,-1,-1,-1,-1,-2,107000
10342,12,9000,3,2,9000,6000,71,77,82602,6000,31180,8800,32700,33200,35167,21636,22554,17005,17510,-5,-5,-5,-5,-5,-5,-5,-5,-5,-5,-5,-5,-5,-5,-5,-5
10343,9,9000,3,1,9000,6000,46,43,51271,5000,7700,5000,40650,21000,26500,25000,10512,7500,10800,-5,-5,-5,-5,-5,-5,-5,-5,-5,-5,-5,-5,-5,-5,-5,-5
10344,12,10000,3,2,10000,9000,38,39,49226,5800,4200,3768,8516,6816,6900,7368,7704,8112,8170,-5,-5,-5,-5,-5,-5,-5,-5,-5,-5,-5,-5,-5,-5,-5,-5
10345,12,-4,3,2,59050,15000,76,62,58815,20435,22220,22017,26000,63200,27200,30000,58875,54115,55500,-5,-5,-5,-5,-5,-5,-5,-5,-5,-5,-5,-5,-5,-5,-5,-5
10346,9,7300,3,1,7300,8240,15,22,30410,8500,7908,8550,6800,6636,6337,8000,8400,9392,10130,-5,-5,-5,-5,-5,-5,-5,-5,-5,-5,-5,-5,-5,-5,-5,-5
10347,9,7368,3,1,7368,5800,4,6,4468,10000,7000,11000,15000,28000,26000,-2,3808,-2,-2,-5,-5,-5,-5,-5,-5,-5,-5,-5,-5,-5,-5,-5,-5,-5,-5
10348,9,7368,3,1,7368,5800,13,12,10893,8000,-5,-5,-5,-1,-5,-5,-2,-5,-5,-5,-5,-5,-5,-5,-5,-5,-5,-5,-5,-5,-5,-5,-5,-5,-5
10349,12,7368,3,2,7368,5800,11,8,8432,10000,7000,11000,15000,28000,26000,-2,-2,-5,-5,-5,-5,-5,-5,-5,-5,-5,-5,-5,-5,-5,-5,-5,-5,-5,-5
10350,12,-4,3,2,3658,-5,-4,-4,-5,-5,-5,-5,-5,-5,-5,-5,-5,-5,-5,-5,-5,-5,-5,-5,-5,-5,-5,-5,-5,-5,-5,-5,-5,-5,-5
10351,9,4080,3,1,4080,-3,16,12,16081,20000,20000,-3,-5,-5,-5,-5,-5,-5,-5,-5,-5,-5,-5,-5,-5,-5,-5,-5,-5,-5,-5,-5,-5,-5,-5
10352,9,4080,3,1,4080,-3,42,40,52894,20000,20000,-2,15000,-2,-5,-1,-5,46000,47000,-5,-5,-5,-5,-5,-5,-5,-5,-5,-5,-5,-5,-5,-5,-5,-5
10353,9,3204,3,1,3204,6832,30,29,36475,10084,12634,20000,21000,22000,22725,27262,25200,54400,23500,-5,-5,-5,-5,-5,-5,-5,-5,-5,-5,-5,-5,-5,-5,-5,-5
10354,12,-4,3,2,2070,5989,52,64,69539,6125,8546,8316,6566,9762,14000,22100,23000,31075,35000,-5,-5,-5,-5,-5,-5,-5,-5,-5,-5,-5,-5,-5,-5,-5,-5
10355,9,4500,3,1,4500,2250,3,2,1270,-3,-2,-3,-2,23000,-2,2400,-2,-2,13008,-5,-5,-5,-5,-5,-5,-5,-5,-5,-5,-5,-5,-5,-5,-5,-5
10356,9,7000,3,1,7000,5100,37,35,29925,800,11000,16000,-5,15000,-5,-5,28000,30000,76000,-5,-5,-5,-5,-5,-5,-5,-5,-5,-5,-5,-5,-5,-5,-5,-5
10357,9,7000,3,1,7000,5100,36,35,43750,8000,11000,16000,20000,22000,-5,-5,-5,22500,32517,-5,-5,-5,-5,-5,-5,-5,-5,-5,-5,-5,-5,-5,-5,-5,-5
10358,14,4848,1,2,4848,-3,9,8,6140,-3,8000,4176,3780,2988,-2,5712,-2,4344,8469,-2,-2,5458,-2,-2,15408,0,-5,15200,16500,-5,-5,-5,-5,-5,13992
10359,14,3000,1,2,3000,-5,-4,-4,-5,-5,-2,-2,-2,-2,-5,15360,11520,15000,14000,11052,18816,-2,8470,24010,38000,-5,-2,34500,55000,49200,53000,58000,61000,43800,43220
10360,14,6000,1,2,6000,8000,-4,-4,-4,20300,37090,26900,28400,20000,23000,27900,27200,-2,47400,54000,50800,48050,51200,52800,59500,66000,79000,66000,60000,70000,53000,-2,45600,69000,64000
10361,12,-4,3,2,2020,3972,1,1,1391,4440,3768,5520,5520,5304,-5,-5,-5,-5,-5,-5,-5,-5,-5,-5,-5,-5,-5,-5,-5,-5,-5,-5,-5,-5,-5
10362,13,17000,2,2,17000,30000,44,48,52797,20000,22000,26500,67970,-2,70000,100001,18000,16000,37845,21040,22800,7900,18000,35000,21090,30500,94000,-1,25805,16000,-5,61000,25125,73000,77805
10363,10,35000,2,1,35000,30000,51,58,67553,-3,19000,23000,26000,60000,70000,-2,-2,24100,28000,29000,30000,31000,32000,60000,79000,63000,74000,77200,71000,88376,94000,95100,98000,99000,108600
10364,9,8500,3,1,8500,9200,75,89,93992,9000,-2,20000,17000,12000,24000,-2,-2,36500,43350,-5,-5,-5,-5,-5,-5,-5,-5,-5,-5,-5,-5,-5,-5,-5,-5
10365,12,8500,3,2,8500,9200,94,93,92996,14200,-2,7260,5060,-2,14000,-2,25200,-2,70000,-5,-5,-5,-5,-5,-5,-5,-5,-5,-5,-5,-5,-5,-5,-5,-5
10366,12,-2,3,2,-2,12000,64,63,64332,-3,-2,30000,25765,-2,6703,32642,31327,23000,34700,-5,-5,-5,-5,-5,-5,-5,-5,-5,-5,-5,-5,-5,-5,-5,-5
10367,12,-3,3,2,-3,12000,50,78,87970,-3,-2,30000,26020,-2,40000,-2,-2,50000,52000,-5,-5,-5,-5,-5,-5,-5,-5,-5,-5,-5,-5,-5,-5,-5,-5
10368,10,-1,2,1,-1,6000,90,96,92803,5679,5811,10200,-5,-5,27700,82300,76000,1057448,146942,159805,839078,160097,73100,125500,159000,90800,62000,68000,87000,78000,104000,105000,82000,138000,-3
10369,13,-1,2,2,-1,7460,18,15,11075,16000,16000,15000,-2,-2,-2,-2,54000,70900,33020,67020,77020,-2,71000,105000,102000,113000,106000,133000,150000,-2,179000,201000,-5,-5,202000
10370,11,-2,1,1,-2,5000,9,7,4486,5977,1417,-5,-2,-3,17000,12000,15025,17001,22000,34000,35000,31000,40000,36375,40000,47000,60000,55000,50000,60590,11300,100240,55000,62000,60000
10371,14,-2,1,2,-2,-3,6,5,10146,5472,-2,-2,4478,5124,9546,5076,7380,2916,8244,804,4296,10416,12148,14160,-1,13884,10740,7464,12,11760,13548,15432,11400,19284,17292
10372,14,-3,1,2,-3,-3,-4,-4,-5,-5,-5,-5,-2,7600,-2,-2,-2,-2,-2,-2,-2,-2,-2,-2,3950,17500,-5,-5,-5,-5,-5,-5,-5,-5,-5
10373,13,-4,2,2,-2,-5,-4,-4,-5,-5,-5,-5,6252,4400,-5,-5,-5,0,-5,-5,0,-2,-5,-2,0,0,4380,3600,80,1176,3360,-5,8748,15141,8820
10374,13,22000,2,2,22000,-3,1,1,5328,-3,-2,-1,-2,32000,38000,41773,19800,15833,25100,9000,49320,34410,26040,11576,0,20400,28400,29200,34896,14200,-2,12000,45200,27448,-3
10375,14,-4,1,2,-2,-3,-4,-4,-4,-3,7000,-2,-2,-2,-2,-2,35000,39000,51000,30000,30000,33600,36000,54000,78000,67000,87050,93000,97000,82000,92000,-1,-2,83000,-5
10376,14,4500,1,2,4500,4560,-4,-4,-4,-3,11000,-2,-2,6000,22980,25400,30400,32200,36400,37402,37280,-2,-2,44000,47000,49000,55000,56000,54519,62000,63515,60000,69000,-5,-5
10377,14,-4,1,2,16850,-3,13,13,14722,-3,-2,2512,-2,3036,7908,5670,11396,10800,-2,9000,13200,22940,22320,-2,5472,-2,0,-2,-2,-2,68000,56000,81500,-2,-3
10378,13,-1,2,2,-1,-3,30,44,65633,-3,-1,3230,7202,10500,16000,-5,32000,28000,28606,30005,-3,18000,26040,37000,35500,45689,46388,-2,29500,85500,-2,32000,95800,116000,48900
10379,13,13500,2,2,13500,-3,43,46,49633,4253,-2,-2,7636,-2,8000,14659,16638,20600,-3,21000,26610,-2,-2,25100,28352,-2,-2,33000,51000,71500,74500,-1,-1,-1,-3
10380,9,7800,3,1,7800,-3,13,17,41624,-3,6668,7670,7000,-2,1764,5280,21100,17000,33400,-5,-5,-5,-5,-5,-5,-5,-5,-5,-5,-5,-5,-5,-5,-5,-5
10381,11,35000,1,1,35000,45000,80,67,63687,-3,60000,-3,-2,100001,100001,100001,-2,91000,-3,-2,-1,-1,65500,-2,72000,76000,71000,-2,117000,90000,-5,-1,-1,-1,-3
10382,11,35000,1,1,35000,40000,73,68,68393,-3,60000,54000,75001,100001,100001,100001,100001,-2,-2,44960,-2,36480,48000,57700,42000,57000,83870,118200,102500,170000,152000,147000,145000,103550,120000
10383,14,-4,1,2,-3,4750,3,2,3107,4908,5088,-3,4092,7368,-5,-5,-3,-5,1440,8196,2412,-3,-2,5437,6036,7908,9000,13752,0,0,10572,11028,10908,11232,-3
10384,11,8000,1,1,8000,-3,11,12,11242,-3,4500,-5,7080,5297,-5,-2,-2,8016,3771,924,-2,-2,-2,6708,6900,0,7536,9504,-2,0,19872,-2,12108,28168,-5
10385,11,8000,1,1,8000,-3,30,38,50907,10466,4500,5640,-2,-2,-2,44108,-2,14100,45000,-2,69100,77000,70020,69040,72000,-2,121200,-5,-5,-5,-5,-5,-5,-5,-5
10386,11,8000,1,1,8000,-3,9,12,10158,10466,4500,15000,12000,-2,-5,40000,-2,9861,15354,-2,-2,-2,18000,-2,-1,-5,0,-5,-2,-1,9000,-5,-5,-5,-5
10387,9,7000,3,1,7000,-5,-4,-4,-5,-5,-5,-5,-5,36000,37000,60000,50600,75300,70000,-5,-5,-5,-5,-5,-5,-5,-5,-5,-5,-5,-5,-5,-5,-5,-5
10388,12,8500,3,2,8500,6000,22,19,24195,15000,5000,15000,-5,45000,-2,-5,66000,39973,50250,-5,-5,-5,-5,-5,-5,-5,-5,-5,-5,-5,-5,-5,-5,-5,-5
10389,10,-4,2,1,16000,16489,19,21,12541,17000,-2,15800,28000,26544,18000,27000,17000,20000,33800,-2,29000,32000,35000,50000,35000,40000,37000,-2,79400,-2,63600,50600,58000,62000,52000
10390,14,-4,1,2,59240,2949,42,35,29281,-3,-2,-5,20900,23700,-5,-5,-5,-3,-5,-2,-2,-1,-5,-5,54745,-5,-5,-5,16000,-5,-5,0,35000,-5,16000
10391,10,13050,2,1,13050,10800,4,3,5355,994,-2,-2,10200,-2,-5,200,-2,-2,-2,0,300,0,-2,-2,3000,0,-5,0,5000,0,-2,13000,0,0,9000
10392,11,15000,1,1,15000,16192,9,17,18049,5400,14912,16257,18181,17810,9430,43620,9000,19500,17508,10000,26000,20000,20000,43800,30000,30000,58900,67280,79600,-2,76323,49100,-5,-5,-5
10393,12,-4,3,2,-3,-3,63,51,51750,53000,40000,-1,-2,100000,80000,20200,74300,92300,85075,-5,-5,-5,-5,-5,-5,-5,-5,-5,-5,-5,-5,-5,-5,-5,-5
10394,12,-4,3,2,2050,3000,71,78,71896,75001,13015,-5,19100,33914,22400,80600,78500,72100,85000,-5,-5,-5,-5,-5,-5,-5,-5,-5,-5,-5,-5,-5,-5,-5,-5
10395,12,-4,3,2,3255,-5,-4,-4,-4,35000,44100,50400,37000,38600,83000,40100,50500,56100,54400,-5,-5,-5,-5,-5,-5,-5,-5,-5,-5,-5,-5,-5,-5,-5,-5
10396,12,-4,3,2,-3,1628,60,64,52144,2078,23920,-2,22660,-2,-2,37568,38005,43740,31000,-5,-5,-5,-5,-5,-5,-5,-5,-5,-5,-5,-5,-5,-5,-5,-5
10397,11,-4,1,1,-2,-5,-4,-4,-5,-5,-5,640,1667,2080,3750,2034,3428,1854,4310,3467,2333,0,-5,-2,-2,-5,-5,-5,-5,-5,-5,-5,-5,-5,-5
10398,9,-4,3,1,15020,10947,46,55,51112,14893,9317,16642,6436,17425,16210,20050,21015,23800,21332,-5,-5,-5,-5,-5,-5,-5,-5,-5,-5,-5,-5,-5,-5,-5,-5
10399,12,-4,3,2,11810,10807,45,52,44202,14983,9186,12334,6300,15000,16000,22002,20000,27200,5322,-5,-5,-5,-5,-5,-5,-5,-5,-5,-5,-5,-5,-5,-5,-5,-5
10400,12,-4,3,2,3067,3885,70,69,68372,10465,15881,4223,5530,10196,13801,19987,21001,-2,26377,-5,-5,-5,-5,-5,-5,-5,-5,-5,-5,-5,-5,-5,-5,-5,-5
10401,14,-1,1,2,-1,30000,48,51,51646,5700,5005,-2,2500,7100,10000,18000,55000,66050,51000,44000,41000,57000,-2,22600,25000,27000,-5,-5,-5,42000,48500,-5,-5,-5,-5
10402,14,-1,1,2,-1,30000,60,74,83972,32000,8700,-2,14005,2000,12000,22000,-2,37500,23000,-5,-5,-5,7000,11000,6700,-5,-5,-5,-5,-5,40000,-5,-5,-5,-5
10403,9,-4,3,1,12444,13104,73,67,63451,16328,21052,24021,29781,26912,28480,29800,35396,44000,47250,-5,-5,-5,-5,-5,-5,-5,-5,-5,-5,-5,-5,-5,-5,-5,-5
10404,9,-4,3,1,-3,7784,43,38,32191,6072,19000,2000,26000,18000,17000,16042,-2,30000,26000,-5,-5,-5,-5,-5,-5,-5,-5,-5,-5,-5,-5,-5,-5,-5,-5
10405,11,27000,1,1,27000,3900,70,77,67766,3500,10000,40000,1000,-5,-5,-5,93600,-5,146942,-5,-5,-5,-5,-5,-5,-5,-5,-5,-5,-5,-5,-5,-1,-5,-5
10406,14,27000,1,2,27000,27000,98,97,97484,30000,3400,7100,25108,-2,-1,-5,-1,-1,-5,-1,-1,-1,-5,-5,-5,-5,-5,-5,188585,-1,-5,-5,-5,-5,-5
10407,11,27000,1,1,27000,27000,86,93,94197,25000,10080,25000,1100,-2,22100,-5,-5,-5,-5,-5,-5,-5,-5,-5,-5,-5,-5,-5,-5,-5,-5,-5,-5,-5,-5
10408,9,11111,3,1,11111,1236,27,35,32588,-5,-3,9679,8721,14500,16900,30000,20643,15943,10900,-5,-5,-5,-5,-5,-5,-5,-5,-5,-5,-5,-5,-5,-5,-5,-5
10409,12,-4,3,2,9680,6483,56,46,32584,8452,6650,7647,16260,18849,8295,-3,14100,17600,6000,-5,-5,-5,-5,-5,-5,-5,-5,-5,-5,-5,-5,-5,-5,-5,-5
10410,10,4000,2,1,4000,-5,-4,-4,-4,6310,7600,-2,-2,-2,17500,20400,16700,44042,16800,25000,25011,20000,30700,46000,60000,37081,-5,74000,64344,-5,12000,57900,55012,152600,208440
10411,12,2304,3,2,2304,3009,11,7,19101,2849,3680,4748,6200,-2,6000,5482,7200,12448,15788,-5,-5,-5,-5,-5,-5,-5,-5,-5,-5,-5,-5,-5,-5,-5,-5
10412,10,8000,2,1,8000,6000,8,9,7959,7500,15000,7200,10000,7720,3400,12000,7000,5000,-2,-2,10500,45000,18500,19500,26000,-2,-2,-2,11000,22064,16380,17604,68312,20202,11484
10413,12,6000,3,2,6000,6500,74,81,71953,10272,4250,8582,7823,9360,11012,12025,17433,22270,23020,-5,-5,-5,-5,-5,-5,-5,-5,-5,-5,-5,-5,-5,-5,-5,-5
10414,9,8000,3,1,8000,9340,11,9,17669,10272,11136,10500,12120,6095,15000,9274,-2,18200,6000,-5,-5,-5,-5,-5,-5,-5,-5,-5,-5,-5,-5,-5,-5,-5,-5
10415,12,-4,3,2,1396,4368,-4,-4,-4,4352,5016,4692,4488,5400,5291,-5,5796,-5,-5,-5,-5,-5,-5,-5,-5,-5,-5,-5,-5,-5,-5,-5,-5,-5,-5
10416,9,10000,3,1,10000,25000,78,84,86941,30000,20510,-2,29601,38240,32165,27000,22000,23000,99000,-5,-5,-5,-5,-5,-5,-5,-5,-5,-5,-5,-5,-5,-5,-5,-5
10417,9,7500,3,1,7500,15247,4,6,8483,10000,-5,-2,-2,2990,7208,-5,-5,3000,-5,-5,-5,-5,-5,-5,-5,-5,-5,-5,-5,-5,-5,-5,-5,-5,-5
10418,12,7500,3,2,7500,15287,2,1,1942,9600,12000,-2,8292,4584,4620,5436,23664,11252,-3,-5,-5,-5,-5,-5,-5,-5,-5,-5,-5,-5,-5,-5,-5,-5,-5
10419,12,6500,3,2,6500,3660,28,25,19386,-3,-5,-5,-5,-5,-5,-5,-5,-5,-5,-5,-5,-5,-5,-5,-5,-5,-5,-5,-5,-5,-5,-5,-5,-5,-5
10420,12,6000,3,2,6000,650,21,16,21838,-3,4068,5316,6492,5976,6708,-3,7704,7920,8472,-5,-5,-5,-5,-5,-5,-5,-5,-5,-5,-5,-5,-5,-5,-5,-5
10421,13,-1,2,2,-1,7500,21,17,19289,10000,14500,37000,25000,-2,9350,16600,39400,-2,16000,20000,22800,22900,-1,25000,47000,66200,84000,101000,-5,-5,-5,-1,-5,128000,-3
10422,13,3240,2,2,3240,3924,21,17,13629,3924,1760,4200,5616,4596,4740,4748,-3,10656,12000,17000,22000,24000,25000,26000,27000,48000,18000,7668,0,4104,10260,10548,10716,10752,9438
10423,10,3600,2,1,3600,4200,9,5,6224,1100,3000,6150,-2,11000,-2,23972,18283,17500,17000,22500,27000,27000,40000,40000,31000,-1,53000,39000,43128,23000,35000,-5,-5,11712,-3
10424,10,3600,2,1,3600,4200,8,7,7014,-3,3000,6250,-2,6400,3480,-2,-2,5559,-2,-2,-2,-2,-2,-2,27784,5000,-2,-2,25000,5607,7800,26976,22712,-2,50560
10425,10,44200,2,1,44200,15600,11,12,9870,18000,35000,41000,44000,47000,71000,-2,57500,48000,42000,34000,-1,47000,40000,40100,40000,50000,60000,50000,55000,50000,41000,40000,48000,40000,60000
10426,10,44200,2,1,44200,44000,38,53,55495,50000,30300,25500,29000,13000,16000,2500,22000,26000,30500,38000,24000,32000,35000,66000,77000,87000,106900,114000,134500,149000,114000,132000,100000,107000,109000
10427,14,-2,1,2,-2,9100,37,29,31312,11000,8819,12204,17397,9770,9154,9106,6288,7216,14572,34086,46124,27924,-2,32000,40000,46000,57000,48000,35000,40200,38000,21421,37900,35296,16248
10428,14,6378,1,2,6378,6408,23,30,27501,5000,7560,-5,5736,-2,6740,13560,8088,12420,7720,25050,9014,21224,10494,20580,32436,1700,-5,18883,11904,11868,9264,-2,13380,15438,-3
10429,14,6378,1,2,6378,6040,14,12,9967,5000,1692,3060,-2,13030,12000,12000,14000,30020,35000,30015,35000,-2,43000,56000,-5,-5,-5,100000,-5,-5,80000,-5,-2,-5,-3
10430,11,6378,1,1,6378,6408,1,1,5749,5890,2802,19872,34812,-2,12200,-2,26460,10600,1100,2140,-5,252,1300,2000,21500,-2,1000,-2,0,11412,12276,10788,10428,9600,11260
10431,11,6378,1,1,6378,6400,3,2,1486,5550,3252,19872,34812,21000,-5,-2,-2,25850,22054,20000,26050,25021,31000,37000,-2,74120,59000,46500,59900,70000,60050,64000,71000,25290,24000
10432,10,25000,2,1,25000,19000,2,3,2220,-3,-2,-2,36000,-2,-2,-2,-2,-2,-2,-2,-2,-2,-2,-2,2200,-2,18000,12000,22500,40000,-2,-2,-5,10000,-3
10433,13,2400,2,2,2400,7864,19,10,8928,272,4656,0,5472,5676,5808,5760,6024,6120,8096,10960,10000,30000,6002,13195,9560,5000,16956,12000,18000,19000,18000,10542,22860,12960,13664
10434,10,2400,2,1,2400,60000,4,1,4576,8000,7400,0,4700,8928,7380,16500,9200,13000,15000,0,15000,24000,10500,-2,24000,-1,500,25000,80000,-2,8700,18800,15268,12328,-3
10435,10,-4,2,1,17936,4349,58,42,30904,-3,8000,13000,19000,27732,20000,-5,39000,40000,42000,29000,33000,23500,39000,29500,-5,-5,1600,5000,10000,12000,-2,5000,5035,4828,2700
10436,14,-4,1,2,25200,24000,20,21,16324,28200,29500,-2,-2,43790,100001,-2,-3,65504,-2,-5,839078,100000,82000,974100,160400,79600,81000,136000,120000,-2,140000,140400,130700,155000,-3
10437,12,28000,3,2,28000,27000,40,37,28964,35000,25000,6000,6500,21020,26000,30000,-5,-5,-5,-5,-5,-5,-5,-5,-5,-5,-5,-5,-5,-5,-5,-5,-5,-5,-5
10438,10,20000,2,1,20000,16000,45,42,40759,25000,9000,75001,-2,-2,1400,9000,12000,22000,21500,21000,20000,21000,22500,54000,41000,30030,-1,35000,34000,7000,5000,-2,-2,-2,-5
10439,10,20000,2,1,20000,16000,18,17,21434,25000,9000,-2,12000,8859,-2,-2,0,-2,0,0,10568,-2,12627,17728,-2,-5,8940,-5,15540,34903,8088,-2,7200,-5,-3
10440,10,-4,2,1,5230,6113,84,87,77832,49000,-2,26250,-5,44000,-5,-5,-5,-5,-5,-5,-5,-5,-5,-5,-5,-2,-5,-5,-5,-5,-5,-5,110000,-2,-3
10441,9,-4,3,1,3750,5800,79,77,79039,-3,35000,13050,10040,27300,29000,30000,37800,40400,36200,-5,-5,-5,-5,-5,-5,-5,-5,-5,-5,-5,-5,-5,-5,-5,-5
10442,12,-4,3,2,-3,3800,70,68,68056,4980,75001,18000,10000,14000,29000,10000,13000,5000,33500,-5,-5,-5,-5,-5,-5,-5,-5,-5,-5,-5,-5,-5,-5,-5,-5
10443,14,6000,1,2,6000,-3,14,15,24891,-5,840,5000,4000,8000,8000,7500,-5,-2,35000,57000,8000,10000,19000,14500,70000,49600,45000,54000,116700,75000,72000,68000,71000,72000,87000
10444,14,6000,1,2,6000,-3,27,32,38031,5000,10000,8620,2775,15000,17005,16000,15100,200,26000,31140,36220,1320,2300,30742,41000,60268,92500,83488,99440,84790,127888,95270,100064,113400,124100
10445,14,9000,1,2,9000,-5,-4,-4,-5,-5,-5,27100,-5,11200,14200,13100,21000,800,10000,8000,8000,-2,24828,36800,400,39000,40000,51000,-5,71000,-5,26000,-2,45192,-3
10446,12,4824,3,2,4824,4110,3,3,2266,-3,1242,2000,-2,20000,200,0,0,0,0,-5,-5,-5,-5,-5,-5,-5,-5,-5,-5,-5,-5,-5,-5,-5,-5
10447,9,5300,3,1,5300,0,1,1,5273,5900,4024,2215,-2,11000,7000,14110,13000,20002,26000,-5,-5,-5,-5,-5,-5,-5,-5,-5,-5,-5,-5,-5,-5,-5,-5
10448,14,40000,1,2,40000,38978,47,58,68948,27000,28000,44000,9010,11550,38000,37400,19020,-2,19611,20600,21400,23400,22526,27000,40222,33000,3905,25000,15000,20600,13584,8488,3936,7542,9732
10449,11,20500,1,1,20500,31000,65,72,72387,20000,37000,20000,21670,32000,80000,63000,67200,72300,78500,84000,87400,95000,55000,57500,67200,68500,88000,30300,85700,105000,103000,115200,138000,149100,136000
10450,14,20500,1,2,20500,31000,32,36,33325,20000,37000,20000,21670,52800,35000,50000,43030,48012,48040,48020,58400,33010,70020,53010,50000,58050,40000,42000,60000,66000,82000,70000,58400,60000,60000
10451,14,-2,1,2,-2,29200,-4,-4,-4,18000,-5,9960,-2,30000,30500,30000,34050,41000,37400,39100,27000,29300,27000,31200,49400,71808,-5,-5,89600,32000,53308,42000,72000,67000,60000
10452,13,-4,2,2,1700,15000,38,30,18321,-3,14000,11650,26400,28830,31500,29665,30200,29500,-3,-5,-5,7800,10896,-5,8172,5948,8500,14300,14800,-5,4410,5152,0,15000,51000
10453,10,10000,2,1,10000,8700,5,6,6221,4600,-2,-2,-2,4000,60000,-2,-2,23500,12000,-2,-2,-2,34000,50300,-2,-2,2000,-2,39000,-2,28200,-2,-2,-2,-3
10454,10,17000,2,1,17000,20000,35,51,47884,21000,-2,26100,12000,24000,15000,31200,26000,37050,40006,35050,42030,52000,55040,64000,70075,90000,61000,90000,84000,84000,92000,100000,105000,130000,130000
10455,10,17000,2,1,17000,20000,4,4,7111,21000,-2,10381,-2,10000,19000,23000,8125,18466,22010,21000,20284,21000,20050,26050,16480,19000,23000,39700,34000,34000,36100,40000,-1,63019,-3
10456,12,-4,3,2,3500,7000,84,80,69889,9600,10000,12565,15600,14730,16050,14400,18000,25100,19450,-5,-5,-5,-5,-5,-5,-5,-5,-5,-5,-5,-5,-5,-5,-5,-5
10457,9,-4,3,1,3781,5390,81,86,77644,26000,20342,31500,38150,43150,47000,50000,50000,56000,83700,-5,-5,-5,-5,-5,-5,-5,-5,-5,-5,-5,-5,-5,-5,-5,-5
10458,12,-4,3,2,4700,6300,93,88,88388,5766,8500,12500,75001,100001,40000,39000,50000,-2,80000,-5,-5,-5,-5,-5,-5,-5,-5,-5,-5,-5,-5,-5,-5,-5,-5
10459,12,-4,3,2,3281,20500,67,61,70160,6000,6480,4500,4800,4635,6700,4500,4300,5500,39750,-5,-5,-5,-5,-5,-5,-5,-5,-5,-5,-5,-5,-5,-5,-5,-5
10460,12,-4,3,2,2000,31650,32,30,20197,-3,-5,-5,-5,-5,5000,3000,4000,36000,33000,-5,-5,-5,-5,-5,-5,-5,-5,-5,-5,-5,-5,-5,-5,-5,-5
10461,9,-4,3,1,-3,-3,55,65,52012,70000,35000,30000,46000,8600,6520,17000,48000,28500,35100,-5,-5,-5,-5,-5,-5,-5,-5,-5,-5,-5,-5,-5,-5,-5,-5
10462,9,-4,3,1,4050,3050,74,82,66888,7170,16520,25880,6850,-2,6030,17700,31100,30500,36450,-5,-5,-5,-5,-5,-5,-5,-5,-5,-5,-5,-5,-5,-5,-5,-5
10463,9,-4,3,1,7241,3922,94,93,82575,7976,-2,-2,60145,67549,72462,43425,43142,50650,-2,-5,-5,-5,-5,-5,-5,-5,-5,-5,-5,-5,-5,-5,-5,-5,-5
10464,9,-4,3,1,1800,8700,-4,-4,-4,21563,39000,44000,48000,51200,55300,47000,25000,35127,43600,-5,-5,-5,-5,-5,-5,-5,-5,-5,-5,-5,-5,-5,-5,-5,-5
10465,12,-4,3,2,200,500,14,18,18199,2982,-5,3445,2000,6000,3270,4692,7120,5452,6244,-5,-5,-5,-5,-5,-5,-5,-5,-5,-5,-5,-5,-5,-5,-5,-5
10466,9,7028,3,1,7028,8000,16,20,33495,-3,4973,10000,11368,11692,13000,-2,17000,19000,19000,-5,-5,-5,-5,-5,-5,-5,-5,-5,-5,-5,-5,-5,-5,-5,-5
10467,12,7028,3,2,7028,8000,36,32,46640,3880,3000,2900,0,1300,20000,25000,26000,32000,32000,-5,-5,-5,-5,-5,-5,-5,-5,-5,-5,-5,-5,-5,-5,-5,-5
10468,14,3700,1,2,3700,9000,28,27,27206,-3,14000,14000,8989,8349,10100,19300,21100,-2,23489,14086,18400,31020,30382,31950,47600,44520,-2,54832,36000,45000,36000,24000,36000,43000,91000
10469,10,-4,2,1,19010,24050,-4,-4,-4,27010,18145,10000,8010,9003,12640,16008,22000,6010,7000,8000,14006,13010,18005,20013,21005,21205,26000,31000,40000,47015,54800,53004,62004,62005,64005
10470,10,-4,2,1,1100,12200,56,55,52688,-5,9600,6000,32803,15240,15000,18000,28000,18000,-2,-2,19000,20000,17500,20000,28500,21000,32000,42000,42000,49000,65000,10000,12500,12500,20000
10471,10,5760,2,1,5760,7600,36,35,38924,1500,14000,7500,7350,6000,25000,7000,30000,38000,-5,-2,350,-2,19000,39600,-5,-5,-5,-5,-5,60000,-2,22396,-2,9600,-3
10472,14,11500,1,2,11500,9400,24,20,29277,18000,2000,7320,7100,8000,10000,12000,12000,23000,12000,-2,37000,77000,30500,10000,21000,25950,35000,64851,34000,57000,90000,80000,105000,-2,157000
10473,9,7000,3,1,7000,12000,-4,-4,-5,-5,-5,22047,8638,14000,-1,56000,25000,22000,14616,-5,-5,-5,-5,-5,-5,-5,-5,-5,-5,-5,-5,-5,-5,-5,-5
10474,12,-4,3,2,3079,2200,60,61,56005,4300,3583,4350,3000,600,8000,4500,9500,7250,17000,-5,-5,-5,-5,-5,-5,-5,-5,-5,-5,-5,-5,-5,-5,-5,-5
10475,12,5500,3,2,5500,8600,40,37,36683,1570,4356,8172,10824,11160,11635,15220,5240,9988,-2,-5,-5,-5,-5,-5,-5,-5,-5,-5,-5,-5,-5,-5,-5,-5,-5
10476,9,6000,3,1,6000,250,12,15,20320,0,-2,7236,15000,-2,10000,0,300,240,0,-5,-5,-5,-5,-5,-5,-5,-5,-5,-5,-5,-5,-5,-5,-5,-5
10477,12,-4,3,2,4576,5360,51,53,40135,3618,4724,6440,8580,8713,-2,-2,23000,18030,21000,-5,-5,-5,-5,-5,-5,-5,-5,-5,-5,-5,-5,-5,-5,-5,-5
10478,14,-4,1,2,-2,3005,38,38,38235,5451,7440,29000,9221,-2,10000,23002,-5,18000,26220,54000,39700,-2,37000,10000,20236,19736,20800,21632,25724,29445,32800,-2,-2,35447,97869
10479,11,11000,1,1,11000,18000,8,9,16082,27000,10400,-2,18000,15000,11700,9420,7000,10000,-5,21000,37668,-3,17000,53000,54000,32000,34000,50000,45000,48000,45000,53000,58000,60000,72000
10480,12,-4,3,2,3366,3810,42,48,37643,12885,10171,9960,15047,15001,15800,12000,13700,1057448,18320,-5,-5,-5,-5,-5,-5,-5,-5,-5,-5,-5,-5,-5,-5,-5,-5
10481,14,-4,1,2,3600,12528,50,57,58159,14000,22300,31700,39834,48085,30500,20000,32000,40820,48000,57000,24000,36000,43000,38869,55200,53848,90000,408473,200000,12000,20000,75000,95000,38000,-3
10482,11,11000,1,1,11000,5000,9,5,2577,8000,26000,-2,-2,-2,-5,-2,9252,9552,20746,20040,26232,29100,32000,33000,30500,35280,-5,17412,14388,19068,-5,-5,-5,-5,-5
10483,9,-4,3,1,850,-5,13,13,16290,-5,2500,-2,7500,11046,14500,16000,20000,21628,18540,-5,-5,-5,-5,-5,-5,-5,-5,-5,-5,-5,-5,-5,-5,-5,-5
10484,12,-2,3,2,-2,-3,36,35,42955,3426,3264,3974,6168,7584,5100,33344,12720,19100,15200,-5,-5,-5,-5,-5,-5,-5,-5,-5,-5,-5,-5,-5,-5,-5,-5
10485,12,-2,3,2,-2,570,20,13,14477,-3,-5,1505,1728,3104,5228,1152,114,5976,5951,-5,-5,-5,-5,-5,-5,-5,-5,-5,-5,-5,-5,-5,-5,-5,-5
10486,14,-4,1,2,12820,9600,57,62,69604,7282,15244,11000,11359,17000,17495,13115,0,5550,12900,14300,13800,9000,18800,17800,15370,13140,16500,11600,15000,14000,17000,-5,-5,5000,2000
10487,10,9000,2,1,9000,7300,13,8,8677,-3,10164,-2,-2,8124,-2,11220,-2,-2,7560,7200,-5,-5,-2,-2,21000,-2,66000,70000,68000,-2,63400,35000,40000,47000,52000
10488,10,9000,2,1,9000,7300,23,25,38215,22200,10164,2468,10077,9000,-5,14000,-5,-5,-5,61400,25840,-2,-2,0,94000,60000,-5,196000,125000,60000,-1,-5,-1,-5,-5
10489,10,9000,2,1,9000,7300,12,10,25688,22200,10164,4908,11166,5602,8000,8500,-5,14950,-2,10220,15000,18000,24161,40500,111000,-5,-5,-5,-5,62000,-5,49000,-5,-2,-3
10490,11,4800,1,1,4800,8563,23,21,32135,10000,6756,5780,6984,6075,15000,-2,6000,7268,5000,11500,13000,15339,12214,12960,16428,37000,66000,32000,39000,36000,-5,-5,-5,-5,-5
10491,13,-4,2,2,-3,2916,5,5,4527,5028,7728,6936,7200,7164,7368,9012,15640,8832,8928,-2,9480,8616,7596,7980,0,0,0,0,0,0,7896,7560,4272,3600,7800
10492,11,5356,1,1,5356,6000,28,36,36563,-3,11020,-2,20436,-1,18000,27000,27900,21400,24500,18105,-2,4010,-2,-5,2000,-2,18000,64000,9000,58600,57200,58164,-5,-5,-5
10493,11,4400,1,1,4400,12836,4,8,7004,9500,7000,0,3500,-5,15500,1920,0,6000,1290,1500,350,0,4769,4000,1200,14200,15772,21000,27000,32000,-5,31000,-5,28000,28000
10494,12,4000,3,2,4000,-3,10,8,10388,-3,-2,4048,2448,-2,4740,-2,-2,-2,6280,-5,-5,-5,-5,-5,-5,-5,-5,-5,-5,-5,-5,-5,-5,-5,-5
10495,9,4000,3,1,4000,39355,53,72,92362,-3,-2,-2,8600,4900,6000,-5,-5,-5,-5,-5,-5,-5,-5,-5,-5,-5,-5,-5,-5,-5,-5,-5,-5,-5,-5
10496,12,-1,3,2,-1,26000,40,29,28080,30000,-2,-2,59188,6000,25000,13500,-2,19000,-2,-5,-5,-5,-5,-5,-5,-5,-5,-5,-5,-5,-5,-5,-5,-5,-5
10497,12,-1,3,2,-1,17000,16,21,25518,-3,-2,40000,26000,5100,3240,6200,7000,18500,19350,-5,-5,-5,-5,-5,-5,-5,-5,-5,-5,-5,-5,-5,-5,-5,-5
10498,12,-1,3,2,-1,17000,47,57,64501,10000,25780,10800,-1,14100,50550,50600,51000,49000,-2,-5,-5,-5,-5,-5,-5,-5,-5,-5,-5,-5,-5,-5,-5,-5,-5
10499,11,5000,1,1,5000,6000,44,40,53222,5000,-2,13000,7000,-5,13000,-5,-5,-5,-5,-2,0,11200,-5,2268,8736,-5,-5,14300,45000,28000,39600,60000,70000,60000,70000
10500,14,-4,1,2,7800,9400,24,18,15527,12252,-2,4987,-2,14230,18294,20784,23369,-2,24984,26000,24350,29240,25154,17000,22000,36000,78000,38000,41000,58000,71452,-2,55000,64000,165000
10501,11,6500,1,1,6500,9000,57,61,54073,14000,14688,20701,21360,-5,-5,-5,-5,38300,37200,44500,47350,-2,54000,73000,93000,101000,110200,134000,137000,172000,185000,212836,169030,208000,199000
10502,12,16000,3,2,16000,8971,14,10,6692,11000,6160,13500,16500,18000,16000,16500,19000,27000,26000,-5,-5,-5,-5,-5,-5,-5,-5,-5,-5,-5,-5,-5,-5,-5,-5
10503,11,7000,1,1,7000,-3,36,32,25857,10000,-2,30000,33000,21000,27000,21000,23000,24000,23000,26000,30000,34000,30000,30000,52000,60000,62000,60000,110000,102000,106000,105000,110000,115000,96000
10504,14,8000,1,2,8000,-3,25,21,17543,15000,15000,-2,28500,15025,-5,-5,-5,-5,-5,-5,-5,48600,-5,-5,-5,-5,-5,-5,-5,-5,110000,115000,-1,-5,-3
10505,11,8000,1,1,8000,-5,-4,-4,-4,12470,6000,6000,2800,6000,8000,-3,6000,10000,8500,12000,12000,23200,25200,12000,22000,-5,-5,60000,50000,80000,48000,70000,60000,45000,0
10506,14,-4,1,2,-2,3984,7,5,3304,6873,7104,7188,7548,-5,4618,6048,9012,8704,-2,-2,-2,-2,10078,10248,8376,14729,-2,26256,2268,41256,38196,27348,22356,14652,10800
10507,14,16000,1,2,16000,14000,38,35,34286,23000,28000,-2,11000,11134,19000,16020,18000,15771,40005,20000,22688,13597,27200,35300,39929,42000,56000,74000,52000,56000,59000,99000,88288,76700,-3
10508,9,-4,3,1,-2,8596,70,70,72025,12200,22675,-2,40000,11000,-5,30000,-5,-5,-5,-5,-5,-5,-5,-5,-5,-5,-5,-5,-5,-5,-5,-5,-5,-5,-5
10509,11,6000,1,1,6000,8000,-3,-3,43998,21000,31000,21000,27300,47000,31000,35000,51000,50000,62000,500,-2,33470,37570,76652,50640,23156,0,4800,21520,34960,32908,36476,49584,73,46292
10510,11,-4,1,1,5500,15000,-4,-4,-4,15135,-2,37600,25400,37050,32130,-5,-5,-5,-5,-5,-5,21000,-5,-5,-5,42000,-5,-5,-5,-5,-5,-5,-5,-5,-5
10511,14,-4,1,2,2500,19500,-4,-4,-4,-3,18600,24800,25884,-2,-5,-5,-5,-5,-5,-5,-5,21000,-5,-5,-5,42000,-1,38000,183000,41000,-5,-5,-5,-5,-5
10512,14,6700,1,2,6700,16725,34,32,33003,-3,-2,11480,23000,-2,25945,20000,-2,5000,13200,28000,42000,40000,40000,43000,45000,-2,-5,80000,-5,-2,90000,43000,0,-5,-5
10513,14,6700,1,2,6700,16725,49,42,37028,-5,-5,-5,-5,-5,-5,-5,-5,-5,-5,-5,-5,-5,-5,-5,-5,-5,-5,-5,-5,-5,-5,-5,-5,-5,-5
10514,14,10000,1,2,10000,-3,14,12,17268,14000,11500,9000,15780,16000,16000,12892,44100,-2,21030,44032,38030,41700,-2,22040,-2,30000,45050,36000,64550,-2,-2,63020,-2,34988,-3
10515,14,21000,1,2,21000,-3,34,33,47684,-3,25000,38000,44000,40000,45000,54900,54100,60000,61150,56750,65150,91200,57000,-2,54100,85000,-5,-5,-5,-5,-5,-5,-5,-5,-5
10516,14,21000,1,2,21000,-3,37,23,28649,13000,35000,30000,44000,40000,12000,16000,25000,21000,30000,19000,-2,-2,-2,59000,43000,6400,-5,44000,32600,27000,45690,35000,40000,42000,43000
10517,11,11000,1,1,11000,-3,16,22,25247,16227,-2,2246,8710,9624,-5,-5,-5,-5,-5,-5,-2,-5,-5,-5,-5,-5,-5,-5,-5,-5,-5,-5,-5,-5,-5
10518,14,11000,1,2,11000,-3,22,22,23242,16227,17520,31230,35683,41828,32008,39000,-2,38000,32600,42000,42000,-5,-5,-5,-5,-5,-5,-5,-5,-5,-5,-5,-5,-5,-5
10519,11,10000,1,1,10000,-5,-4,-4,-4,11000,4000,-5,5560,7000,7000,18280,10000,13000,-3,-2,-3,23000,25600,23000,14605,26750,-2,26000,26000,32900,46312,38000,37000,36500,35000
10520,11,5000,1,1,5000,15000,-3,-3,2977,-3,3326,2613,1306,-2,-5,-5,-2,8000,8000,9600,7200,-2,-2,15940,20500,13500,18000,23000,22500,21000,-2,-2,-2,-2,-3
10521,14,-4,1,2,-3,6700,6,3,2839,7000,4000,12700,16000,16500,-5,-5,-5,-5,-5,-5,-5,-5,-5,-5,-5,41054,-2,-5,-5,-5,-5,-5,-5,-5,-5
10522,14,8000,1,2,8000,-3,1,1,115,12216,9000,980,600,1978,1725,3924,5000,10200,20000,7760,-2,8000,14000,10800,-1,4500,3000,11600,14850,-2,27280,24500,32600,26000,24400
10523,11,-4,1,1,3000,3000,6,5,7700,5000,7000,9533,8000,2621,27000,-5,20000,22000,-2,31256,22000,-2,23000,38000,28000,28000,-5,-5,27500,38540,20000,40648,-2,-5,65000
10524,11,8000,1,1,8000,29500,1,1,3412,30750,45300,49800,54000,59000,60000,37000,-2,12000,-2,-2,-2,-2,-3,21000,-2,24000,29000,29000,-2,-2,-5,-5,-5,-5,-5
10525,11,6000,1,1,6000,29000,8,13,24758,30750,45300,49800,54000,59000,60000,9650,-2,17940,-2,-2,800,-2,-2,10000,20720,13000,28000,-5,720,0,1000,-5,0,10000,2500
10526,14,8000,1,2,8000,29500,14,7,7256,30750,43000,49800,54000,59000,-2,18000,22000,24892,18920,19060,21013,42013,21000,52025,27000,-5,-1,-1,35000,39000,50500,60000,65000,51000,94000
10527,11,5000,1,1,5000,29500,9,12,23051,-3,45300,49800,54000,59000,-2,-2,-5,6320,-2,-2,0,-2,-2,800,-2,0,0,-2,-2,-2,0,-2,12301,-2,0
10528,13,-2,2,2,-2,6192,42,37,46916,2500,7100,0,0,0,0,0,0,0,0,0,0,1110,15804,1380,9744,10020,10608,9804,719,12603,6068,12192,12012,0,7920
10529,14,-2,1,2,-2,15928,72,65,77625,26000,-2,-2,19010,50000,28881,65600,20410,-2,21600,22250,-2,17000,20100,22450,24780,-5,38000,44000,40000,45000,60000,62000,-2,-5,-5
10530,14,-4,1,2,22000,16000,3,4,1487,12300,13099,23400,14762,13400,270,3000,17926,17440,-3,-2,17612,21287,25604,25640,-2,-5,-5,-5,-5,-5,-5,-5,-5,-5,-5
10531,11,10000,1,1,10000,12500,10,7,7114,13000,16445,19400,40000,19000,20800,25000,-2,30000,23650,39691,51000,53590,30000,44000,15800,30000,62000,84800,86800,89000,105205,90000,95892,98000,105000
10532,14,10000,1,2,10000,12500,17,13,5754,13000,21160,19000,40000,26000,24000,23740,-2,-2,25486,-2,-2,-2,-2,34076,4500,-2,-2,34348,19100,-2,-2,-2,7000,-2,14000
10533,13,17000,2,2,17000,17000,23,28,36227,7400,13065,14880,17350,-3,18500,7660,-5,14500,-2,15800,-1,-5,-1,29768,-1,-5,-5,-5,-5,-5,-5,-5,-5,-5,0
10534,13,17000,2,2,17000,17000,25,26,40831,3900,25000,-2,6400,-2,-2,34000,27000,-2,-2,18000,-1,22000,-2,59200,59000,-5,-5,-5,-5,-5,-5,-5,-5,-5,-5
10535,14,-4,1,2,-2,1800,72,61,70251,1000,11050,20000,23918,-5,24000,31000,35700,50000,18100,-2,12000,-5,17800,17000,-2,18000,19000,29000,91001,11000,41300,75000,80000,112000,0
10536,14,4000,1,2,4000,6300,38,41,48355,8732,4900,4700,2500,-2,-2,29000,23800,22600,16000,-2,6224,15000,15500,20700,5780,17300,13000,18000,26075,28160,29561,25060,-1,37200,87400
10537,14,4000,1,2,4000,6300,18,21,47391,8732,4900,4700,4000,-2,5332,-2,-3,30000,-2,11130,7040,-2,7561,1613,-5,16000,28100,55601,58000,36200,38000,38000,36800,34000,-3
10538,14,4272,1,2,4272,4800,9,7,3946,3704,-2,8200,12928,4896,9360,-2,8808,8556,-5,13956,13272,12996,12876,16620,16116,3750,14000,-2,8604,3384,3600,5082,10812,11104,46493
10539,12,-2,3,2,-2,3472,66,76,78061,-3,6000,15712,-2,14600,15600,22856,-2,39349,-2,-5,-5,-5,-5,-5,-5,-5,-5,-5,-5,-5,-5,-5,-5,-5,-5
10540,11,6384,1,1,6384,12680,45,43,47924,11000,12680,10000,8426,15700,-2,11100,18356,14000,19786,19865,19500,21753,34343,9538,16531,21780,31056,36400,34000,44000,40300,-2,32646,23420,46000
10541,11,6384,1,1,6384,12680,56,41,48438,-3,40000,-1,-2,45012,40000,49000,24000,-2,15044,19532,25200,21000,-1,18500,18000,32000,34800,35910,28000,39100,30240,-2,2328,-5,-5
10542,14,6384,1,2,6384,12680,19,14,23044,11000,-3,5200,-2,9600,7000,6978,4016,-2,13000,20160,-2,22000,-2,-2,12140,12000,34000,42400,60000,60000,66000,30000,18000,32000,28000
10543,14,22000,1,2,22000,25000,21,19,31137,26000,27000,36310,-2,43464,24000,54372,-5,-2,-2,22000,-2,-3,-3,49000,55000,65050,-2,92000,-1,-1,-1,49000,-5,56000,61675
10544,14,11663,1,2,11663,10000,18,11,17122,4570,-2,10800,17974,4940,-2,8632,7220,-2,-2,21614,14730,12763,16506,30270,15000,4000,-2,32800,18000,-2,55000,-2,16832,46100,18300
10545,11,11663,1,1,11663,10000,10,12,7226,-3,-2,-2,-2,0,-2,-2,-2,3252,-2,-2,8340,-2,-2,22297,-2,12780,-2,-2,16476,-5,-5,-5,-5,-5,-5
10546,14,11663,1,2,11663,10000,4,8,7877,8000,-2,10936,3196,10793,10296,12000,1000,3000,7200,-2,7200,-2,11000,9000,0,6000,-5,13000,17500,11000,14764,17904,0,1940,22614
10547,11,-2,1,1,-2,-3,14,19,12629,8000,-2,10000,39000,40000,-5,14000,-2,-2,-2,-2,-2,-2,-2,5000,0,24000,-5,17000,25000,-2,-2,35000,38692,47200,-3
10548,11,-2,1,1,-2,-3,9,17,25708,8000,-2,10000,39000,40000,-5,12000,38000,31860,35000,26007,-2,43000,23000,-2,36850,-1,51000,59000,54000,52000,57000,45000,101000,-5,-5
10549,13,-2,2,2,-2,33000,38,41,46810,2300,3900,-1,-2,2050,4272,5000,6000,6000,17600,18555,18555,24000,10145,25500,1342,6705,800,25500,12000,18000,35156,850,1000,2376,2376
10550,14,18000,1,2,18000,21500,17,13,9123,34400,13100,48600,-2,11000,16000,20000,25000,-2,54000,51200,63300,62800,60200,52000,114500,65000,75100,75000,137280,112000,-5,115000,128000,143000,165000
10551,14,18000,1,2,18000,21500,5,6,10002,12700,-2,-2,-2,-2,-5,-5,-5,-2,-2,-2,52000,-2,55000,148000,-2,62000,-2,76400,-5,185000,-5,-5,-1,-2,-3
10552,11,-2,1,1,-2,-3,20,16,11899,14000,12000,30000,15984,15000,16000,7800,19072,15000,28400,28000,30200,33400,30000,9810,34000,-2,-2,0,1500,1920,6800,11140,5520,8388,22400
10553,11,-4,1,1,9564,11800,52,48,39316,13800,18507,19016,19506,25292,31625,36000,46100,44000,48700,48967,50400,56100,60025,62500,69400,76600,80350,79100,98000,110100,131000,117370,9000,-2,109800
10554,14,-4,1,2,-2,10968,34,29,30379,13800,18507,19016,19506,25763,32037,-2,-2,45200,48550,49190,50400,57250,54020,-2,68200,72650,76600,79000,100000,118200,-2,118267,83000,3600,114525
10555,11,-2,1,1,-2,-3,4,5,4304,4426,2265,10600,3000,2593,5000,-2,17500,7165,-2,-2,11000,-2,11000,4000,-2,100000,18000,25000,46000,35000,21500,-5,-2,-1,48000
10556,9,-4,3,1,-3,8409,8,8,3201,7299,-2,1000,3200,9000,10000,9000,14700,7910,16432,-5,-5,-5,-5,-5,-5,-5,-5,-5,-5,-5,-5,-5,-5,-5,-5
10557,9,20000,3,1,20000,-3,8,8,11816,4040,1800,6512,8408,-2,-2,-2,10000,12000,-3,-5,-5,-5,-5,-5,-5,-5,-5,-5,-5,-5,-5,-5,-5,-5,-5
10558,12,3000,3,2,3000,1464,16,15,26739,4040,1800,-2,14000,15000,-2,-2,32000,-2,-2,-5,-5,-5,-5,-5,-5,-5,-5,-5,-5,-5,-5,-5,-5,-5,-5
10559,12,10000,3,2,10000,8200,13,11,17029,19099,-2,11224,-1,-1,8662,10335,-5,-5,33110,-5,-5,-5,-5,-5,-5,-5,-5,-5,-5,-5,-5,-5,-5,-5,-5
10560,12,10000,3,2,10000,15000,35,35,45871,6100,10843,9425,15331,22370,25406,25405,28000,31000,24067,-5,-5,-5,-5,-5,-5,-5,-5,-5,-5,-5,-5,-5,-5,-5,-5
10561,11,-1,1,1,-1,40000,66,77,76257,50000,13000,69000,55000,67500,-2,-2,15150,21200,29500,47900,53800,59300,58500,68500,84600,80500,86500,-2,107000,112000,118000,167000,129000,135000,173500
10562,12,-2,3,2,-2,2400,27,32,33538,-3,18437,20819,14170,-2,-2,22306,-2,-2,26660,-5,-5,-5,-5,-5,-5,-5,-5,-5,-5,-5,-5,-5,-5,-5,-5
10563,9,-2,3,1,-2,20000,57,70,77698,-3,15000,30000,1800,10600,10300,14600,-5,13700,15489,-5,-5,-5,-5,-5,-5,-5,-5,-5,-5,-5,-5,-5,-5,-5,-5
10564,12,-2,3,2,-2,19500,27,25,41948,-5,-5,-5,-5,-5,-2,500,-2,1596,5388,-5,-5,-5,-5,-5,-5,-5,-5,-5,-5,-5,-5,-5,-5,-5,-5
10565,14,-4,1,2,-3,10500,24,22,18213,14000,14000,21000,9500,13000,12000,12000,10000,12000,12000,10900,13000,66000,29000,35000,35000,-2,46000,23000,31000,27000,20000,30000,23000,28000,55000
10566,10,5000,2,1,5000,5456,1,1,1276,3936,6000,6492,-2,9000,14000,16000,18000,17000,17525,-3,18740,-3,25275,-2,57000,53600,-2,60000,38000,31000,29000,34000,36000,35000,1000
10567,10,700,2,1,700,-3,1,2,3868,-3,-2,-2,-2,10000,6000,-2,-2,-2,3000,-2,-3,-2,-2,100,-2,-2,-2,0,-2,-2,3400,0,756,-5,-5
10568,10,700,2,1,700,-3,1,4,6675,-3,-2,-2,-2,10000,6000,-2,-2,1700,-2,-5,19000,11035,-2,-2,400,-5,-5,-5,-5,-5,-5,-5,-5,-5,-5
10569,13,-4,2,2,5600,8530,17,13,10328,13734,22000,10000,18000,28000,31000,19000,37000,43000,45000,43000,51000,42800,-5,-5,-5,-5,-5,-5,-5,-5,-5,-5,-5,-5,-5
10570,9,7000,3,1,7000,9250,2,1,815,6760,5405,-2,-2,7544,8800,10752,11712,9140,14100,-5,-5,-5,-5,-5,-5,-5,-5,-5,-5,-5,-5,-5,-5,-5,-5
10571,12,7000,3,2,7000,2000,1,2,2122,1264,5412,6312,4932,8520,30500,18884,-2,-2,-2,-5,-5,-5,-5,-5,-5,-5,-5,-5,-5,-5,-5,-5,-5,-5,-5
10572,14,4000,1,2,4000,13000,15,16,26657,-3,12300,18000,18689,-2,-2,3825,35980,-2,-2,-2,-2,18000,-2,23200,35225,20200,50800,-1,-1,100000,-1,-5,-1,-1,-3
10573,14,-4,1,2,1200,13000,3,4,1170,-3,12300,18640,18689,-5,33290,28150,42000,-2,-2,26756,25200,2000,14500,9568,29568,22540,29360,52904,58700,68000,44800,0,29120,8400,-3
10574,11,8188,1,1,8188,-3,1,1,0,-3,9600,7632,-2,-2,8730,-2,9816,1390,-2,17600,-2,-5,22662,-5,25000,35000,-5,0,-5,-5,15300,-5,15432,6000,21000
10575,9,6600,3,1,6600,7000,6,10,4705,5100,11278,10528,11752,12486,18030,-2,14629,16525,40500,-5,-5,-5,-5,-5,-5,-5,-5,-5,-5,-5,-5,-5,-5,-5,-5
10576,9,6600,3,1,6600,9324,27,25,29225,1700,12678,17278,6338,3813,4610,-2,4000,10584,2221,-5,-5,-5,-5,-5,-5,-5,-5,-5,-5,-5,-5,-5,-5,-5,-5
10577,12,6600,3,2,6600,7000,19,22,30695,5100,11590,-3,8800,16988,7104,6799,12558,7967,-3,-5,-5,-5,-5,-5,-5,-5,-5,-5,-5,-5,-5,-5,-5,-5,-5
10578,13,-1,2,2,-1,30000,49,42,44975,19000,28000,30000,35000,-5,-5,-5,-5,-2,-5,-5,-5,-5,-5,-5,-5,-5,-5,-5,-5,-5,-5,-5,-5,110000,109000
10579,13,-4,2,2,-2,4728,13,13,12822,4908,6888,6900,8496,9803,8080,9576,9972,13548,14232,14184,7657,8182,-2,18400,9360,10000,19000,16720,20000,20800,21000,21000,19800,21045,20000
10580,10,-4,2,1,-2,11000,48,39,46228,-3,-2,29719,3392,19830,8008,3372,12137,23000,-2,-2,29000,18000,-2,20000,-2,-2,-2,15000,7500,-2,4000,20000,28000,20000,10000
10581,13,225,2,2,225,30000,27,22,21423,-3,24000,3074,3888,10867,6000,28900,48000,34000,39500,44424,49000,59000,59500,51800,41000,48000,88000,48000,68000,95000,53000,65000,40000,80000,75000
10582,13,-4,2,2,6322,7271,59,61,51145,6424,-2,14935,-2,-2,9932,10298,24498,33802,-3,-2,42901,40900,45702,-2,55913,-2,72678,73874,56847,-2,20520,19109,19640,34140,-3
10583,10,-2,2,1,-2,29274,3,3,3358,-3,-2,-2,9094,-2,-2,-2,-2,-2,5000,2200,-2,-2,-2,-2,-2,-2,0,13920,17400,18000,-5,-5,-5,-5,-5
10584,10,-2,2,1,-2,29274,25,28,37532,-3,16000,36150,-2,-3,-5,-2,-2,-2,18000,48000,55000,62100,-2,0,40100,-2,114000,88000,101500,93000,-2,-2,58000,-5,92500
10585,10,-2,2,1,-2,-3,48,53,46108,-3,16000,35000,-2,-2,-2,-2,5000,-2,6600,-2,-2,-2,18400,20000,-2,-5,-5,-5,-5,-5,18000,-5,-5,-5,-5
10586,13,5088,2,2,5088,5200,11,10,11326,9000,1665,6924,9334,10236,10236,10140,10656,11372,10396,11496,10524,8640,6885,-2,10000,22000,25000,20000,10000,-2,26576,-2,-1,-2,-5
10587,9,-4,3,1,3000,5108,8,8,3068,7512,8692,8464,10207,13797,7828,4200,4700,3500,12198,-5,-5,-5,-5,-5,-5,-5,-5,-5,-5,-5,-5,-5,-5,-5,-5
10588,12,-4,3,2,3180,3800,38,41,44054,4711,1099,28889,17999,18357,25200,12750,35200,38100,42000,-5,-5,-5,-5,-5,-5,-5,-5,-5,-5,-5,-5,-5,-5,-5,-5
10589,12,-4,3,2,-3,4553,38,30,28511,6768,-2,5712,13564,25750,-5,-5,-5,-5,-5,-5,-5,-5,-5,-5,-5,-5,-5,-5,-5,-5,-5,-5,-5,-5,-5
10590,14,4500,1,2,4500,5000,17,17,19376,1513,-2,3304,-3,1900,2035,-2,8376,-5,330,9612,2940,-5,-2,8648,5619,3324,6000,-5,25000,7200,13086,18000,25000,56000,34720
10591,12,20000,3,2,20000,4200,-4,-4,-5,-5,-5,41500,-2,-2,24413,25000,6415,800,3000,-5,-5,-5,-5,-5,-5,-5,-5,-5,-5,-5,-5,-5,-5,-5,-5
10592,12,7541,3,2,7541,-3,18,13,18714,1150,-2,14344,1600,-2,2000,-5,-5,-2,-2,-5,-5,-5,-5,-5,-5,-5,-5,-5,-5,-5,-5,-5,-5,-5,-5
10593,9,-4,3,1,-2,8999,58,59,51982,10772,17200,21010,29369,-2,23418,24015,25665,28500,35220,-5,-5,-5,-5,-5,-5,-5,-5,-5,-5,-5,-5,-5,-5,-5,-5
10594,12,-4,3,2,-2,8050,38,33,33099,9407,12000,21000,-2,-2,-2,23000,25500,20000,35200,-5,-5,-5,-5,-5,-5,-5,-5,-5,-5,-5,-5,-5,-5,-5,-5
10595,9,-2,3,1,-2,36025,-4,-4,-5,-5,-5,-2,-2,19600,-2,11000,-2,-3,15377,-5,-5,-5,-5,-5,-5,-5,-5,-5,-5,-5,-5,-5,-5,-5,-5
10596,18,-2,3,2,-2,7295,-4,-4,-4,16868,13930,18468,22827,-5,-5,-5,-5,-5,-5,-5,-5,-5,-5,-5,-5,-5,-5,-5,-5,-5,-5,-5,-5,-5,-5
10597,18,-4,3,2,-3,15702,98,98,99199,23190,18000,11000,-2,-5,-5,-5,-5,-5,-5,-5,-5,-5,-5,-5,-5,-5,-5,-5,-5,-5,-5,-5,-5,-5,-5
10598,19,-4,2,2,6200,5885,-4,-4,-4,6500,8600,10589,10874,-5,-5,-5,-5,-5,-5,-5,-5,-5,-5,-5,-5,-5,-5,-5,-5,-5,-5,-5,-5,-5,-5
10599,18,38000,3,2,38000,12228,82,84,86488,23149,28438,28969,32165,-5,-5,-5,-5,-5,-5,-5,-5,-5,-5,-5,-5,-5,-5,-5,-5,-5,-5,-5,-5,-5,-5
10600,17,-2,1,1,-2,-3,16,16,12273,7200,24822,-2,-5,-2,-2,-2,-2,16316,11200,-2,-3,18996,21964,20400,23176,28000,24440,30200,15344,46540,-2,35512,35560,-2,-3
10601,16,-4,2,1,-2,-3,25,25,28543,12200,12000,13525,26600,26713,40850,23238,21100,24233,26557,49710,-5,49420,55474,-5,28000,-5,-5,21000,22110,-5,-5,-5,-5,-5,-5
10602,20,-4,1,2,6525,-3,11,10,3779,17342,17000,9000,12100,-5,-5,-5,-5,-5,-5,-5,-5,-5,-5,-5,-5,-5,-5,-5,-5,-5,-5,-5,-5,-5,-5
10603,16,-4,2,1,7450,6000,21,12,12354,7276,5474,-2,906,-2,-5,6480,500,8000,7000,5000,8143,-2,2022,-5,-5,-5,-5,-5,-5,-5,-5,-5,-5,-5,-5
10604,18,-4,3,2,5200,6400,99,97,90153,6600,6677,6070,-5,-5,-5,-5,-5,-5,-5,-5,-5,-5,-5,-5,-5,-5,-5,-5,-5,-5,-5,-5,-5,-5,-5
10605,16,-4,2,1,6000,6500,22,29,25729,2607,9000,12000,11000,-5,-5,-5,-5,-5,-5,-5,-5,-5,-5,-5,-5,-5,-5,-5,-5,-5,-5,-5,-5,-5,-5
10606,16,-4,2,1,5470,6000,9,11,10124,-3,4366,6904,7100,12600,7100,4000,8000,13000,13000,15000,14000,16000,15000,17000,21000,21400,21000,22000,25000,24000,23000,22000,23000,47100,24650
10607,19,-4,2,2,-3,8000,55,55,54893,16636,16289,17655,16900,-5,-5,-5,-5,-5,-5,-5,-5,-5,-5,-5,-5,-5,-5,-5,-5,-5,-5,-5,-5,-5,-5
10608,16,-4,2,1,1800,5000,-4,-4,-4,8100,9000,21600,15000,12400,8156,54500,24000,-5,29800,32000,24000,57094,-5,-5,101000,102000,104000,-1,150000,-5,-5,-5,-5,-5,0
10609,15,-4,3,1,3010,8320,35,48,57142,20735,22550,29300,36800,-5,-5,-5,-5,-5,-5,-5,-5,-5,-5,-5,-5,-5,-5,-5,-5,-5,-5,-5,-5,-5,-5
10610,20,-4,1,2,1858,5900,58,59,61866,7100,12050,-2,-2,-5,-5,-5,-5,-5,-5,-5,-5,-5,-5,-5,-5,-5,-5,-5,-5,-5,-5,-5,-5,-5,-5
10611,15,-4,3,1,3915,5800,4,2,4429,7000,-2,10000,10000,-5,-5,-5,-5,-5,-5,-5,-5,-5,-5,-5,-5,-5,-5,-5,-5,-5,-5,-5,-5,-5,-5
10612,15,-4,3,1,3350,6000,88,80,79145,6600,8200,37412,43412,-5,-5,-5,-5,-5,-5,-5,-5,-5,-5,-5,-5,-5,-5,-5,-5,-5,-5,-5,-5,-5,-5
10613,15,-4,3,1,5500,6000,56,64,77197,7000,20000,-2,25878,-5,-5,-5,-5,-5,-5,-5,-5,-5,-5,-5,-5,-5,-5,-5,-5,-5,-5,-5,-5,-5,-5
10614,15,-4,3,1,7000,15805,99,99,97989,13050,16000,17200,17600,-5,-5,-5,-5,-5,-5,-5,-5,-5,-5,-5,-5,-5,-5,-5,-5,-5,-5,-5,-5,-5,-5
10615,19,-4,2,2,7692,-3,16,18,9493,14000,2320,20822,75001,-5,-5,-5,-5,-5,-5,-5,-5,-5,-5,-5,-5,-5,-5,-5,-5,-5,-5,-5,-5,-5,-5
10616,16,-4,2,1,5850,15000,32,36,33270,11680,9162,-2,-2,-5,-5,-5,-5,-5,-5,-5,-5,-5,-5,-5,-5,-5,-5,-5,-5,-5,-5,-5,-5,-5,-5
10617,15,-4,3,1,5,12000,89,84,68905,12000,11200,7690,14000,-5,-5,-5,-5,-5,-5,-5,-5,-5,-5,-5,-5,-5,-5,-5,-5,-5,-5,-5,-5,-5,-5
10618,18,-4,3,2,10500,14000,73,62,55964,13465,20000,23600,27100,-5,-5,-5,-5,-5,-5,-5,-5,-5,-5,-5,-5,-5,-5,-5,-5,-5,-5,-5,-5,-5,-5
10619,19,-4,2,2,7740,8412,42,35,26552,17000,11750,12000,10500,-5,-5,-5,-5,-5,-5,-5,-5,-5,-5,-5,-5,-5,-5,-5,-5,-5,-5,-5,-5,-5,-5
10620,15,-4,3,1,8000,13060,63,45,33762,17000,16500,33250,39200,-5,-5,-5,-5,-5,-5,-5,-5,-5,-5,-5,-5,-5,-5,-5,-5,-5,-5,-5,-5,-5,-5
10621,19,-4,2,2,11485,14248,30,40,35210,6801,6186,4983,14675,-5,-5,-5,-5,-5,-5,-5,-5,-5,-5,-5,-5,-5,-5,-5,-5,-5,-5,-5,-5,-5,-5
10622,19,-4,2,2,6083,7248,78,79,66495,14150,16000,19850,20904,-5,-5,-5,-5,-5,-5,-5,-5,-5,-5,-5,-5,-5,-5,-5,-5,-5,-5,-5,-5,-5,-5
10623,15,-4,3,1,8700,14050,96,90,89903,-5,13041,13720,19200,-5,-5,-5,-5,-5,-5,-5,-5,-5,-5,-5,-5,-5,-5,-5,-5,-5,-5,-5,-5,-5,-5
10624,18,-4,3,2,6200,6500,67,84,76036,14600,11450,12808,15895,-5,-5,-5,-5,-5,-5,-5,-5,-5,-5,-5,-5,-5,-5,-5,-5,-5,-5,-5,-5,-5,-5
10625,18,-4,3,2,9570,14200,83,70,77106,8750,10300,10150,11600,-5,-5,-5,-5,-5,-5,-5,-5,-5,-5,-5,-5,-5,-5,-5,-5,-5,-5,-5,-5,-5,-5
10626,18,-4,3,2,4177,8500,83,82,78133,15500,15103,27552,-2,-5,-5,-5,-5,-5,-5,-5,-5,-5,-5,-5,-5,-5,-5,-5,-5,-5,-5,-5,-5,-5,-5
10627,18,-4,3,2,5502,11000,54,44,44731,23786,-2,22500,40400,-5,-5,-5,-5,-5,-5,-5,-5,-5,-5,-5,-5,-5,-5,-5,-5,-5,-5,-5,-5,-5,-5
10628,20,-4,1,2,6204,8422,41,31,27671,-3,21500,24432,26000,-5,-5,-5,-5,-5,-5,-5,-5,-5,-5,-5,-5,-5,-5,-5,-5,-5,-5,-5,-5,-5,-5
10629,18,-4,3,2,-2,6589,49,51,41236,8040,12000,10000,20100,-5,-5,-5,-5,-5,-5,-5,-5,-5,-5,-5,-5,-5,-5,-5,-5,-5,-5,-5,-5,-5,-5
10630,19,-3,2,2,-3,8570,24,23,17215,-3,-2,-2,7800,-5,-5,-5,-5,-5,-5,-5,-5,-5,-5,-5,-5,-5,-5,-5,-5,-5,-5,-5,-5,-5,-5
10631,16,-4,2,1,11500,-3,46,44,39485,9000,10344,10000,7500,16988,8300,20000,22000,18500,44000,12000,12000,35000,35000,50000,37600,58000,66000,61000,78000,54350,-5,-5,-5,-5,-5
10632,16,-4,2,1,4300,5475,51,52,42630,7000,35000,32000,6700,9000,12730,12000,15000,46006,52200,60025,62000,64000,70000,38000,41000,96000,87000,97300,114000,-5,-5,-5,-5,-5,-5
10633,18,-2,3,2,-2,13680,99,99,98853,15120,12500,20120,32739,-5,-5,-5,-5,-5,-5,-5,-5,-5,-5,-5,-5,-5,-5,-5,-5,-5,-5,-5,-5,-5,-5
10634,19,-4,2,2,5700,16440,20,19,14627,15000,12000,12800,15000,17320,35200,21000,32000,32738,39600,40738,45000,49000,51000,49420,58000,58000,-2,56000,26000,31000,37000,16948,-1,31358,-3
10635,15,-4,3,1,5500,2500,64,57,52225,3400,4400,-5,10000,-5,-5,-5,-5,-5,-5,-5,-5,-5,-5,-5,-5,-5,-5,-5,-5,-5,-5,-5,-5,-5,-5
10636,18,-4,3,2,-2,10009,63,57,56568,9000,8358,15000,21000,-5,-5,-5,-5,-5,-5,-5,-5,-5,-5,-5,-5,-5,-5,-5,-5,-5,-5,-5,-5,-5,-5
10637,20,6500,1,2,6500,-5,-4,-4,-5,-5,6000,13000,10040,-5,-5,-5,-5,-5,-5,-5,-5,-5,-5,-5,-5,-5,-5,-5,-5,-5,-5,-5,-5,-5,-5
10638,15,-4,3,1,13800,8000,36,29,24515,23324,16000,21800,22000,-5,-5,-5,-5,-5,-5,-5,-5,-5,-5,-5,-5,-5,-5,-5,-5,-5,-5,-5,-5,-5,-5
10639,15,-4,3,1,5656,6510,49,56,44725,7500,-2,-2,33600,-5,-5,-5,-5,-5,-5,-5,-5,-5,-5,-5,-5,-5,-5,-5,-5,-5,-5,-5,-5,-5,-5
10640,15,-4,3,1,5621,9100,47,45,39545,-3,21765,17300,25000,-5,-5,-5,-5,-5,-5,-5,-5,-5,-5,-5,-5,-5,-5,-5,-5,-5,-5,-5,-5,-5,-5
10641,15,-4,3,1,5000,18400,71,70,54958,27163,14800,14200,11800,-5,-5,-5,-5,-5,-5,-5,-5,-5,-5,-5,-5,-5,-5,-5,-5,-5,-5,-5,-5,-5,-5
10642,16,-4,2,1,13941,14000,79,75,77310,30000,27476,12000,9000,-5,-5,-5,-5,-5,-5,-5,-5,-5,-5,-5,-5,-5,-5,-5,-5,-5,-5,-5,-5,-5,-5
10643,15,-4,3,1,5600,9000,90,93,93775,15000,24000,-2,20500,-5,-5,-5,-5,-5,-5,-5,-5,-5,-5,-5,-5,-5,-5,-5,-5,-5,-5,-5,-5,-5,-5
10644,18,-4,3,2,6660,-3,-4,-4,-5,-5,-5,-5,-5,-5,-5,-5,-5,-5,-5,-5,-5,-5,-5,-5,-5,-5,-5,-5,-5,-5,-5,-5,-5,-5,-5
10645,20,-4,1,2,8000,13000,73,61,66010,24000,16967,28100,35000,-5,-5,-5,-5,-5,-5,-5,-5,-5,-5,-5,-5,-5,-5,-5,-5,-5,-5,-5,-5,-5,-5
10646,18,-4,3,2,-3,6382,96,79,84148,8040,17040,15735,54680,-5,-5,-5,-5,-5,-5,-5,-5,-5,-5,-5,-5,-5,-5,-5,-5,-5,-5,-5,-5,-5,-5
10647,18,-4,3,2,5000,5454,85,86,86547,5900,8905,9500,12150,-5,-5,-5,-5,-5,-5,-5,-5,-5,-5,-5,-5,-5,-5,-5,-5,-5,-5,-5,-5,-5,-5
10648,19,-4,2,2,1800,7000,50,63,69448,7800,8750,8500,-2,-5,-5,-5,-5,-5,-5,-5,-5,-5,-5,-5,-5,-5,-5,-5,-5,-5,-5,-5,-5,-5,-5
10649,18,-4,3,2,3300,19012,31,33,36671,16000,29000,63553,-2,-5,-5,-5,-5,-5,-5,-5,-5,-5,-5,-5,-5,-5,-5,-5,-5,-5,-5,-5,-5,-5,-5
10650,19,-4,2,2,3650,75001,-4,-4,-4,-3,37000,22000,26000,-5,-5,-5,-5,-5,-5,-5,-5,-5,-5,-5,-5,-5,-5,-5,-5,-5,-5,-5,-5,-5,-5
10651,18,-4,3,2,3605,2536,71,80,87628,15330,22304,15254,18342,-5,-5,-5,-5,-5,-5,-5,-5,-5,-5,-5,-5,-5,-5,-5,-5,-5,-5,-5,-5,-5,-5
10652,18,-4,3,2,7000,8100,91,84,68026,20500,18020,25300,25300,-5,-5,-5,-5,-5,-5,-5,-5,-5,-5,-5,-5,-5,-5,-5,-5,-5,-5,-5,-5,-5,-5
10653,18,-4,3,2,2000,13200,54,47,47068,19936,25700,26125,25500,-5,-5,-5,-5,-5,-5,-5,-5,-5,-5,-5,-5,-5,-5,-5,-5,-5,-5,-5,-5,-5,-5
10654,15,-4,3,1,-3,4000,84,91,83822,-5,-2,22974,-2,-5,-5,-5,-5,-5,-5,-5,-5,-5,-5,-5,-5,-5,-5,-5,-5,-5,-5,-5,-5,-5,-5
10655,16,-4,2,1,10100,4660,12,13,15519,-3,-3,13080,10700,-5,-5,-5,-5,-5,-5,-5,-5,-5,-5,-5,-5,-5,-5,-5,-5,-5,-5,-5,-5,-5,-5
10656,15,-4,3,1,8500,5650,79,61,60413,6900,-3,5050,6010,-5,-5,-5,-5,-5,-5,-5,-5,-5,-5,-5,-5,-5,-5,-5,-5,-5,-5,-5,-5,-5,-5
10657,16,1200,2,1,1200,-5,-4,-4,-4,5309,-5,-5,-5,-5,-5,-5,-5,-5,-5,-5,-5,-5,-5,-5,-5,-5,-5,-5,-5,-5,-5,-5,-5,-5,-5
10658,15,-4,3,1,7600,10000,52,51,46902,20000,8500,800,12000,-5,-5,-5,-5,-5,-5,-5,-5,-5,-5,-5,-5,-5,-5,-5,-5,-5,-5,-5,-5,-5,-5
10659,15,-4,3,1,9000,35000,70,50,46265,24500,45000,16700,16000,-5,-5,-5,-5,-5,-5,-5,-5,-5,-5,-5,-5,-5,-5,-5,-5,-5,-5,-5,-5,-5,-5
10660,15,-4,3,1,6000,8500,42,40,48048,20000,20000,5352,6900,-5,-5,-5,-5,-5,-5,-5,-5,-5,-5,-5,-5,-5,-5,-5,-5,-5,-5,-5,-5,-5,-5
10661,16,-4,2,1,7500,5000,26,20,20039,-3,55910,49701,75001,38283,37461,30266,31560,54300,35226,43700,41500,-2,-2,0,-2,36000,-5,33000,72000,-2,37199,52000,62000,57000,17436
10662,17,-4,1,1,194,2000,27,31,22235,-3,30000,4000,20000,28934,8370,-5,-5,-5,68000,2100,100,6160,150,1200,6000,0,0,8000,70,-5,0,0,-5,-5,-5
10663,15,-4,3,1,6100,6676,53,59,50897,8050,-5,23535,15500,-5,-5,-5,-5,-5,-5,-5,-5,-5,-5,-5,-5,-5,-5,-5,-5,-5,-5,-5,-5,-5,-5
10664,16,-4,2,1,7220,-3,24,22,28329,9005,10316,13744,16510,13718,15000,24800,36010,25030,47200,23340,29001,28000,30000,31000,56000,60000,92997,83400,101600,103752,113100,122100,123500,-2,-5
10665,15,-4,3,1,2089,-3,23,24,20910,13492,14320,10621,8096,-5,-5,-5,-5,-5,-5,-5,-5,-5,-5,-5,-5,-5,-5,-5,-5,-5,-5,-5,-5,-5,-5
10666,16,-4,2,1,5616,4400,18,23,23168,7015,4772,11238,7574,6288,12665,15120,4000,1200,15000,12200,-2,-2,-2,-5,18000,17000,41500,33200,-2,18740,10000,27106,18000,17000,-3
10667,16,-4,2,1,6561,-3,36,35,28454,11600,-2,-1,-2,-5,-5,-5,-5,-5,-5,-5,-5,-5,-5,-5,-5,-5,-5,-5,-5,-5,-5,-5,-5,-5,-5
10668,16,-4,2,1,-3,-3,9,6,4212,7400,7990,12562,-5,1883,9000,-5,-5,12000,16130,-2,256,-3,-2,6600,-2,0,-5,28378,5000,83096,-5,-5,2400,600,2328
10669,15,-4,3,1,5300,6650,-4,-4,-4,6074,7000,14000,-2,-5,-5,-5,-5,-5,-5,-5,-5,-5,-5,-5,-5,-5,-5,-5,-5,-5,-5,-5,-5,-5,-5
10670,16,-4,2,1,3800,5000,16,15,20173,10680,-2,-2,8096,-5,-5,-5,-5,-5,-5,-5,-5,-5,-5,-5,-5,-5,-5,-5,-5,-5,-5,-5,-5,-5,-5
10671,15,-4,3,1,8000,7800,25,28,19924,6200,175,5436,6192,-5,-5,-5,-5,-5,-5,-5,-5,-5,-5,-5,-5,-5,-5,-5,-5,-5,-5,-5,-5,-5,-5
10672,16,15000,2,1,15000,-3,23,25,30100,-3,13400,2900,-2,-5,-5,-5,-5,-5,-5,-5,-5,-5,-5,-5,-5,-5,-5,-5,-5,-5,-5,-5,-5,-5,-5
10673,15,14000,3,1,14000,12000,46,49,29939,3195,4416,2203,8080,-5,-5,-5,-5,-5,-5,-5,-5,-5,-5,-5,-5,-5,-5,-5,-5,-5,-5,-5,-5,-5,-5
10674,18,-4,3,2,2609,12105,71,69,67961,-3,32000,28000,34873,-5,-5,-5,-5,-5,-5,-5,-5,-5,-5,-5,-5,-5,-5,-5,-5,-5,-5,-5,-5,-5,-5
10675,16,-4,2,1,2067,-5,-4,-4,-5,-5,-5,19479,24300,-5,-5,-5,-5,-5,-5,-5,-5,-5,-5,-5,-5,-5,-5,-5,-5,-5,-5,-5,-5,-5,-5
10676,19,-4,2,2,5000,5532,20,15,15517,17000,-2,-2,-2,-5,-5,-5,-5,-5,-5,-5,-5,-5,-5,-5,-5,-5,-5,-5,-5,-5,-5,-5,-5,-5,-5
10677,18,-4,3,2,5120,5760,27,36,34574,9000,9500,14147,9800,-5,-5,-5,-5,-5,-5,-5,-5,-5,-5,-5,-5,-5,-5,-5,-5,-5,-5,-5,-5,-5,-5
10678,15,-4,3,1,2800,6530,76,85,87673,8000,-2,18000,26700,-5,-5,-5,-5,-5,-5,-5,-5,-5,-5,-5,-5,-5,-5,-5,-5,-5,-5,-5,-5,-5,-5
10679,15,-4,3,1,6030,5625,73,61,50483,6220,9250,-2,12010,-5,-5,-5,-5,-5,-5,-5,-5,-5,-5,-5,-5,-5,-5,-5,-5,-5,-5,-5,-5,-5,-5
10680,19,-4,2,2,14000,10891,8,5,2043,10500,-2,4800,20000,-5,-5,-5,-5,-5,-5,-5,-5,-5,-5,-5,-5,-5,-5,-5,-5,-5,-5,-5,-5,-5,-5
10681,18,-4,3,2,4320,16400,79,63,61009,17600,8700,9200,10642,-5,-5,-5,-5,-5,-5,-5,-5,-5,-5,-5,-5,-5,-5,-5,-5,-5,-5,-5,-5,-5,-5
10682,18,-4,3,2,6030,6600,53,54,51301,9200,10800,33900,23151,-5,-5,-5,-5,-5,-5,-5,-5,-5,-5,-5,-5,-5,-5,-5,-5,-5,-5,-5,-5,-5,-5
10683,18,-4,3,2,6078,13800,57,51,49113,16000,23020,18678,18100,-5,-5,-5,-5,-5,-5,-5,-5,-5,-5,-5,-5,-5,-5,-5,-5,-5,-5,-5,-5,-5,-5
10684,18,-4,3,2,5610,14280,82,86,86393,12187,-2,9228,17600,-5,-5,-5,-5,-5,-5,-5,-5,-5,-5,-5,-5,-5,-5,-5,-5,-5,-5,-5,-5,-5,-5
10685,18,-4,3,2,6474,11835,45,44,47478,7618,15000,-2,-2,-5,-5,-5,-5,-5,-5,-5,-5,-5,-5,-5,-5,-5,-5,-5,-5,-5,-5,-5,-5,-5,-5
10686,18,-4,3,2,5900,5902,77,61,57062,6700,6599,8200,9000,-5,-5,-5,-5,-5,-5,-5,-5,-5,-5,-5,-5,-5,-5,-5,-5,-5,-5,-5,-5,-5,-5
10687,18,-4,3,2,9900,-3,69,57,44123,10858,-2,7550,-2,-5,-5,-5,-5,-5,-5,-5,-5,-5,-5,-5,-5,-5,-5,-5,-5,-5,-5,-5,-5,-5,-5
10688,19,-4,2,2,-3,-3,44,56,47397,16000,19275,-2,11781,-5,-5,-5,-5,-5,-5,-5,-5,-5,-5,-5,-5,-5,-5,-5,-5,-5,-5,-5,-5,-5,-5
10689,18,-4,3,2,-2,16000,66,66,72537,17900,20000,30180,-2,-5,-5,-5,-5,-5,-5,-5,-5,-5,-5,-5,-5,-5,-5,-5,-5,-5,-5,-5,-5,-5,-5
10690,19,-4,2,2,6060,-3,36,34,21583,-5,-2,11000,21000,-5,-5,-5,-5,-5,-5,-5,-5,-5,-5,-5,-5,-5,-5,-5,-5,-5,-5,-5,-5,-5,-5
10691,18,-4,3,2,-2,-5,75,72,66954,12340,11400,18278,20011,-5,-5,-5,-5,-5,-5,-5,-5,-5,-5,-5,-5,-5,-5,-5,-5,-5,-5,-5,-5,-5,-5
10692,15,-4,3,1,6530,32000,87,80,76978,40100,43400,46110,63500,-5,-5,-5,-5,-5,-5,-5,-5,-5,-5,-5,-5,-5,-5,-5,-5,-5,-5,-5,-5,-5,-5
10693,18,-4,3,2,5823,6145,81,73,70478,9040,-2,25050,29400,-5,-5,-5,-5,-5,-5,-5,-5,-5,-5,-5,-5,-5,-5,-5,-5,-5,-5,-5,-5,-5,-5
10694,15,-4,3,1,6500,-3,42,42,35710,18000,-5,-5,-5,-5,-5,-5,-5,-5,-5,-5,-5,-5,-5,-5,-5,-5,-5,-5,-5,-5,-5,-5,-5,-5,-5
10695,20,-4,1,2,5500,6000,75,68,75215,6000,-2,50350,42000,-5,-5,-5,-5,-5,-5,-5,-5,-5,-5,-5,-5,-5,-5,-5,-5,-5,-5,-5,-5,-5,-5
10696,18,10000,3,2,10000,16040,59,62,46327,17010,10200,8415,4080,-5,-5,-5,-5,-5,-5,-5,-5,-5,-5,-5,-5,-5,-5,-5,-5,-5,-5,-5,-5,-5,-5
10697,15,-4,3,1,-2,5500,51,43,39290,20000,9000,12819,10610,-5,-5,-5,-5,-5,-5,-5,-5,-5,-5,-5,-5,-5,-5,-5,-5,-5,-5,-5,-5,-5,-5
10698,15,-4,3,1,7000,16720,32,25,23280,26904,75001,9200,-2,-5,-5,-5,-5,-5,-5,-5,-5,-5,-5,-5,-5,-5,-5,-5,-5,-5,-5,-5,-5,-5,-5
10699,15,12000,3,1,12000,40000,22,23,17481,-3,18500,24938,27020,-5,-5,-5,-5,-5,-5,-5,-5,-5,-5,-5,-5,-5,-5,-5,-5,-5,-5,-5,-5,-5,-5
10700,15,-4,3,1,3800,5379,66,69,56119,7082,23803,20000,23401,-5,-5,-5,-5,-5,-5,-5,-5,-5,-5,-5,-5,-5,-5,-5,-5,-5,-5,-5,-5,-5,-5
10701,15,-4,3,1,-3,5200,89,81,86334,9300,11520,10075,11960,-5,-5,-5,-5,-5,-5,-5,-5,-5,-5,-5,-5,-5,-5,-5,-5,-5,-5,-5,-5,-5,-5
10702,15,-4,3,1,6500,-3,-4,-4,-4,9416,4034,8256,4405,-5,-5,-5,-5,-5,-5,-5,-5,-5,-5,-5,-5,-5,-5,-5,-5,-5,-5,-5,-5,-5,-5
10703,15,-4,3,1,12080,10200,34,29,26944,-5,13004,10000,11000,-5,-5,-5,-5,-5,-5,-5,-5,-5,-5,-5,-5,-5,-5,-5,-5,-5,-5,-5,-5,-5,-5
10704,16,-4,2,1,3560,-5,6,8,10517,6084,3270,100,1200,2300,25000,8000,7000,-2,-2,10200,13200,15300,21500,21000,6800,34000,17000,0,0,10000,0,0,10152,9519,-5
10705,15,-4,3,1,6600,6216,71,45,39389,24000,23000,20000,14960,-5,-5,-5,-5,-5,-5,-5,-5,-5,-5,-5,-5,-5,-5,-5,-5,-5,-5,-5,-5,-5,-5
10706,16,-4,2,1,6000,6100,52,53,49726,6700,9945,10555,22960,-2,30820,41000,51000,36200,50147,57150,54597,80000,64500,63340,-2,80000,97000,80700,123600,-2,130598,149312,130400,143124,201000
10707,17,-4,1,1,5600,5000,41,30,30584,24000,33000,19700,35000,15000,-2,6980,15184,26000,25000,18336,15444,15540,14000,-2,65000,51176,101829,-2,61000,62870,119760,-2,8640,34926,-3
10708,15,-4,3,1,6896,-3,39,31,26547,7650,-2,11280,22844,-5,-5,-5,-5,-5,-5,-5,-5,-5,-5,-5,-5,-5,-5,-5,-5,-5,-5,-5,-5,-5,-5
10709,15,-4,3,1,5200,6178,47,37,28178,13180,20996,27957,24327,-5,-5,-5,-5,-5,-5,-5,-5,-5,-5,-5,-5,-5,-5,-5,-5,-5,-5,-5,-5,-5,-5
10710,19,-4,2,2,-2,6800,9,14,12826,17000,-2,12500,14570,-5,-5,-5,-5,-5,-5,-5,-5,-5,-5,-5,-5,-5,-5,-5,-5,-5,-5,-5,-5,-5,-5
10711,18,-4,3,2,5254,6364,69,67,60808,75001,19600,35500,37025,-5,-5,-5,-5,-5,-5,-5,-5,-5,-5,-5,-5,-5,-5,-5,-5,-5,-5,-5,-5,-5,-5
10712,19,-4,2,2,-3,-3,15,17,16706,4222,13000,2295,-2,-5,-5,-5,-5,-5,-5,-5,-5,-5,-5,-5,-5,-5,-5,-5,-5,-5,-5,-5,-5,-5,-5
10713,18,-4,3,2,6000,22000,-4,-4,-4,18819,28635,29000,18410,-5,-5,-5,-5,-5,-5,-5,-5,-5,-5,-5,-5,-5,-5,-5,-5,-5,-5,-5,-5,-5,-5
10714,15,-4,3,1,7049,11336,74,64,50085,11216,9900,15553,-2,-5,-5,-5,-5,-5,-5,-5,-5,-5,-5,-5,-5,-5,-5,-5,-5,-5,-5,-5,-5,-5,-5
10715,15,-4,3,1,5300,5000,53,50,46167,13510,15324,14872,18153,-5,-5,-5,-5,-5,-5,-5,-5,-5,-5,-5,-5,-5,-5,-5,-5,-5,-5,-5,-5,-5,-5
10716,15,-4,3,1,5964,5720,35,36,28920,1400,6760,13345,-2,-5,-5,-5,-5,-5,-5,-5,-5,-5,-5,-5,-5,-5,-5,-5,-5,-5,-5,-5,-5,-5,-5
10717,15,-4,3,1,8970,10800,84,87,82525,-5,9070,-2,-2,-5,-5,-5,-5,-5,-5,-5,-5,-5,-5,-5,-5,-5,-5,-5,-5,-5,-5,-5,-5,-5,-5
10718,16,-4,2,1,5900,5900,20,21,20762,7010,9512,10595,17000,21000,12753,22119,22000,26000,27000,25090,37000,75303,-2,62800,67500,-1,-2,30000,39000,-2,0,6935,0,40000,-5
10719,16,-4,2,1,8470,-5,-4,-4,-4,8400,8500,10050,12500,-5,-5,-5,-5,-5,-5,-5,-5,-5,-5,-5,-5,-5,-5,-5,-5,-5,-5,-5,-5,-5,-5
10720,18,-4,3,2,-2,5340,53,62,43996,-3,4152,7632,8022,-5,-5,-5,-5,-5,-5,-5,-5,-5,-5,-5,-5,-5,-5,-5,-5,-5,-5,-5,-5,-5,-5
10721,15,-4,3,1,11902,11925,91,86,79396,15500,22050,13230,8547,-5,-5,-5,-5,-5,-5,-5,-5,-5,-5,-5,-5,-5,-5,-5,-5,-5,-5,-5,-5,-5,-5
10722,15,-4,3,1,2330,-3,9,4,4176,1600,-2,24000,6400,31000,16000,-2,-2,-2,-2,-2,-2,22000,7000,9000,-5,8000,12000,0,20000,32000,33600,32000,-2,34000,-3
10723,16,-4,2,1,-2,-3,-4,-4,-4,8535,9800,25990,20014,-5,-5,-5,-5,-5,-5,-5,-5,-5,-5,-5,-5,-5,-5,-5,-5,-5,-5,-5,-5,-5,-5
10724,15,-4,3,1,6500,22400,86,94,84554,28500,11060,9921,9200,-5,-5,-5,-5,-5,-5,-5,-5,-5,-5,-5,-5,-5,-5,-5,-5,-5,-5,-5,-5,-5,-5
10725,15,-4,3,1,-3,17132,27,25,20073,4000,-2,16794,14500,-2,25600,9718,-3,19000,23300,22000,25000,28000,31000,50000,29000,44000,138384,50400,42000,57670,71442,64320,75760,79392,87312
10726,15,-4,3,1,-3,-3,23,22,12131,16000,5100,1800,4500,-5,-5,-5,-5,-5,-5,-5,-5,-5,-5,-5,-5,-5,-5,-5,-5,-5,-5,-5,-5,-5,-5
10727,16,-4,2,1,-3,-5,-4,-4,-5,-5,900,3900,-2,-5,-5,-2,-2,-2,30000,27000,25000,-2,-2,22000,49000,23000,-5,-5,75000,80000,150000,60000,140000,95000,47000
10728,15,-4,3,1,6460,6600,68,65,69607,7100,8500,10100,12174,15200,15220,14500,20000,1057448,18200,57700,36400,48400,-2,69100,83700,123000,111200,105328,96440,123440,-2,-2,167400,157400,201680
10729,16,-4,2,1,4316,8000,13,13,18816,-5,-5,-2,-5,-5,-5,-5,-5,-5,-5,-5,-5,-5,-5,-5,-5,-5,-5,-5,-5,-5,-5,-5,-5,-5,-5
10730,16,-4,2,1,6000,-3,43,41,26698,8064,10240,12000,12598,-5,-5,-5,-5,-5,-5,-5,-5,-5,-5,-5,-5,-5,-5,-5,-5,-5,-5,-5,-5,-5,-5
10731,18,-4,3,2,3050,7000,66,80,78903,7050,-2,7000,14003,-5,-5,-5,-5,-5,-5,-5,-5,-5,-5,-5,-5,-5,-5,-5,-5,-5,-5,-5,-5,-5,-5
10732,15,-4,3,1,2910,10000,74,54,60171,13000,18400,-2,36908,-5,-5,-5,-5,-5,-5,-5,-5,-5,-5,-5,-5,-5,-5,-5,-5,-5,-5,-5,-5,-5,-5
10733,19,-4,2,2,4400,6480,26,22,18294,14000,15000,5828,56000,-5,-5,-5,-5,-5,-5,-5,-5,-5,-5,-5,-5,-5,-5,-5,-5,-5,-5,-5,-5,-5,-5
10734,18,-4,3,2,4312,13025,-4,-4,-4,8000,34262,39739,28950,-5,-5,-5,-5,-5,-5,-5,-5,-5,-5,-5,-5,-5,-5,-5,-5,-5,-5,-5,-5,-5,-5
10735,20,-4,1,2,5450,2500,39,44,36938,7184,9000,-2,8150,-5,-5,-5,-5,-5,-5,-5,-5,-5,-5,-5,-5,-5,-5,-5,-5,-5,-5,-5,-5,-5,-5
10736,18,-4,3,2,12280,30000,27,35,27936,7000,35656,40000,35000,-5,-5,-5,-5,-5,-5,-5,-5,-5,-5,-5,-5,-5,-5,-5,-5,-5,-5,-5,-5,-5,-5
10737,15,-4,3,1,4500,6000,49,37,31961,6777,9144,15000,-2,-5,-5,-5,-5,-5,-5,-5,-5,-5,-5,-5,-5,-5,-5,-5,-5,-5,-5,-5,-5,-5,-5
10738,15,-4,3,1,5500,-3,75,71,58926,60000,23816,13800,0,-5,-5,-5,-5,-5,-5,-5,-5,-5,-5,-5,-5,-5,-5,-5,-5,-5,-5,-5,-5,-5,-5
10739,15,-4,3,1,-2,18000,39,39,39173,5822,9000,18249,25382,-5,-5,-5,-5,-5,-5,-5,-5,-5,-5,-5,-5,-5,-5,-5,-5,-5,-5,-5,-5,-5,-5
10740,16,-4,2,1,5426,-3,7,6,6705,-3,8050,-2,10838,-5,29000,-5,-5,-2,1000,9000,12900,-2,-2,15400,-2,36000,-5,-5,5000,3000,27760,-1,-1,9064,-3
10741,20,-4,1,2,-2,6000,-4,-4,-4,20400,24000,33700,-5,-5,-5,-5,-5,-5,-5,-5,-5,-5,-5,-5,-5,-5,-5,-5,-5,-5,-5,-5,-5,-5,-5
10742,17,-4,1,1,7500,9880,28,24,13356,11500,13720,75001,-2,70000,61700,100001,100001,1057448,146942,35500,47500,62800,75500,99000,-2,182964,124000,-1,479983,454737,-5,203000,-5,-5,339000
10743,15,-4,3,1,8500,9500,63,55,43903,9100,8929,14852,10030,-5,-5,-5,-5,-5,-5,-5,-5,-5,-5,-5,-5,-5,-5,-5,-5,-5,-5,-5,-5,-5,-5
10744,18,-4,3,2,4550,13000,68,68,75562,14288,23700,14056,15691,-5,-5,-5,-5,-5,-5,-5,-5,-5,-5,-5,-5,-5,-5,-5,-5,-5,-5,-5,-5,-5,-5
10745,15,-4,3,1,12009,6220,79,77,71115,14900,6710,42363,49200,51560,60800,59900,57500,-3,58300,54100,38400,37150,40710,87383,49100,64000,60650,40400,39000,101900,100150,-2,141040,149520,176000
10746,20,-4,1,2,6000,5000,83,80,80353,8000,6400,8810,-2,-5,-5,-5,-5,-5,-5,-5,-5,-5,-5,-5,-5,-5,-5,-5,-5,-5,-5,-5,-5,-5,-5
10747,15,-4,3,1,-2,10000,60,68,63374,16200,24000,-2,15000,-5,-5,-5,-5,-5,-5,-5,-5,-5,-5,-5,-5,-5,-5,-5,-5,-5,-5,-5,-5,-5,-5
10748,15,-4,3,1,9000,13000,64,78,60761,-5,15000,25000,16461,-5,-5,-5,-5,-5,-5,-5,-5,-5,-5,-5,-5,-5,-5,-5,-5,-5,-5,-5,-5,-5,-5
10749,16,-4,2,1,8000,10000,-4,-4,-4,0,0,0,21900,18000,15560,10055,19088,13000,18550,14050,32000,20000,-5,-5,-5,-5,-5,-5,-5,-5,47000,-5,-5,-5,-5
10750,15,-4,3,1,7200,5600,75,63,57114,9800,17240,-2,22965,-5,-5,-5,-5,-5,-5,-5,-5,-5,-5,-5,-5,-5,-5,-5,-5,-5,-5,-5,-5,-5,-5
10751,18,-4,3,2,4600,24000,48,42,40192,-5,18000,-2,-5,-5,-5,-5,-5,-5,-5,-5,-5,-5,-5,-5,-5,-5,-5,-5,-5,-5,-5,-5,-5,-5,-5
10752,18,-4,3,2,-3,21000,75,70,55606,20000,3721,7608,27100,26800,31010,7800,16500,20000,50000,66100,24600,24600,62500,88100,-2,85800,86000,92400,108000,108352,117600,161025,192000,264000,134792
10753,15,-4,3,1,13315,7578,48,52,44779,12583,11462,21796,-2,-5,-5,-5,-5,-5,-5,-5,-5,-5,-5,-5,-5,-5,-5,-5,-5,-5,-5,-5,-5,-5,-5
10754,16,-4,2,1,2050,6975,49,50,43032,-3,34980,23800,36209,28674,39100,-2,-5,32030,27200,53000,11568,-5,-5,61200,66000,80892,79900,129805,128000,108500,86588,104000,222150,77464,122000
10755,15,-4,3,1,6500,6150,32,35,32036,32499,-2,-2,14520,-5,-5,-5,-5,-5,-5,-5,-5,-5,-5,-5,-5,-5,-5,-5,-5,-5,-5,-5,-5,-5,-5
10756,15,-4,3,1,8800,48000,91,87,83156,25000,22200,70000,75001,80000,23176,-5,75500,53078,52300,69656,90052,160097,189918,116778,244343,-5,-5,-5,-5,-5,440692,-5,219200,-5,-5
10757,15,-4,3,1,11900,18674,76,77,83378,21250,22421,15195,27000,26552,31150,38000,18000,22000,39200,30300,23100,38096,29044,-2,52012,46350,114000,64400,102396,98080,-5,79200,-5,-5,-5
10758,15,-4,3,1,6500,13500,94,90,85321,0,16114,16756,22576,-5,-5,-5,-5,-5,-5,-5,-5,-5,-5,-5,-5,-5,-5,-5,-5,-5,-5,-5,-5,-5,-5
10759,15,-4,3,1,6530,7383,-4,-4,-5,-5,-5,-5,-5,-5,-5,-5,-5,-5,-5,-5,-5,-5,-5,-5,-5,-5,-5,-5,-5,-5,-5,-5,-5,-5,-5
10760,15,-4,3,1,-3,-5,18,15,11743,8021,15669,19085,7300,-5,-5,-5,-5,-5,-5,-5,-5,-5,-5,-5,-5,-5,-5,-5,-5,-5,-5,-5,-5,-5,-5
10761,15,-4,3,1,7528,8400,72,72,66200,17896,-2,16000,6400,-5,-5,-5,-5,-5,-5,-5,-5,-5,-5,-5,-5,-5,-5,-5,-5,-5,-5,-5,-5,-5,-5
10762,15,-4,3,1,7000,7272,38,35,31611,25000,9744,13480,10160,-5,-5,-5,-5,-5,-5,-5,-5,-5,-5,-5,-5,-5,-5,-5,-5,-5,-5,-5,-5,-5,-5
10763,15,-4,3,1,5030,8000,74,68,61772,10248,16000,-2,19040,-5,-5,-5,-5,-5,-5,-5,-5,-5,-5,-5,-5,-5,-5,-5,-5,-5,-5,-5,-5,-5,-5
10764,15,-4,3,1,8900,8430,67,78,58548,8504,9430,12000,-2,-5,-5,-5,-5,-5,-5,-5,-5,-5,-5,-5,-5,-5,-5,-5,-5,-5,-5,-5,-5,-5,-5
10765,17,-4,1,1,12000,7091,33,31,25102,-3,15002,10640,-2,10673,21000,14310,-3,22000,47000,25000,29000,19000,18000,49250,36000,26560,45000,81000,-5,64000,151000,176000,-2,-1,41424
10766,17,-4,1,1,8560,-3,65,54,58441,39000,3843,16748,14000,-5,-5,-5,-5,-5,-5,-5,-5,-5,-5,-5,-5,-5,-5,-5,-5,-5,-5,-5,-5,-5,-5
10767,15,-4,3,1,6320,7367,35,32,35528,34100,47982,3305,61300,15310,15854,57040,16250,44756,-2,48050,49530,39050,46000,55300,70200,-2,86000,26000,22700,61518,52000,59000,61000,187000,-3
10768,15,-4,3,1,7000,7000,71,51,54084,-3,-2,17500,-5,-5,-5,-5,-5,-5,-5,-5,-5,-5,-5,-5,-5,-5,-5,-5,-5,-5,-5,-5,-5,-5,-5
10769,17,-4,1,1,6500,6403,63,45,37227,14000,13000,9351,13450,12844,11000,15000,10000,13000,-5,20130,19000,18850,5300,21000,30000,52500,-5,26010,-5,12000,27000,37600,35000,26000,57000
10770,15,-4,3,1,6000,6576,43,53,52787,6256,8000,13150,11693,-5,-5,-5,-5,-5,-5,-5,-5,-5,-5,-5,-5,-5,-5,-5,-5,-5,-5,-5,-5,-5,-5
10771,15,-4,3,1,5500,6450,57,62,66049,7385,8675,3708,5976,-5,-5,-5,-5,-5,-5,-5,-5,-5,-5,-5,-5,-5,-5,-5,-5,-5,-5,-5,-5,-5,-5
10772,16,-4,2,1,6900,21600,15,14,20001,34700,-2,-2,48000,-5,-5,-5,-5,-5,-5,-5,-5,-5,-5,-5,-5,-5,-5,-5,-5,-5,-5,-5,-5,-5,-5
10773,16,-4,2,1,5000,5000,25,21,12214,-3,1970,-2,8000,-5,-5,-5,-5,-5,-5,-5,-5,-5,-5,-5,-5,-5,-5,-5,-5,-5,-5,-5,-5,-5,-5
10774,15,-4,3,1,6370,36000,91,81,85026,7055,30500,17500,25356,34300,43000,26000,82000,47000,70000,75000,60000,54000,35000,72000,55200,16000,46000,62625,48000,67500,73448,-5,86091,114360,-3
10775,15,-4,3,1,8600,6502,91,86,82429,14235,13037,20675,3728,70000,48000,5800,43620,35000,33140,36300,38700,40110,44500,48800,66000,74500,82500,7648,15000,10000,10000,0,1400,2313,10176
10776,15,-4,3,1,16000,7800,85,90,77059,12300,22750,29300,23300,-5,-5,-5,-5,-5,-5,-5,-5,-5,-5,-5,-5,-5,-5,-5,-5,-5,-5,-5,-5,-5,-5
10777,15,-4,3,1,7500,4000,85,90,90050,15652,19710,20220,17000,-5,-5,-5,-5,-5,-5,-5,-5,-5,-5,-5,-5,-5,-5,-5,-5,-5,-5,-5,-5,-5,-5
10778,15,-4,3,1,6500,-3,82,82,66973,2766,8880,18650,24200,-5,-5,-5,-5,-5,-5,-5,-5,-5,-5,-5,-5,-5,-5,-5,-5,-5,-5,-5,-5,-5,-5
10779,15,-4,3,1,6000,6380,69,56,66897,15744,33136,19144,30200,-5,-5,-5,-5,-5,-5,-5,-5,-5,-5,-5,-5,-5,-5,-5,-5,-5,-5,-5,-5,-5,-5
10780,15,-4,3,1,1800,6000,36,45,41598,6550,8580,6580,8000,-5,-5,-5,-5,-5,-5,-5,-5,-5,-5,-5,-5,-5,-5,-5,-5,-5,-5,-5,-5,-5,-5
10781,15,-4,3,1,4000,6000,46,35,40282,7000,14000,15800,12358,-5,-5,53000,50500,50050,-2,63000,43100,47095,43080,60150,-2,-5,-1,96688,104000,82573,108000,106344,77200,155600,-3
10782,15,-4,3,1,7500,-5,-4,-4,-4,5600,6700,9800,13000,-5,-5,-5,-5,-5,-5,-5,-5,-5,-5,-5,-5,-5,-5,-5,-5,-5,-5,-5,-5,-5,-5
10783,15,-4,3,1,3335,-5,67,76,76922,7040,8405,9835,15215,18070,24400,-2,31100,36500,49500,54100,44140,41400,39100,46587,55130,59000,67800,68000,85000,92500,113000,118000,115200,124000,64000
10784,15,-4,3,1,-3,-5,-4,-4,-5,-5,-5,-5,-5,-5,-5,-5,-5,-5,-5,-5,-5,-5,-5,-5,-5,-5,-5,-5,-5,-5,-5,-5,-5,-5,-5
10785,15,-4,3,1,6000,-5,-4,-4,-5,-5,8000,9000,-2,-5,-5,-5,-5,-5,-5,-5,-5,-5,-5,-5,-5,-5,-5,-5,-5,-5,-5,-5,-5,-5,-5
10786,15,-4,3,1,5000,5600,27,29,30334,6400,32000,3870,-2,-5,-5,-5,-5,-5,-5,-5,-5,-5,-5,-5,-5,-5,-5,-5,-5,-5,-5,-5,-5,-5,-5
10787,15,-4,3,1,5600,16500,43,43,33796,12000,16000,15200,22750,-5,-5,-5,-5,-5,-5,-5,-5,-5,-5,-5,-5,-5,-5,-5,-5,-5,-5,-5,-5,-5,-5
10788,15,-4,3,1,12048,-5,40,41,33530,-5,13500,12005,10600,-5,-5,-5,-5,-5,-5,-5,-5,-5,-5,-5,-5,-5,-5,-5,-5,-5,-5,-5,-5,-5,-5
10789,16,-4,2,1,6000,7500,40,48,48191,8900,8000,10000,12218,11000,16000,17010,29502,16520,17816,17112,17000,-2,19100,22000,24000,-2,50000,-2,44000,8880,15300,16340,16080,16560,-5
10790,16,-4,2,1,7200,8088,58,67,70113,12900,11308,14100,13618,19268,21800,23500,23000,19045,27008,28500,42000,33000,31500,69800,42800,34000,84280,81200,92200,117500,105000,108500,122000,131300,162000
10791,16,-4,2,1,7620,9800,-4,-4,-4,10600,-5,14781,17500,-5,-5,-5,-5,-5,-5,-5,-5,-5,-5,-5,-5,-5,-5,-5,-5,-5,-5,-5,-5,-5,-5
10792,18,-4,3,2,-2,11488,56,58,53903,-3,11308,14500,13618,-5,-5,-5,-5,-5,-5,-5,-5,-5,-5,-5,-5,-5,-5,-5,-5,-5,-5,-5,-5,-5,-5
10793,18,-4,3,2,12360,19674,68,74,71889,12510,31253,12470,34253,-5,-5,-5,-5,-5,-5,-5,-5,-5,-5,-5,-5,-5,-5,-5,-5,-5,-5,-5,-5,-5,-5
10794,19,10092,2,2,10092,6000,27,33,33162,56000,10410,15626,24244,-5,-5,-5,-5,-5,-5,-5,-5,-5,-5,-5,-5,-5,-5,-5,-5,-5,-5,-5,-5,-5,-5
10795,15,-4,3,1,6000,13000,25,21,20865,8016,28880,4469,3875,-5,-5,-5,-5,-5,-5,-5,-5,-5,-5,-5,-5,-5,-5,-5,-5,-5,-5,-5,-5,-5,-5
10796,16,-4,2,1,5000,14801,16,13,13053,8200,9407,-2,4000,-5,-5,-5,-5,-5,-5,-5,-5,-5,-5,-5,-5,-5,-5,-5,-5,-5,-5,-5,-5,-5,-5
10797,16,-4,2,1,6000,6000,45,40,30841,8000,10000,10380,11050,-5,-5,-5,-5,-5,-5,-5,-5,-5,-5,-5,-5,-5,-5,-5,-5,-5,-5,-5,-5,-5,-5
10798,19,-4,2,2,5000,6200,46,38,37092,7200,10000,17000,23165,-5,-5,-5,-5,-5,-5,-5,-5,-5,-5,-5,-5,-5,-5,-5,-5,-5,-5,-5,-5,-5,-5
10799,16,-4,2,1,7000,7750,17,17,16028,8200,7000,10100,14900,13727,18200,18300,-5,19800,22000,25000,31000,34000,33000,35000,47000,52000,47600,-5,82000,220800,119500,19800,77024,116600,95000
10800,18,-4,3,2,8000,24500,46,54,44628,19261,2444,3540,5724,-5,-5,-5,-5,-5,-5,-5,-5,-5,-5,-5,-5,-5,-5,-5,-5,-5,-5,-5,-5,-5,-5
10801,15,-4,3,1,7500,10300,44,46,47288,16130,21840,27300,24980,-5,-5,-5,-5,-5,-5,-5,-5,-5,-5,-5,-5,-5,-5,-5,-5,-5,-5,-5,-5,-5,-5
10802,18,-4,3,2,14000,12600,41,43,39520,12492,9500,-5,-5,-5,-5,-5,-5,-5,-5,-5,-5,-5,-5,-5,-5,-5,-5,-5,-5,-5,-5,-5,-5,-5,-5
10803,17,-4,1,1,5000,-5,-4,-4,-4,3162,-5,1100,11080,22012,13200,13300,-5,15734,24654,19058,21000,25000,23200,38500,22798,23600,31980,37000,44400,36000,214400,-5,-5,-5,-5
10804,16,-4,2,1,5000,6100,68,61,58085,13650,16994,23410,26600,22125,30800,40800,-2,0,50000,3500,1566,3555,10000,-2,65000,72300,-2,-2,125200,120000,-2,32000,25000,51086,85000
10805,18,-2,3,2,-2,12000,23,21,14716,24000,17000,18100,10180,-5,-5,-5,-5,-5,-5,-5,-5,-5,-5,-5,-5,-5,-5,-5,-5,-5,-5,-5,-5,-5,-5
10806,18,-4,3,2,2600,32000,26,20,11486,4610,13584,3060,4200,-5,-5,-5,-5,-5,-5,-5,-5,-5,-5,-5,-5,-5,-5,-5,-5,-5,-5,-5,-5,-5,-5
10807,18,-4,3,2,9500,10320,-4,-4,-4,51100,25000,26025,29940,-5,-5,-5,-5,-5,-5,-5,-5,-5,-5,-5,-5,-5,-5,-5,-5,-5,-5,-5,-5,-5,-5
10808,18,-4,3,2,9000,18000,77,68,70166,13421,1500,18000,26260,-5,-5,-5,-5,-5,-5,-5,-5,-5,-5,-5,-5,-5,-5,-5,-5,-5,-5,-5,-5,-5,-5
10809,19,-4,2,2,5220,6480,27,25,27163,27019,17928,22000,-2,-5,-5,-5,-5,-5,-5,-5,-5,-5,-5,-5,-5,-5,-5,-5,-5,-5,-5,-5,-5,-5,-5
10810,19,-4,2,2,2300,6363,13,14,9233,7257,25680,-5,-5,-5,-5,-5,-5,-5,-5,-5,-5,-5,-5,-5,-5,-5,-5,-5,-5,-5,-5,-5,-5,-5,-5
10811,18,-4,3,2,5200,11500,77,73,72385,19500,-2,-2,32200,35200,-2,-2,-2,25030,33740,40260,52000,-2,39000,49200,63200,16660,-2,40200,44800,-2,-2,74158,105640,83940,84658
10812,15,-4,3,1,-2,10572,60,45,35314,12050,13298,23600,20930,-5,-5,-5,-5,-5,-5,-5,-5,-5,-5,-5,-5,-5,-5,-5,-5,-5,-5,-5,-5,-5,-5
10813,16,-4,2,1,3700,-3,34,29,27233,-3,-2,-2,2158,-5,-5,-5,-5,-5,-5,-5,-5,-5,-5,-5,-5,-5,-5,-5,-5,-5,-5,-5,-5,-5,-5
10814,19,-4,2,2,-3,13000,14,16,16428,20000,23000,-2,21300,-5,-5,-5,-5,-5,-5,-5,-5,-5,-5,-5,-5,-5,-5,-5,-5,-5,-5,-5,-5,-5,-5
10815,19,-2,2,2,-2,1648,-4,-4,-4,15428,-5,12000,-2,-5,-5,-5,-5,-5,-5,-5,-5,-5,-5,-5,-5,-5,-5,-5,-5,-5,-5,-5,-5,-5,-5
10816,18,-4,3,2,-2,6960,25,29,30220,7177,9485,13000,45800,-5,-5,-5,-5,-5,-5,-5,-5,-5,-5,-5,-5,-5,-5,-5,-5,-5,-5,-5,-5,-5,-5
10817,15,-4,3,1,950,-3,37,32,29277,7990,7010,-2,40,-5,-5,-5,-5,-5,-5,-5,-5,-5,-5,-5,-5,-5,-5,-5,-5,-5,-5,-5,-5,-5,-5
10818,20,-4,1,2,-2,17000,84,80,78419,-3,3648,21592,10475,8500,5680,42480,36580,46820,42261,-2,-1,-1,-2,-2,-1,-5,-5,-5,-5,-5,-1,-1,17112,35152,-3
10819,15,-4,3,1,6400,6000,27,23,28578,15000,22100,38000,29000,35500,39000,41000,44000,39000,44500,45000,38000,37000,41000,6000,-2,-2,42420,25000,40000,44000,31000,38296,41380,38964,40348
10820,15,-4,3,1,6000,7000,25,26,27282,30000,24000,-2,19500,-5,-5,-5,-5,-5,-5,-5,-5,-5,-5,-5,-5,-5,-5,-5,-5,-5,-5,-5,-5,-5,-5
10821,17,-4,1,1,4500,5000,36,43,35818,10400,40000,12634,-1,22550,-2,79000,21000,49000,37100,-5,-2,-2,-2,31200,53000,-5,-5,-5,51800,-5,-5,-5,-5,-5,-3
10822,15,-4,3,1,5000,5625,41,37,31724,-5,8500,14000,5625,-5,-5,-5,-5,-5,-5,-5,-5,-5,-5,-5,-5,-5,-5,-5,-5,-5,-5,-5,-5,-5,-5
10823,16,-4,2,1,2500,6000,48,42,40582,6500,800,24600,17000,-5,-5,-5,-5,-5,-5,-5,-5,-5,-5,-5,-5,-5,-5,-5,-5,-5,-5,-5,-5,-5,-5
10824,15,-4,3,1,6000,18885,96,95,87233,18275,23104,20968,36512,-5,-5,-5,-5,-5,-5,-5,-5,-5,-5,-5,-5,-5,-5,-5,-5,-5,-5,-5,-5,-5,-5
10825,15,-4,3,1,6000,6550,-4,-4,-4,7600,10000,6500,10900,-5,-5,-5,-5,-5,-5,-5,-5,-5,-5,-5,-5,-5,-5,-5,-5,-5,-5,-5,-5,-5,-5
10826,15,-4,3,1,5000,5090,28,31,26656,4600,7900,17800,13345,-5,-5,-5,-5,-5,-5,-5,-5,-5,-5,-5,-5,-5,-5,-5,-5,-5,-5,-5,-5,-5,-5
10827,16,-4,2,1,3400,6010,-4,-4,-5,-5,-2,8881,16000,15700,17500,23200,21010,-2,25000,18324,1952,4500,6000,12000,244,10000,-5,-5,2500,1480,2400,2420,11910,31890,24300
10828,18,-4,3,2,6000,25090,82,78,62756,7000,17900,29400,37350,-5,-5,-5,-5,-5,-5,-5,-5,-5,-5,-5,-5,-5,-5,-5,-5,-5,-5,-5,-5,-5,-5
10829,18,-4,3,2,13000,13175,63,70,57075,10000,14020,20820,17617,-5,-5,-5,-5,-5,-5,-5,-5,-5,-5,-5,-5,-5,-5,-5,-5,-5,-5,-5,-5,-5,-5
10830,15,-4,3,1,5804,6000,94,94,96949,8500,-5,11500,-5,-5,-5,-5,-5,-5,-5,-5,-5,-5,-5,-5,-5,-5,-5,-5,-5,-5,-5,-5,-5,-5,-5
10831,16,-4,2,1,5600,5000,14,12,8961,7300,900,11000,11000,11000,22500,29400,16000,15223,16000,-2,43200,88000,63650,58100,40100,45000,63200,64148,83800,57500,-5,-5,-5,-5,-5
10832,19,-4,2,2,5574,12200,49,47,51816,9142,12030,11575,43336,-5,-5,-5,-5,-5,-5,-5,-5,-5,-5,-5,-5,-5,-5,-5,-5,-5,-5,-5,-5,-5,-5
10833,18,21000,3,2,21000,18550,70,68,75331,24362,21936,31686,23760,-5,-5,-5,-5,-5,-5,-5,-5,-5,-5,-5,-5,-5,-5,-5,-5,-5,-5,-5,-5,-5,-5
10834,17,-4,1,1,3582,5374,65,52,43116,-3,14000,-2,-2,-5,-5,-5,-5,-5,-5,-5,-5,-5,-5,-5,-5,-5,-5,-5,-5,-5,-5,-5,-5,-5,-5
10835,18,-4,3,2,7500,18475,53,48,37404,23898,17235,23191,33200,-5,-5,-5,-5,-5,-5,-5,-5,-5,-5,-5,-5,-5,-5,-5,-5,-5,-5,-5,-5,-5,-5
10836,15,-4,3,1,5620,6300,64,62,50568,39052,10210,17000,16000,-5,-5,-5,-5,-5,-5,-5,-5,-5,-5,-5,-5,-5,-5,-5,-5,-5,-5,-5,-5,-5,-5
10837,19,-4,2,2,-3,13000,88,92,94230,24100,17767,20671,12451,-5,-5,-5,-5,-5,-5,-5,-5,-5,-5,-5,-5,-5,-5,-5,-5,-5,-5,-5,-5,-5,-5
10838,15,-4,3,1,6100,6996,85,73,71450,13515,-2,32121,15696,-5,-5,-5,-5,-5,-5,-5,-5,-5,-5,-5,-5,-5,-5,-5,-5,-5,-5,-5,-5,-5,-5
10839,15,-4,3,1,5950,-3,56,56,49813,75001,-2,10756,14000,-5,-5,-5,-5,-5,-5,-5,-5,-5,-5,-5,-5,-5,-5,-5,-5,-5,-5,-5,-5,-5,-5
10840,15,-4,3,1,6000,55000,87,70,70372,50000,45000,55000,19752,-5,-5,-5,-5,-5,-5,-5,-5,-5,-5,-5,-5,-5,-5,-5,-5,-5,-5,-5,-5,-5,-5
10841,16,-4,2,1,5000,-3,27,27,26451,6538,8000,39000,30000,-2,20478,62700,23500,25030,25300,-2,-2,-2,64155,73000,24000,24000,-2,-2,34000,32000,42000,42000,-2,23000,63000
10842,17,-4,1,1,5365,9300,16,16,14302,7370,27000,-2,25779,-5,-5,-5,-5,-5,-5,-5,-5,-5,-5,-5,-5,-5,-5,-5,-5,-5,-5,-5,-5,-5,-5
10843,15,-4,3,1,9000,6000,46,46,48237,12079,9060,11222,12000,-5,-5,-5,-5,-5,-5,-5,-5,-5,-5,-5,-5,-5,-5,-5,-5,-5,-5,-5,-5,-5,-5
10844,16,-4,2,1,3046,6000,10,13,20076,6652,8300,10000,10867,-2,13000,18000,17000,24000,18000,28572,32000,24900,34000,32000,-1,56000,50000,67000,64000,92000,440692,128600,34480,83500,86000
10845,15,-3,3,1,-3,0,49,46,44762,10704,16321,16300,17127,-5,-5,-5,-5,-5,-5,-5,-5,-5,-5,-5,-5,-5,-5,-5,-5,-5,-5,-5,-5,-5,-5
10846,15,-4,3,1,4730,-3,32,38,26478,30280,19000,9352,16464,-5,-5,-5,-5,-5,-5,-5,-5,-5,-5,-5,-5,-5,-5,-5,-5,-5,-5,-5,-5,-5,-5
10847,16,-4,2,1,7340,7500,19,20,12506,0,9000,-2,-2,-5,-5,-5,-5,-5,-5,-5,-5,-5,-5,-5,-5,-5,-5,-5,-5,-5,-5,-5,-5,-5,-5
10848,16,-4,2,1,5820,1613,30,22,20721,-3,3000,-2,8550,-5,-5,-5,-5,-5,-5,-5,-5,-5,-5,-5,-5,-5,-5,-5,-5,-5,-5,-5,-5,-5,-5
10849,15,22000,3,1,22000,13099,42,31,26024,10051,19500,-2,4000,-5,15000,-5,-5,-5,-5,-5,17760,20400,-2,-5,30090,8287,-5,-5,-5,-5,-5,-5,-5,-5,-5
10850,15,-4,3,1,6300,7000,91,86,78186,7479,-5,13900,18000,-5,-5,-5,-5,-5,-5,-5,-5,-5,-5,-5,-5,-5,-5,-5,-5,-5,-5,-5,-5,-5,-5
10851,16,-4,2,1,-2,-5,-4,-4,-5,-5,13000,-2,-2,-5,-5,-5,-5,-5,-5,-5,-5,-5,-5,-5,-5,-5,-5,-5,-5,-5,-5,-5,-5,-5,-5
10852,17,-4,1,1,5500,-3,9,9,12210,10000,13000,12000,14001,-5,-5,-5,-5,-5,-5,-5,-5,-5,-5,-5,-5,-5,-5,-5,-5,-5,-5,-5,-5,-5,-5
10853,16,-4,2,1,5028,6183,5,5,5233,13574,-2,22480,-5,-5,-5,-5,-5,-5,-5,-5,-5,-5,-5,-5,-5,-5,-5,-5,-5,-5,-5,-5,-5,-5,-5
10854,15,-4,3,1,5496,9996,16,13,10642,14551,19000,24003,27680,35500,36000,33000,32000,31500,24000,26000,21500,22000,23000,18000,-5,22000,24000,13700,25000,20000,25000,20000,20000,9679,9000
10855,16,-4,2,1,5820,5300,6,7,7888,42800,9500,-2,-2,16000,35000,10000,-2,15000,-3,19720,19000,21000,22000,28000,25000,37000,42420,37000,40000,48000,48000,40000,48000,56700,57000
10856,15,-4,3,1,5500,6550,41,32,28509,7650,8500,10000,23000,-5,-5,-5,-5,-5,-5,-5,-5,-5,-5,-5,-5,-5,-5,-5,-5,-5,-5,-5,-5,-5,-5
10857,15,-4,3,1,5908,23000,26,25,18061,26000,6000,6809,6500,-5,-5,-5,-5,-5,-5,-5,-5,-5,-5,-5,-5,-5,-5,-5,-5,-5,-5,-5,-5,-5,-5
10858,17,-4,1,1,-3,12286,40,43,35241,14423,27900,30500,38100,-5,-5,-5,-5,-5,-5,-5,-5,-5,-5,-5,-5,-5,-5,-5,-5,-5,-5,-5,-5,-5,-5
10859,16,-3,2,1,-3,17000,35,38,40394,75001,23000,14489,-2,-5,-5,-5,-5,-5,-5,-5,-5,-5,-5,-5,-5,-5,-5,-5,-5,-5,-5,-5,-5,-5,-5
10860,15,-4,3,1,6100,5765,25,29,31831,-3,8500,10000,-2,-5,-5,-5,-5,-5,-5,-5,-5,-5,-5,-5,-5,-5,-5,-5,-5,-5,-5,-5,-5,-5,-5
10861,19,-4,2,2,4080,31966,7,8,4976,7566,31000,34000,18081,-5,-5,-5,-5,-5,-5,-5,-5,-5,-5,-5,-5,-5,-5,-5,-5,-5,-5,-5,-5,-5,-5
10862,19,-4,2,2,-3,-5,32,36,31478,-3,11030,27136,35366,-5,-5,-5,-5,-5,-5,-5,-5,-5,-5,-5,-5,-5,-5,-5,-5,-5,-5,-5,-5,-5,-5
10863,18,-4,3,2,1600,5536,46,42,35765,6400,14000,19100,-2,-5,-5,-5,-5,-5,-5,-5,-5,-5,-5,-5,-5,-5,-5,-5,-5,-5,-5,-5,-5,-5,-5
10864,19,-4,2,2,-2,-5,-4,-4,-5,-5,20528,26000,26284,-5,-5,-5,-5,-5,-5,-5,-5,-5,-5,-5,-5,-5,-5,-5,-5,-5,-5,-5,-5,-5,-5
10865,20,-4,1,2,6690,8000,39,29,33110,-5,20000,26700,22400,-5,-5,-5,-5,-5,-5,-5,-5,-5,-5,-5,-5,-5,-5,-5,-5,-5,-5,-5,-5,-5,-5
10866,16,-4,2,1,3208,-3,14,9,7419,-3,14760,-2,11000,-5,-5,-5,-5,-5,-5,-5,-5,-5,-5,-5,-5,-5,-5,-5,-5,-5,-5,-5,-5,-5,-5
10867,16,-4,2,1,12500,-5,17,21,21440,7490,12636,-5,20000,-5,-5,-5,-5,-5,-5,-5,-5,-5,-5,-5,-5,-5,-5,-5,-5,-5,-5,-5,-5,-5,-5
10868,18,-4,3,2,-2,7440,63,43,50447,12000,14300,-2,40000,-5,-5,-5,-5,-5,-5,-5,-5,-5,-5,-5,-5,-5,-5,-5,-5,-5,-5,-5,-5,-5,-5
10869,19,-2,2,2,-2,17340,10,7,5249,-5,-5,-5,-5,-5,-5,-5,-5,-5,-5,-5,-5,-5,-5,-5,-5,-5,-5,-5,-5,-5,-5,-5,-5,-5,-5
10870,19,-4,2,2,2200,6000,52,57,55747,6300,7000,11100,13300,-5,-5,-5,-5,-5,-5,-5,-5,-5,-5,-5,-5,-5,-5,-5,-5,-5,-5,-5,-5,-5,-5
10871,18,-4,3,2,3290,35000,-4,-4,-4,10973,16500,-2,22100,-5,-5,-5,-5,-5,-5,-5,-5,-5,-5,-5,-5,-5,-5,-5,-5,-5,-5,-5,-5,-5,-5
10872,19,-4,2,2,4320,12131,77,74,65529,24730,32132,29030,30925,-5,-5,-5,-5,-5,-5,-5,-5,-5,-5,-5,-5,-5,-5,-5,-5,-5,-5,-5,-5,-5,-5
10873,16,-4,2,1,5500,10000,34,37,33168,10000,25000,12325,16159,-5,-5,-5,-5,-5,-5,-5,-5,-5,-5,-5,-5,-5,-5,-5,-5,-5,-5,-5,-5,-5,-5
10874,18,-4,3,2,5400,6750,71,70,60108,7639,6180,12260,13524,-5,-5,-5,-5,-5,-5,-5,-5,-5,-5,-5,-5,-5,-5,-5,-5,-5,-5,-5,-5,-5,-5
10875,15,-4,3,1,-2,-5,40,38,36699,10700,10755,-2,-5,-5,-5,-5,-5,-5,-5,-5,-5,-5,-5,-5,-5,-5,-5,-5,-5,-5,-5,-5,-5,-5,-5
10876,18,-4,3,2,6000,12000,25,26,17919,-5,-2,18625,18470,-5,-5,-5,-5,-5,-5,-5,-5,-5,-5,-5,-5,-5,-5,-5,-5,-5,-5,-5,-5,-5,-5
10877,15,-4,3,1,6320,30000,45,47,39737,40000,10000,9540,35000,-5,-5,-5,-5,-5,-5,-5,-5,-5,-5,-5,-5,-5,-5,-5,-5,-5,-5,-5,-5,-5,-5
10878,18,-4,3,2,5280,13680,27,24,14709,14265,-5,10200,10625,-5,-5,-5,-5,-5,-5,-5,-5,-5,-5,-5,-5,-5,-5,-5,-5,-5,-5,-5,-5,-5,-5
10879,18,-4,3,2,4000,6000,32,37,32839,7000,-2,7962,8655,-5,-5,-5,-5,-5,-5,-5,-5,-5,-5,-5,-5,-5,-5,-5,-5,-5,-5,-5,-5,-5,-5
10880,18,-4,3,2,-2,12000,54,65,52113,14100,18050,32000,10500,-5,-5,-5,-5,-5,-5,-5,-5,-5,-5,-5,-5,-5,-5,-5,-5,-5,-5,-5,-5,-5,-5
10881,15,-4,3,1,4800,5900,86,84,90877,9300,12927,12030,15132,-5,-5,-5,-5,-5,-5,-5,-5,-5,-5,-5,-5,-5,-5,-5,-5,-5,-5,-5,-5,-5,-5
10882,17,-4,1,1,3664,7500,50,63,50756,7600,5850,4144,10000,11700,14000,12000,17000,21820,19000,26100,25000,24000,25000,27100,52000,35000,78000,48000,55600,37400,35000,31240,58000,54600,73000
10883,16,-3,2,1,-3,20000,26,21,20426,9000,-2,-5,-5,-5,-5,19035,18017,23200,23030,-5,-5,-5,-5,20000,25000,36800,-2,-5,-5,6720,10500,2280,3500,-5,-5
10884,15,-4,3,1,6310,14402,58,63,62334,8615,12748,34000,25379,-5,-5,-5,-5,-5,-5,-5,-5,-5,-5,-5,-5,-5,-5,-5,-5,-5,-5,-5,-5,-5,-5
10885,15,-4,3,1,7000,-5,62,63,43787,10000,30000,19213,-2,-5,-5,-5,-5,-5,-5,-5,-5,-5,-5,-5,-5,-5,-5,-5,-5,-5,-5,-5,-5,-5,-5
10886,15,-4,3,1,6840,10535,88,95,92595,8277,15000,13749,11166,-5,-5,-5,-5,-5,-5,-5,-5,-5,-5,-5,-5,-5,-5,-5,-5,-5,-5,-5,-5,-5,-5
10887,15,-4,3,1,5450,5495,47,59,55903,-3,62002,3635,-2,-5,-5,-5,-5,-5,-5,-5,-5,-5,-5,-5,-5,-5,-5,-5,-5,-5,-5,-5,-5,-5,-5
10888,15,-4,3,1,-3,5825,74,77,80672,7625,8562,13200,75001,-5,-5,-5,-5,-5,-5,-5,-5,-5,-5,-5,-5,-5,-5,-5,-5,-5,-5,-5,-5,-5,-5
10889,15,-4,3,1,14980,9085,49,46,46847,15100,22800,9200,11901,-5,-5,-5,-5,-5,-5,-5,-5,-5,-5,-5,-5,-5,-5,-5,-5,-5,-5,-5,-5,-5,-5
10890,15,-4,3,1,5600,6600,97,95,91641,6648,40000,39296,47000,55000,6530,21100,26200,30500,29200,32500,54600,52500,47500,60200,68800,-5,-5,-5,-5,-5,-5,-5,-5,-5,177500
10891,15,-4,3,1,6904,5710,42,45,53298,7100,10504,16005,13000,18000,31010,25000,-3,36050,32100,25425,20000,24057,25540,-1,27600,30000,31000,-2,29385,26778,36211,35557,21000,17469,21600
10892,15,-4,3,1,2020,5200,79,80,78949,7315,20000,33000,5153,-5,-5,-5,-5,-5,-5,-5,-5,-5,-5,-5,-5,-5,-5,-5,-5,-5,-5,-5,-5,-5,-5
10893,16,-4,2,1,15200,0,30,28,25470,0,10600,10971,13000,-2,-5,-5,-5,8840,12000,12279,14820,11000,15000,13000,9000,20000,28000,49000,43400,49000,50000,60200,50000,67700,-3
10894,16,-4,2,1,6270,6825,63,54,47506,1792,18850,17750,22550,28800,-2,-2,58150,72021,68500,58800,81600,90200,-2,103200,103000,115502,61000,76000,85000,95050,73060,110000,96900,78096,398040
10895,15,-4,3,1,8531,0,16,15,21232,-5,11050,10876,18102,-5,-5,-5,-5,-5,-5,-5,-5,-5,-5,-5,-5,-5,-5,-5,-5,-5,-5,-5,-5,-5,-5
10896,16,-4,2,1,5000,6000,19,21,25902,5000,6000,32000,14000,-5,-5,-5,-5,-5,-5,-5,-5,-5,-5,-5,-5,-5,-5,-5,-5,-5,-5,-5,-5,-5,-5
10897,16,-4,2,1,-2,-5,-4,-4,-5,-5,-2,-2,16000,-5,-5,-5,-5,-5,-5,-5,-5,-5,-5,-5,-5,-5,-5,-5,-5,-5,-5,-5,-5,-5,-5
10898,19,-4,2,2,13640,9593,22,26,18286,22337,37200,18493,50000,-5,-5,-5,-5,-5,-5,-5,-5,-5,-5,-5,-5,-5,-5,-5,-5,-5,-5,-5,-5,-5,-5
10899,16,-4,2,1,9014,4063,-4,-4,-4,9000,18080,8705,11000,-5,-5,-5,-5,-5,-5,-5,-5,-5,-5,-5,-5,-5,-5,-5,-5,-5,-5,-5,-5,-5,-5
10900,18,-4,3,2,-2,5699,31,27,30780,11940,3547,4168,5088,-5,-5,-5,-5,-5,-5,-5,-5,-5,-5,-5,-5,-5,-5,-5,-5,-5,-5,-5,-5,-5,-5
10901,18,-4,3,2,5362,6219,30,31,28733,15000,16365,6036,5700,-5,-5,-5,-5,-5,-5,-5,-5,-5,-5,-5,-5,-5,-5,-5,-5,-5,-5,-5,-5,-5,-5
10902,15,-4,3,1,5690,7500,43,48,49611,7600,-2,22636,25081,-5,-5,-5,-5,-5,-5,-5,-5,-5,-5,-5,-5,-5,-5,-5,-5,-5,-5,-5,-5,-5,-5
10903,16,-4,2,1,4800,-3,27,39,44867,10000,9500,19489,-2,-5,-5,-5,-5,-5,-5,-5,-5,-5,-5,-5,-5,-5,-5,-5,-5,-5,-5,-5,-5,-5,-5
10904,18,-4,3,2,4800,9500,67,63,61944,9800,9000,9592,22530,-5,-5,-5,-5,-5,-5,-5,-5,-5,-5,-5,-5,-5,-5,-5,-5,-5,-5,-5,-5,-5,-5
10905,15,-4,3,1,7500,2800,-4,-4,-4,8000,7010,17000,14000,-5,-5,-5,-5,-5,-5,-5,-5,-5,-5,-5,-5,-5,-5,-5,-5,-5,-5,-5,-5,-5,-5
10906,19,-4,2,2,7000,13000,72,57,62814,14334,18104,19000,26000,-5,-5,-5,-5,-5,-5,-5,-5,-5,-5,-5,-5,-5,-5,-5,-5,-5,-5,-5,-5,-5,-5
10907,15,-4,3,1,5875,6036,17,19,24368,40000,52000,-5,-5,-5,-5,-5,-5,-5,-5,-5,-5,-5,-5,-5,-5,-5,-5,-5,-5,-5,-5,-5,-5,-5,-5
10908,16,-4,2,1,-2,7286,14,12,4708,7000,7675,-2,-2,-2,-2,22550,-2,16175,-2,0,12332,-1,18264,-2,-2,18000,3510,21448,36756,60400,-2,46400,32400,37128,62400
10909,15,-4,3,1,11000,9000,65,49,38854,13500,22000,25000,15360,-5,-5,-5,-5,-5,-5,-5,-5,-5,-5,-5,-5,-5,-5,-5,-5,-5,-5,-5,-5,-5,-5
10910,15,-4,3,1,3580,3520,-4,-4,-4,7200,25000,19000,18600,-5,-5,-5,-5,-5,-5,-5,-5,-5,-5,-5,-5,-5,-5,-5,-5,-5,-5,-5,-5,-5,-5
10911,15,-4,3,1,6000,-3,15,18,10723,-3,23000,-2,-2,-5,-5,-5,-5,-5,17000,13600,15000,17500,25000,22000,-2,31000,20000,22400,22000,26000,24852,0,20000,18000,18571
10912,15,-4,3,1,9500,-5,-4,-4,-4,10160,900,7789,7954,-5,-5,-5,-5,-5,-5,-5,-5,-5,-5,-5,-5,-5,-5,-5,-5,-5,-5,-5,-5,-5,-5
10913,16,-4,2,1,6026,11749,56,54,50012,8170,8995,8178,-2,20000,20005,-2,20000,94300,-5,-5,18000,13532,-2,80,-2,-2,-2,-5,20950,-2,500,-5,-5,-5,-5
10914,15,-4,3,1,6000,40000,45,49,47520,52000,75000,-2,75001,-5,-5,-5,-5,-5,-5,-5,-5,-5,-5,-5,-5,-5,-5,-5,-5,-5,-5,-5,-5,-5,-5
10915,15,-4,3,1,-3,45000,62,53,37755,65000,50000,-2,-2,-5,-5,-5,-5,-5,-5,-5,-5,-5,-5,-5,-5,-5,-5,-5,-5,-5,-5,-5,-5,-5,-5
10916,15,-4,3,1,-2,-3,87,85,87026,19201,75001,24651,18121,-5,-5,-5,-5,-5,-5,-5,-5,-5,-5,-5,-5,-5,-5,-5,-5,-5,-5,-5,-5,-5,-5
10917,15,-4,3,1,5080,0,73,63,63883,7971,17184,11000,12500,-5,-5,-5,-5,-5,-5,-5,-5,-5,-5,-5,-5,-5,-5,-5,-5,-5,-5,-5,-5,-5,-5
10918,16,-4,2,1,5880,6500,46,53,47801,7310,9000,4555,5459,-5,-5,-5,-5,-5,-5,-5,-5,-5,-5,-5,-5,-5,-5,-5,-5,-5,-5,-5,-5,-5,-5
10919,15,-4,3,1,9230,5500,83,74,64716,7284,14800,19000,57000,-5,-5,-5,-5,-5,-5,-5,-5,-5,-5,-5,-5,-5,-5,-5,-5,-5,-5,-5,-5,-5,-5
10920,16,-4,2,1,5240,5700,49,47,49961,6657,8300,10800,21415,-5,-5,-5,-5,-5,-5,-5,-5,-5,-5,-5,-5,-5,-5,-5,-5,-5,-5,-5,-5,-5,-5
10921,16,-4,2,1,11428,8038,22,19,12601,12389,16000,15000,15000,-5,-5,-5,-5,-5,-5,-5,-5,-5,-5,-5,-5,-5,-5,-5,-5,-5,-5,-5,-5,-5,-5
10922,15,-4,3,1,4200,7550,58,48,44035,9000,10257,37384,49920,-5,-5,-5,-5,-5,-5,-5,-5,-5,-5,-5,-5,-5,-5,-5,-5,-5,-5,-5,-5,-5,-5
10923,18,-4,3,2,1010,5010,57,49,53958,5000,7329,-2,2950,-5,-5,-5,-5,-5,-5,-5,-5,-5,-5,-5,-5,-5,-5,-5,-5,-5,-5,-5,-5,-5,-5
10924,18,-4,3,2,3700,5000,87,90,85278,7590,18000,29000,41384,-5,-5,-5,-5,-5,-5,-5,-5,-5,-5,-5,-5,-5,-5,-5,-5,-5,-5,-5,-5,-5,-5
10925,20,-4,1,2,1534,15074,29,32,21047,22336,25500,-2,29540,-5,-5,-5,-5,-5,-5,-5,-5,-5,-5,-5,-5,-5,-5,-5,-5,-5,-5,-5,-5,-5,-5
10926,19,-4,2,2,-3,23261,93,90,76911,-3,27600,26880,43850,-5,-5,-5,-5,-5,-5,-5,-5,-5,-5,-5,-5,-5,-5,-5,-5,-5,-5,-5,-5,-5,-5
10927,16,-4,2,1,5775,50000,95,96,89276,15000,16000,17500,32000,-5,-5,-5,-5,-5,-5,-5,-5,-5,-5,-5,-5,-5,-5,-5,-5,-5,-5,-5,-5,-5,-5
10928,15,-4,3,1,7457,9700,67,62,62632,14500,39000,16200,22000,-5,-5,-5,-5,-5,-5,-5,-5,-5,-5,-5,-5,-5,-5,-5,-5,-5,-5,-5,-5,-5,-5
10929,18,-4,3,2,6320,-3,67,66,60164,10000,-1,-5,-5,-5,-5,-5,-5,-5,-5,-5,-5,-5,-5,-5,-5,-5,-5,-5,-5,-5,-5,-5,-5,-5,-5
10930,18,-4,3,2,11140,19010,84,87,89914,14051,25220,26251,10521,-5,-5,-5,-5,-5,-5,-5,-5,-5,-5,-5,-5,-5,-5,-5,-5,-5,-5,-5,-5,-5,-5
10931,18,-4,3,2,7252,-3,75,68,62556,-5,-2,-2,23000,-5,-5,-5,-5,-5,-5,-5,-5,-5,-5,-5,-5,-5,-5,-5,-5,-5,-5,-5,-5,-5,-5
10932,20,-4,1,2,17800,7610,43,44,47765,11619,16374,14815,22914,-5,-5,-5,-5,-5,-5,-5,-5,-5,-5,-5,-5,-5,-5,-5,-5,-5,-5,-5,-5,-5,-5
10933,19,-4,2,2,6340,8100,38,32,26518,1200,17891,-2,-2,21100,27241,15170,-5,20025,20220,21900,-2,25300,22200,27900,32300,-5,-5,-5,-5,-5,-5,-5,-5,-5,-5
10934,15,-4,3,1,6200,7000,53,61,51619,7700,13306,12420,13840,-5,-5,-5,-5,-5,-5,-5,-5,-5,-5,-5,-5,-5,-5,-5,-5,-5,-5,-5,-5,-5,-5
10935,15,-4,3,1,-2,6300,77,69,51255,8400,11500,18250,15056,-5,-5,-5,-5,-5,-5,-5,-5,-5,-5,-5,-5,-5,-5,-5,-5,-5,-5,-5,-5,-5,-5
10936,17,-4,1,1,6050,5709,69,63,61637,6665,9221,11020,23946,-2,34630,-2,26816,13000,33000,17080,25200,40030,44000,50025,52030,49704,55000,-5,-5,70070,-5,-5,-5,-5,-5
10937,15,-4,3,1,13500,12500,58,51,52225,6000,35000,36000,-2,40000,-5,-5,-5,-5,-5,-5,-5,-5,-5,-5,-5,-5,-5,-5,-5,-5,-5,-5,-5,-5,-5
10938,15,-4,3,1,5002,6200,40,33,30934,6900,37000,40100,47000,-5,-5,-5,-5,-5,-5,-5,-5,-5,-5,-5,-5,-5,-5,-5,-5,-5,-5,-5,-5,-5,-5
10939,15,-4,3,1,5700,6500,83,62,67723,-3,-2,-5,-5,-5,-5,-5,-5,-5,-5,-5,-5,-5,-5,-5,-5,-5,-5,-5,-5,-5,-5,-5,-5,-5,-5
10940,15,-4,3,1,5050,7000,44,49,34955,3000,1000,-2,6000,-5,-5,-5,-5,-5,-5,-5,-5,-5,-5,-5,-5,-5,-5,-5,-5,-5,-5,-5,-5,-5,-5
10941,15,-4,3,1,2500,14000,11,10,8855,15000,11800,6340,-2,-5,-5,-5,-5,-5,-5,-5,-5,-5,-5,-5,-5,-5,-5,-5,-5,-5,-5,-5,-5,-5,-5
10942,15,-4,3,1,8000,10620,94,84,86030,-3,15514,75001,29100,-5,-5,-5,-5,-5,-5,-5,-5,-5,-5,-5,-5,-5,-5,-5,-5,-5,-5,-5,-5,-5,-5
10943,16,-4,2,1,2240,-3,27,29,32603,7000,12000,1900,7600,5908,-2,12100,16000,-5,-5,-5,-5,-2,10480,19000,14000,0,19000,-2,8100,12160,7200,7200,-2,-2,-3
10944,18,-4,3,2,3900,10000,73,71,63937,17500,-2,37550,-2,-5,-5,-5,-5,-5,-5,-5,-5,-5,-5,-5,-5,-5,-5,-5,-5,-5,-5,-5,-5,-5,-5
10945,17,-4,1,1,3968,5730,39,51,50287,7001,10000,11526,10623,12168,13500,17500,-5,26090,17000,17928,17000,22000,27032,31000,41000,-2,25000,86000,116000,106200,146200,71000,92000,16000,85000
10946,18,-4,3,2,-2,5000,64,67,73340,14256,-2,17615,20873,-5,-5,-5,-5,-5,-5,-5,-5,-5,-5,-5,-5,-5,-5,-5,-5,-5,-5,-5,-5,-5,-5
10947,15,-4,3,1,3800,6500,-4,-4,-4,7600,8470,-2,27450,-5,-5,-5,-5,-5,-5,-5,-5,-5,-5,-5,-5,-5,-5,-5,-5,-5,-5,-5,-5,-5,-5
10948,19,-4,2,2,2100,7000,58,54,47909,6800,8002,17330,22001,-5,-5,-5,-5,-5,-5,-5,-5,-5,-5,-5,-5,-5,-5,-5,-5,-5,-5,-5,-5,-5,-5
10949,15,-4,3,1,5950,6744,87,90,85643,12437,25107,23000,23150,-5,-5,-5,-5,-5,-5,-5,-5,-5,-5,-5,-5,-5,-5,-5,-5,-5,-5,-5,-5,-5,-5
10950,16,-4,2,1,6670,6500,68,62,46781,-3,12000,-2,19300,-5,-5,-5,-5,-5,-5,-5,-5,-5,-5,-5,-5,-5,-5,-5,-5,-5,-5,-5,-5,-5,-5
10951,19,-2,2,2,-2,10760,18,20,11339,-3,8000,6552,6516,-5,-5,-5,-5,-5,-5,-5,-5,-5,-5,-5,-5,-5,-5,-5,-5,-5,-5,-5,-5,-5,-5
10952,18,-4,3,2,4600,-3,46,42,47315,-3,31100,35000,50520,-5,-5,-5,-5,-5,-5,-5,-5,-5,-5,-5,-5,-5,-5,-5,-5,-5,-5,-5,-5,-5,-5
10953,15,-4,3,1,27600,7000,-4,-4,-5,-5,9900,12000,14000,-5,-5,-5,-5,-5,-5,-5,-5,-5,-5,-5,-5,-5,-5,-5,-5,-5,-5,-5,-5,-5,-5
10954,15,-2,3,1,-2,-3,-4,-4,-4,200,-2,12960,4020,-5,-5,-5,-5,-5,-5,-5,-5,-5,-5,-5,-5,-5,-5,-5,-5,-5,-5,-5,-5,-5,-5
10955,16,-4,2,1,5700,9152,54,53,43783,-3,8600,23000,-2,-5,-5,-5,-5,-5,-5,-5,-5,-5,-5,-5,-5,-5,-5,-5,-5,-5,-5,-5,-5,-5,-5
10956,16,-4,2,1,-2,-3,23,25,26560,12152,-2,-2,20321,10165,-2,10500,-2,5200,10575,-1,5440,-2,-2,-2,-2,-5,-5,-5,-5,-5,-5,-5,-5,-5,-5
10957,18,-4,3,2,6500,6000,99,98,96042,5033,11800,13744,18000,-5,-5,-5,-5,-5,-5,-5,-5,-5,-5,-5,-5,-5,-5,-5,-5,-5,-5,-5,-5,-5,-5
10958,19,-4,2,2,10000,24200,37,32,32524,11756,18299,-2,-5,-5,-5,-5,-5,-5,-5,-5,-5,-5,-5,-5,-5,-5,-5,-5,-5,-5,-5,-5,-5,-5,-5
10959,18,-4,3,2,6900,12558,72,67,60173,19158,26960,41360,57920,-5,-5,-5,-5,-5,-5,-5,-5,-5,-5,-5,-5,-5,-5,-5,-5,-5,-5,-5,-5,-5,-5
10960,18,-4,3,2,7035,25000,82,73,74370,17990,18205,-2,15000,-5,-5,-5,-5,-5,-5,-5,-5,-5,-5,-5,-5,-5,-5,-5,-5,-5,-5,-5,-5,-5,-5
10961,15,-4,3,1,4260,6220,-4,-4,-5,-5,9050,24000,12544,-5,-5,-5,-5,-5,-5,-5,-5,-5,-5,-5,-5,-5,-5,-5,-5,-5,-5,-5,-5,-5,-5
10962,17,-4,1,1,5400,-5,-4,-4,-4,7000,-2,-2,-5,-5,-5,-5,-5,-5,-5,-5,-5,-5,-5,-5,-5,-5,-5,-5,-5,-5,-5,-5,-5,-5,-5
10963,16,-4,2,1,-2,-3,27,21,15819,7000,-2,1459,10536,12762,13000,-1,17000,-5,-2,55000,-5,-5,-5,0,0,14724,36000,-2,-2,-5,2400,0,-2,-5,-5
10964,18,-4,3,2,5032,12422,73,65,64334,8805,11500,8337,10260,-5,-5,-5,-5,-5,-5,-5,-5,-5,-5,-5,-5,-5,-5,-5,-5,-5,-5,-5,-5,-5,-5
10965,16,-4,2,1,-3,6000,26,32,31792,12000,15000,12100,10000,-5,-5,-5,-5,-5,-5,-5,-5,-5,-5,-5,-5,-5,-5,-5,-5,-5,-5,-5,-5,-5,-5
10966,15,-4,3,1,6200,7270,41,61,51548,-3,17442,12947,17690,-5,-5,-5,-5,-5,-5,-5,-5,-5,-5,-5,-5,-5,-5,-5,-5,-5,-5,-5,-5,-5,-5
10967,15,-4,3,1,5089,5000,9,6,6722,-5,-2,-2,48000,-5,10775,-2,38185,21560,-2,40550,47750,-2,-5,-5,33097,-5,-5,-5,77500,38000,32000,13800,-2,33024,17000
10968,16,-4,2,1,5000,8000,20,29,31499,11824,20000,8000,-2,-5,-5,-5,-5,-5,-5,-5,-5,-5,-5,-5,-5,-5,-5,-5,-5,-5,-5,-5,-5,-5,-5
10969,17,-4,1,1,6480,6000,25,30,26311,-3,13845,31000,48000,33000,39000,45000,45000,48880,39200,43300,38500,34000,43000,59000,55000,-5,-5,-5,-5,94000,96000,81000,53000,40000,-3
10970,16,-4,2,1,7325,7300,44,42,52075,9013,8456,11072,14673,-5,-5,-5,-5,-5,-5,-5,-5,-5,-5,-5,-5,-5,-5,-5,-5,-5,-5,-5,-5,-5,-5
10971,15,-4,3,1,7058,12000,55,56,57278,13543,7500,8750,12576,-5,-5,-5,-5,-5,-5,-5,-5,-5,-5,-5,-5,-5,-5,-5,-5,-5,-5,-5,-5,-5,-5
10972,16,-4,2,1,4000,6000,20,17,15147,7159,0,9000,10050,-5,-5,-5,-5,-5,-5,-5,-5,-5,-5,-5,-5,-5,-5,-5,-5,-5,-5,-5,-5,-5,-5
10973,18,-4,3,2,2700,5000,82,73,71254,8000,15600,27010,23100,-5,-5,-5,-5,-5,-5,-5,-5,-5,-5,-5,-5,-5,-5,-5,-5,-5,-5,-5,-5,-5,-5
10974,19,-4,2,2,2873,6000,26,25,24006,4300,9400,14200,16200,-5,-5,-5,-5,-5,-5,-5,-5,-5,-5,-5,-5,-5,-5,-5,-5,-5,-5,-5,-5,-5,-5
10975,15,-4,3,1,-3,5700,71,66,58802,5900,7370,-2,18178,-5,-5,-5,-5,-5,-5,-5,-5,-5,-5,-5,-5,-5,-5,-5,-5,-5,-5,-5,-5,-5,-5
10976,18,-4,3,2,3500,6228,-4,-4,-4,8005,-2,10600,10900,-5,-5,-5,-5,-5,-5,-5,-5,-5,-5,-5,-5,-5,-5,-5,-5,-5,-5,-5,-5,-5,-5
10977,20,-4,1,2,2800,-3,72,70,80524,7210,6350,10345,14262,-5,-5,-5,-5,-5,-5,-5,-5,-5,-5,-5,-5,-5,-5,-5,-5,-5,-5,-5,-5,-5,-5
10978,18,-4,3,2,4800,6000,65,61,51822,9600,31000,29000,25510,-5,-5,-5,-5,-5,-5,-5,-5,-5,-5,-5,-5,-5,-5,-5,-5,-5,-5,-5,-5,-5,-5
10979,18,-4,3,2,2005,-5,-4,-4,-4,15400,9150,20359,19521,-5,-5,-5,-5,-5,-5,-5,-5,-5,-5,-5,-5,-5,-5,-5,-5,-5,-5,-5,-5,-5,-5
10980,16,-4,2,1,5200,30000,17,19,12757,-3,35000,-2,12500,10000,-2,34900,6660,13800,18100,-5,-5,31930,71841,19448,27000,45000,50000,35516,38935,64220,51440,22032,11000,8379,-3
10981,18,-4,3,2,5525,6500,93,84,83098,6650,3868,4800,1200,-5,-5,-5,-5,-5,-5,-5,-5,-5,-5,-5,-5,-5,-5,-5,-5,-5,-5,-5,-5,-5,-5
10982,15,3500,3,1,3500,16015,-4,-4,-5,-5,-5,17250,-5,-5,-5,-5,-5,-5,-5,-5,-5,-5,-5,-5,-5,-5,-5,-5,-5,-5,-5,-5,-5,-5,-5
10983,15,-4,3,1,5800,25000,13,15,11427,4300,6400,14980,18920,-5,-5,-5,-5,-5,-5,-5,-5,-5,-5,-5,-5,-5,-5,-5,-5,-5,-5,-5,-5,-5,-5
10984,16,-4,2,1,5000,8108,14,18,13877,-3,1000,4000,-2,10000,22000,-5,-2,5800,0,-2,8000,10000,6000,12000,17000,22000,30000,28000,0,39000,20000,-5,-5,-5,14436
10985,15,-4,3,1,6200,19568,54,47,37523,6403,7335,6987,7356,-5,-5,-5,-5,-5,-5,-5,-5,-5,-5,-5,-5,-5,-5,-5,-5,-5,-5,-5,-5,-5,-5
10986,18,5000,3,2,5000,6590,88,86,86605,6145,9800,10075,14000,-5,-5,-5,-5,-5,-5,-5,-5,-5,-5,-5,-5,-5,-5,-5,-5,-5,-5,-5,-5,-5,-5
10987,18,-4,3,2,10200,12475,97,91,91587,14673,11390,38000,13002,-5,-5,-5,-5,-5,-5,-5,-5,-5,-5,-5,-5,-5,-5,-5,-5,-5,-5,-5,-5,-5,-5
10988,15,-4,3,1,-2,6348,46,46,47103,7500,8000,-2,11536,-5,-5,-5,-5,-5,-5,-5,-5,-5,-5,-5,-5,-5,-5,-5,-5,-5,-5,-5,-5,-5,-5
10989,15,-4,3,1,5960,-3,21,25,23495,16101,26591,1044,-5,-5,-5,-5,-5,-5,-5,-5,-5,-5,-5,-5,-5,-5,-5,-5,-5,-5,-5,-5,-5,-5,-5
10990,17,-4,1,1,6000,3400,25,27,29607,-3,10508,11854,12539,-5,-5,-5,-5,-5,-5,-5,-5,-5,-5,-5,-5,-5,-5,-5,-5,-5,-5,-5,-5,-5,-5
10991,16,-4,2,1,4500,7200,24,29,26252,-3,-2,42000,-2,-5,-5,-5,-5,-5,-5,-5,-5,-5,-5,-5,-5,-5,-5,-5,-5,-5,-5,-5,-5,-5,-5
10992,15,-4,3,1,3750,20000,90,84,78195,-3,20000,4000,19040,-5,-5,-5,-5,-5,-5,-5,-5,-5,-5,-5,-5,-5,-5,-5,-5,-5,-5,-5,-5,-5,-5
10993,16,-4,2,1,3550,3700,18,31,21297,14267,32000,8726,3350,-5,-5,-5,-5,-5,-5,-5,-5,-5,-5,-5,-5,-5,-5,-5,-5,-5,-5,-5,-5,-5,-5
10994,15,-4,3,1,-2,31000,35,34,29850,24310,11060,14315,11863,-5,-5,-5,-5,-5,-5,-5,-5,-5,-5,-5,-5,-5,-5,-5,-5,-5,-5,-5,-5,-5,-5
10995,15,-4,3,1,5775,8170,29,31,23664,25000,15000,3001,13730,-5,-5,-5,-5,-5,-5,-5,-5,-5,-5,-5,-5,-5,-5,-5,-5,-5,-5,-5,-5,-5,-5
10996,15,-4,3,1,9000,8900,30,29,19881,1472,9700,12500,12500,-5,-5,-5,-5,-5,-5,-5,-5,-5,-5,-5,-5,-5,-5,-5,-5,-5,-5,-5,-5,-5,-5
10997,15,-4,3,1,-2,13100,75,65,44453,20500,16761,6700,12648,-5,-5,-5,-5,-5,-5,-5,-5,-5,-5,-5,-5,-5,-5,-5,-5,-5,-5,-5,-5,-5,-5
10998,15,-4,3,1,19820,21700,45,39,43460,8600,17643,22937,33910,22296,18400,-5,3200,15000,11000,32515,37700,17000,55316,4000,-5,30000,10000,111700,62500,58000,-5,-5,-5,-5,-5
10999,15,-4,3,1,6500,7400,76,76,62725,35000,50000,8200,7920,-5,-5,-5,-5,-5,-5,-5,-5,-5,-5,-5,-5,-5,-5,-5,-5,-5,-5,-5,-5,-5,-5
11000,15,-4,3,1,-3,15000,78,70,73974,28050,21150,-2,28000,-5,-5,-5,-5,-5,-5,-5,-5,-5,-5,-5,-5,-5,-5,-5,-5,-5,-5,-5,-5,-5,-5
11001,17,-4,1,1,5650,7000,6,6,7595,6106,9500,13172,7200,4428,1896,-2,3000,4200,-2,6000,-2,-2,-2,20160,28920,30000,50000,70800,79000,74000,80000,70000,119180,0,-3
11002,15,-4,3,1,6347,14200,63,66,54413,-3,23676,29320,27344,25500,28500,-2,18201,15000,19878,20328,25236,39720,36600,16559,30500,70000,40000,40000,44000,40000,15696,30555,31500,35000,55000
11003,15,-4,3,1,5600,-5,68,72,76706,-3,20875,-2,28000,-5,-5,-5,-5,-5,-5,-5,-5,-5,-5,-5,-5,-5,-5,-5,-5,-5,-5,-5,-5,-5,-5
11004,15,-4,3,1,5730,682,81,68,58940,-3,5896,5881,11032,-5,-5,-5,-5,-5,-5,-5,-5,-5,-5,-5,-5,-5,-5,-5,-5,-5,-5,-5,-5,-5,-5
11005,17,-4,1,1,5000,5500,12,15,10926,10000,8369,-5,16000,-5,-5,-5,-5,-5,-5,-5,-5,-5,-5,-5,-5,-5,-5,-5,-5,-5,-5,-5,-5,-5,-5
11006,16,-4,2,1,5042,-3,14,18,17605,6708,50000,-2,11000,-5,-5,-5,-5,-5,-5,-5,-5,-5,-5,-5,-5,-5,-5,-5,-5,-5,-5,-5,-5,-5,-5
11007,16,-4,2,1,5600,-5,-4,-4,-4,2000,-2,10000,-2,8000,12000,14000,14000,16000,15000,13500,16000,17000,19584,22000,120000,-1,55000,42000,49500,144000,98000,89200,52000,53557,60000
11008,15,-4,3,1,5500,12300,49,50,46199,16000,-5,4000,14400,-5,-5,-5,-5,-5,-5,-5,-5,-5,-5,-5,-5,-5,-5,-5,-5,-5,-5,-5,-5,-5,-5
11009,15,-4,3,1,-3,12000,91,77,68160,13500,16000,26016,21760,-5,-5,-5,-5,-5,-5,-5,-5,-5,-5,-5,-5,-5,-5,-5,-5,-5,-5,-5,-5,-5,-5
11010,15,-4,3,1,8760,6706,69,67,49696,14400,14731,17650,26780,-5,-5,-5,-5,-5,-5,-5,-5,-5,-5,-5,-5,-5,-5,-5,-5,-5,-5,-5,-5,-5,-5
11011,16,-4,2,1,-2,5000,7,10,8687,-3,22000,20000,-2,-5,-5,-5,-5,-5,-5,-5,-5,-5,-5,-5,-5,-5,-5,-5,-5,-5,-5,-5,-5,-5,-5
11012,15,-4,3,1,5500,5500,10,12,6803,5070,-2,-2,75001,-5,-5,-5,-5,-5,-5,-5,-5,-5,-5,-5,-5,-5,-5,-5,-5,-5,-5,-5,-5,-5,-5
11013,15,-4,3,1,6000,6135,64,51,51214,12640,13000,13000,14000,-5,-5,-5,-5,-5,-5,-5,-5,-5,-5,-5,-5,-5,-5,-5,-5,-5,-5,-5,-5,-5,-5
11014,17,-4,1,1,2750,6940,68,58,69051,-5,-2,13600,21300,-5,27099,-5,-5,11700,-5,-5,42000,10863,41756,-2,-2,-5,-5,17196,10080,17772,10702,12108,-2,-5,-5
11015,15,-4,3,1,16500,20000,89,73,58979,16200,20100,4000,-2,14000,40010,44600,30700,43000,40400,60000,65500,69000,74000,101500,102000,122500,390662,148000,172000,252500,250000,230000,135000,186000,186000
11016,15,-4,3,1,5110,25000,70,68,70964,23500,20000,22885,26102,-5,-5,-5,-5,-5,-5,-5,-5,-5,-5,-5,-5,-5,-5,-5,-5,-5,-5,-5,-5,-5,-5
11017,15,-4,3,1,5550,5800,35,35,27750,6905,8000,-2,15700,-5,-5,-5,-5,-5,-5,-5,-5,-5,-5,-5,-5,-5,-5,-5,-5,-5,-5,-5,-5,-5,-5
11018,15,-4,3,1,5400,5900,48,42,41853,-3,4749,19640,13174,21080,23096,-2,33757,29200,25130,-2,18800,18000,29636,40680,35000,32400,101000,46233,44096,50000,40132,30010,40000,55839,51200
11019,17,-4,1,1,26600,9000,16,19,13929,8163,9300,-2,20000,-2,-5,33000,-2,-2,25000,27010,30500,-2,-2,-2,28000,36650,30000,47012,40000,49010,62000,52000,54000,54000,61000
11020,18,-4,3,2,3600,7000,44,42,43795,7000,11050,11900,15710,-5,-5,-5,-5,-5,-5,-5,-5,-5,-5,-5,-5,-5,-5,-5,-5,-5,-5,-5,-5,-5,-5
11021,19,-4,2,2,1700,5756,20,29,19180,6000,6400,2008,37800,-5,-5,-5,-5,-5,-5,-5,-5,-5,-5,-5,-5,-5,-5,-5,-5,-5,-5,-5,-5,-5,-5
11022,18,-4,3,2,-3,-3,-4,-4,-5,-5,-5,-5,-5,-5,-5,-5,-5,-5,-5,-5,-5,-5,-5,-5,-5,-5,-5,-5,-5,-5,-5,-5,-5,-5,-5
11023,15,-4,3,1,6060,-5,23,28,28058,3000,8104,-2,-2,-5,-5,-5,-5,-5,-5,-5,-5,-5,-5,-5,-5,-5,-5,-5,-5,-5,-5,-5,-5,-5,-5
11024,15,-4,3,1,8830,-5,-4,-4,-4,7065,9347,12461,28224,-5,-5,-5,-5,-5,-5,-5,-5,-5,-5,-5,-5,-5,-5,-5,-5,-5,-5,-5,-5,-5,-5
11025,19,-4,2,2,8100,15319,34,32,22958,16714,-2,35000,28000,-5,-5,-5,-5,-5,-5,-5,-5,-5,-5,-5,-5,-5,-5,-5,-5,-5,-5,-5,-5,-5,-5
11026,15,-4,3,1,5800,7920,46,53,56430,12200,21800,10300,-2,-5,-5,-5,-5,-5,-5,-5,-5,-5,-5,-5,-5,-5,-5,-5,-5,-5,-5,-5,-5,-5,-5
11027,15,-4,3,1,-3,9506,55,46,37578,12000,12000,-3,-2,-5,-5,-5,-5,-5,-5,-5,-5,-5,-5,-5,-5,-5,-5,-5,-5,-5,-5,-5,-5,-5,-5
11028,18,-4,3,2,9160,-3,67,73,77392,12970,23025,33600,39570,-5,-5,-5,-5,-5,-5,-5,-5,-5,-5,-5,-5,-5,-5,-5,-5,-5,-5,-5,-5,-5,-5
11029,18,-4,3,2,5470,12020,70,75,78903,8670,3905,6266,8926,-5,-5,-5,-5,-5,-5,-5,-5,-5,-5,-5,-5,-5,-5,-5,-5,-5,-5,-5,-5,-5,-5
11030,15,-4,3,1,6500,5500,34,28,20420,-3,10300,17700,18842,-5,-5,-5,-5,-5,-5,-5,-5,-5,-5,-5,-5,-5,-5,-5,-5,-5,-5,-5,-5,-5,-5
11031,18,-4,3,2,7000,25000,60,63,68762,24300,5466,20343,11114,-5,-5,-5,-5,-5,-5,-5,-5,-5,-5,-5,-5,-5,-5,-5,-5,-5,-5,-5,-5,-5,-5
11032,15,-4,3,1,11900,6100,86,92,93600,-3,-2,12510,14276,-5,-5,-5,-5,-5,-5,-5,-5,-5,-5,-5,-5,-5,-5,-5,-5,-5,-5,-5,-5,-5,-5
11033,18,-4,3,2,6030,-3,97,86,85352,24000,22300,12550,12350,-5,-5,-5,-5,-5,-5,-5,-5,-5,-5,-5,-5,-5,-5,-5,-5,-5,-5,-5,-5,-5,-5
11034,18,-4,3,2,5263,16000,57,54,69361,-3,33205,36128,24894,-5,-5,-5,-5,-5,-5,-5,-5,-5,-5,-5,-5,-5,-5,-5,-5,-5,-5,-5,-5,-5,-5
11035,18,-4,3,2,4630,-3,69,48,52704,7020,18612,20800,16000,-5,-5,-5,-5,-5,-5,-5,-5,-5,-5,-5,-5,-5,-5,-5,-5,-5,-5,-5,-5,-5,-5
11036,15,25000,3,1,25000,7205,83,81,69947,13700,17880,19000,39500,-5,-5,-5,-5,-5,-5,-5,-5,-5,-5,-5,-5,-5,-5,-5,-5,-5,-5,-5,-5,-5,-5
11037,15,-4,3,1,4000,7000,22,15,15108,10352,9580,12990,16080,15195,13000,17000,19400,24240,30360,35900,-2,39000,42000,36980,-5,59000,67000,76000,81700,75000,71000,77000,83000,91000,70000
11038,15,-4,3,1,4020,5600,60,70,82425,-3,-3,7316,-2,-5,-5,-5,-5,-5,-5,-5,-5,-5,-5,-5,-5,-5,-5,-5,-5,-5,-5,-5,-5,-5,-5
11039,15,-4,3,1,4733,-3,32,39,46696,-3,-2,10400,12000,-5,-5,-5,-5,-5,-5,-5,-5,-5,-5,-5,-5,-5,-5,-5,-5,-5,-5,-5,-5,-5,-5
11040,15,-4,3,1,4000,6200,38,42,37255,8000,11080,-1,5680,-5,-5,-5,-5,-5,-5,-5,-5,-5,-5,-5,-5,-5,-5,-5,-5,-5,-5,-5,-5,-5,-5
11041,17,-4,1,1,-2,5600,37,42,45809,6500,50000,69500,45000,-5,-5,-5,-5,-5,-5,-5,-5,-5,-5,-5,-5,-5,-5,-5,-5,-5,-5,-5,-5,-5,-5
11042,15,-4,3,1,3600,3400,14,11,11777,8098,13450,-2,12000,18000,31944,38200,38000,40060,48000,41010,-2,53120,-2,-2,54400,63000,-2,73500,-5,-5,-5,-5,-5,-5,-5
11043,16,-4,2,1,2940,-3,29,36,28679,13787,30000,-2,16493,-5,-5,-5,-5,-5,-5,-5,-5,-5,-5,-5,-5,-5,-5,-5,-5,-5,-5,-5,-5,-5,-5
11044,16,-4,2,1,6200,6500,43,42,29362,8119,-2,18400,15000,20676,24000,32000,36400,26200,43400,33000,-2,-2,53001,44000,54400,73000,68000,86000,107510,118000,-2,126000,140858,139000,-3
11045,16,-4,2,1,7080,7375,36,39,28259,8700,10000,-1,-5,-5,-5,-5,-5,-5,-5,-5,-5,-5,-5,-5,-5,-5,-5,-5,-5,-5,-5,-5,-5,-5,-5
11046,15,-4,3,1,3888,-3,21,25,17604,7598,9730,10022,13000,-5,-5,-5,-5,-5,-5,-5,-5,-5,-5,-5,-5,-5,-5,-5,-5,-5,-5,-5,-5,-5,-5
11047,15,-4,3,1,5500,6000,54,61,52926,14000,17200,6000,16250,-5,-5,-5,-5,-5,-5,-5,-5,-5,-5,-5,-5,-5,-5,-5,-5,-5,-5,-5,-5,-5,-5
11048,15,-4,3,1,7500,16200,69,67,69966,6850,40000,9936,23000,-5,-5,-5,-5,-5,-5,-5,-5,-5,-5,-5,-5,-5,-5,-5,-5,-5,-5,-5,-5,-5,-5
11049,17,-4,1,1,6000,7500,12,14,12840,8600,-2,-2,-5,-5,-5,-5,-5,-5,-5,-5,-5,-5,-5,-5,-5,-5,-5,-5,-5,-5,-5,-5,-5,-5,-5
11050,15,-4,3,1,4424,8000,12,16,19144,8000,28000,500,7632,-5,-5,-5,-5,-5,-5,-5,-5,-5,-5,-5,-5,-5,-5,-5,-5,-5,-5,-5,-5,-5,-5
11051,16,-4,2,1,-2,7000,-4,-4,-4,8964,9000,12025,-2,-2,-2,-5,-5,-2,36000,2000,7100,17000,18000,18000,11000,16000,15000,6477,0,68000,-5,24000,38000,18000,18000
11052,16,-4,2,1,6730,7872,74,75,69011,14000,6500,-2,9500,-5,-5,-5,-5,-5,-5,-5,-5,-5,-5,-5,-5,-5,-5,-5,-5,-5,-5,-5,-5,-5,-5
11053,15,-4,3,1,6000,9500,72,73,80092,-3,11000,10000,6000,-5,-5,-5,-5,-5,-5,-5,-5,-5,-5,-5,-5,-5,-5,-5,-5,-5,-5,-5,-5,-5,-5
11054,16,-4,2,1,-3,7515,39,34,27359,-3,8000,13002,21520,19069,25000,54580,62000,66350,-1,65000,95000,80000,189918,110000,91050,-2,-2,-2,32000,59860,-2,43920,42800,38548,8285
11055,15,-4,3,1,7000,14000,7,8,10911,7000,12000,16500,-2,-5,-5,-5,-5,-5,-5,-5,-5,-5,-5,-5,-5,-5,-5,-5,-5,-5,-5,-5,-5,-5,-5
11056,15,-4,3,1,5678,40000,12,11,12318,20000,4000,17800,12000,-5,-5,-5,-5,-5,-5,-5,-5,-5,-5,-5,-5,-5,-5,-5,-5,-5,-5,-5,-5,-5,-5
11057,15,-4,3,1,5300,6600,93,86,85423,10444,14798,-2,-2,-5,-5,-5,-5,-5,-5,-5,-5,-5,-5,-5,-5,-5,-5,-5,-5,-5,-5,-5,-5,-5,-5
11058,15,-4,3,1,5300,30000,99,95,91105,41030,3705,3195,4700,-5,-5,-5,-5,-5,-5,-5,-5,-5,-5,-5,-5,-5,-5,-5,-5,-5,-5,-5,-5,-5,-5
11059,15,-4,3,1,5000,6002,31,32,28375,6700,6882,7555,12049,-5,-5,-5,-5,-5,-5,-5,-5,-5,-5,-5,-5,-5,-5,-5,-5,-5,-5,-5,-5,-5,-5
11060,15,-4,3,1,3579,200,16,14,15042,14240,7546,0,13000,38410,-2,18000,-5,-5,-5,-5,-5,-5,-5,19500,-5,29994,142752,34464,24808,16000,36224,55702,-5,-5,-5
11061,15,-2,3,1,-2,-3,71,64,52834,6487,8375,11000,14732,-5,-5,-5,-5,-5,-5,-5,-5,-5,-5,-5,-5,-5,-5,-5,-5,-5,-5,-5,-5,-5,-5
11062,16,-4,2,1,5800,12000,35,30,34306,14400,14370,39000,38078,-5,-5,-5,-5,-5,-5,-5,-5,-5,-5,-5,-5,-5,-5,-5,-5,-5,-5,-5,-5,-5,-5
11063,15,-4,3,1,4000,-5,-4,-4,-4,3580,11000,-2,25000,-5,-5,-5,-5,-5,-5,-5,-5,-5,-5,-5,-5,-5,-5,-5,-5,-5,-5,-5,-5,-5,-5
11064,17,-4,1,1,4007,3500,79,71,73503,-5,2600,3528,8116,6000,9515,-2,6500,4050,8000,-2,-2,27600,7000,3921,14180,-5,-5,-5,500,9668,13320,15940,14600,23800,-3
11065,16,-4,2,1,4900,5000,23,19,11506,12000,22000,4846,10000,-5,-5,-5,-5,-5,-5,-5,-5,-5,-5,-5,-5,-5,-5,-5,-5,-5,-5,-5,-5,-5,-5
11066,15,-4,3,1,5830,9600,98,94,92370,8600,11000,22428,22800,-5,-5,-5,-5,-5,-5,-5,-5,-5,-5,-5,-5,-5,-5,-5,-5,-5,-5,-5,-5,-5,-5
11067,15,-4,3,1,-2,-3,8,5,5783,8142,-5,12000,-2,-5,-5,-5,-5,-5,-5,-5,-5,-5,-5,-5,-5,-5,-5,-5,-5,-5,-5,-5,-5,-5,-5
11068,16,-4,2,1,4505,4000,17,23,24474,8000,2750,9800,11000,11500,16500,-2,29650,40000,30000,-5,-5,-5,-5,-5,-5,-5,-5,-5,-5,-5,-5,-5,-5,-5,-5
11069,16,-4,2,1,6529,-3,16,15,13637,13650,-2,49000,-2,-5,-5,-5,-5,-5,-5,-5,-5,-5,-5,-5,-5,-5,-5,-5,-5,-5,-5,-5,-5,-5,-5
11070,16,-4,2,1,-2,-3,7,10,8684,12894,8000,10500,-5,10541,7300,7500,9000,10420,14000,-5,5358,4400,7000,12265,18000,22000,-2,25000,11000,18404,16476,21564,13836,26076,51876
11071,16,-4,2,1,6800,-3,53,57,48853,8260,0,26515,19380,26500,22671,16090,31700,36880,37326,24978,-2,27175,-2,38236,52500,57500,66600,92080,120850,233464,102000,113288,173469,102212,177970
11072,16,-4,2,1,5061,5672,38,29,26160,32000,30000,42000,22041,20600,16317,28000,25000,23700,33200,40200,42400,47000,56400,51000,73000,60000,67400,95000,83000,145000,60000,37000,39000,41120,31360
11073,15,-4,3,1,8000,8000,83,72,63340,8000,10000,-2,5000,-5,-5,-5,-5,-5,-5,-5,-5,-5,-5,-5,-5,-5,-5,-5,-5,-5,-5,-5,-5,-5,-5
11074,16,-4,2,1,5438,6470,39,33,30056,13360,20000,26804,-2,-5,-5,-5,-5,-5,-5,-5,-5,-5,-5,-5,-5,-5,-5,-5,-5,-5,-5,-5,-5,-5,-5
11075,15,-4,3,1,5800,-3,67,63,48788,12908,24500,14500,17000,38000,52000,49000,30000,47500,40000,96600,55500,74500,79600,132000,62200,88500,-5,-5,-5,-5,-5,33500,-5,-5,-5
11076,15,-4,3,1,-2,6000,70,82,80141,17000,11928,10100,10540,-5,-5,-5,-5,-5,-5,-5,-5,-5,-5,-5,-5,-5,-5,-5,-5,-5,-5,-5,-5,-5,-5
11077,17,-4,1,1,-3,346,28,21,18764,-5,-5,4300,22600,-5,-5,-5,-5,-5,-5,-5,-5,-5,-5,-5,-5,-5,-5,-5,-5,-5,-5,-5,-5,-5,-5
11078,16,-4,2,1,5628,6000,13,10,8785,6285,10990,9650,11000,-5,-5,-5,-5,-5,-5,-5,-5,-5,-5,-5,-5,-5,-5,-5,-5,-5,-5,-5,-5,-5,-5
11079,15,-4,3,1,5643,7400,73,53,53275,7500,13000,10200,15749,-5,-5,-5,-5,-5,-5,-5,-5,-5,-5,-5,-5,-5,-5,-5,-5,-5,-5,-5,-5,-5,-5
11080,15,-4,3,1,5518,40000,44,35,28207,14700,51000,22900,28000,-5,-5,-5,-5,-5,-5,-5,-5,-5,-5,-5,-5,-5,-5,-5,-5,-5,-5,-5,-5,-5,-5
11081,15,-4,3,1,-2,17725,32,43,33576,19335,22644,24012,-2,-5,-5,-5,-5,-5,-5,-5,-5,-5,-5,-5,-5,-5,-5,-5,-5,-5,-5,-5,-5,-5,-5
11082,16,-4,2,1,5400,6500,25,27,15725,1700,8874,10000,-2,26000,17277,14400,18000,29000,-2,-2,9100,6496,8248,-5,-5,-5,-5,-5,-5,15000,17000,15000,12000,12000,18000
11083,16,-4,2,1,-2,15000,36,27,30985,20000,-5,21000,28000,19000,11000,21300,-3,-2,17800,60000,-2,13104,-5,0,0,12000,12350,0,0,2400,6630,-5,-5,-5,-5
11084,15,-4,3,1,15400,14424,7,4,2044,3100,10000,34800,25000,-5,-5,-5,-5,-5,-5,-5,-5,-5,-5,-5,-5,-5,-5,-5,-5,-5,-5,-5,-5,-5,-5
11085,17,-4,1,1,-3,-3,8,9,9921,17000,-5,-5,-5,20253,17000,22000,29000,39000,24000,49000,48000,-2,31000,-2,83000,-2,-2,-2,148160,50000,46800,-1,45600,-2,25200
11086,15,-4,3,1,6700,6600,44,48,53396,8044,-2,3735,27000,-5,-5,-5,-5,-5,-5,-5,-5,-5,-5,-5,-5,-5,-5,-5,-5,-5,-5,-5,-5,-5,-5
11087,16,-4,2,1,-3,5209,17,19,16460,15780,5395,4100,6758,-5,-5,-5,-5,-5,-5,-5,-5,-5,-5,-5,-5,-5,-5,-5,-5,-5,-5,-5,-5,-5,-5
11088,16,-4,2,1,5000,6500,13,11,9979,6600,20345,22920,38000,-5,-5,-5,-5,-5,-5,-5,-5,-5,-5,-5,-5,-5,-5,-5,-5,-5,-5,-5,-5,-5,-5
11089,15,-4,3,1,8000,6300,69,62,43299,-5,-5,-5,-5,-5,-5,-5,-5,-5,-5,-5,-5,-5,-5,-5,-5,-5,-5,-5,-5,-5,-5,-5,-5,-5,-5
11090,15,-4,3,1,4928,-3,22,19,23694,7500,10000,-5,-2,-5,-5,-5,-5,-5,-5,-5,-5,-5,-5,-5,-5,-5,-5,-5,-5,-5,-5,-5,-5,-5,-5
11091,16,-4,2,1,6900,7000,32,27,22720,8000,8700,14000,18000,24100,27600,-2,-2,32500,55200,50200,55200,50080,-5,-5,-5,-5,92000,-5,-5,-5,-5,-5,-5,-5,-5
11092,15,4800,3,1,4800,-3,16,13,11156,10200,9400,10600,14000,-5,-5,-5,-5,-5,-5,-5,-5,-5,-5,-5,-5,-5,-5,-5,-5,-5,-5,-5,-5,-5,-5
11093,15,-4,3,1,6000,0,-4,-4,-4,7425,9300,6271,5165,-5,-5,-5,-5,-5,-5,-5,-5,-5,-5,-5,-5,-5,-5,-5,-5,-5,-5,-5,-5,-5,-5
11094,15,-4,3,1,-2,-5,-4,-4,-4,8064,8070,8500,13000,-5,-5,-5,-5,-5,-5,-5,-5,-5,-5,-5,-5,-5,-5,-5,-5,-5,-5,-5,-5,-5,-5
11095,15,-4,3,1,-2,8009,17,13,15068,13904,17074,12746,18018,-5,-5,-5,-5,-5,-5,-5,-5,-5,-5,-5,-5,-5,-5,-5,-5,-5,-5,-5,-5,-5,-5
11096,16,-4,2,1,5152,5500,8,8,7320,6000,8400,-5,30000,14000,12000,-2,-2,-2,13500,-2,-2,34500,57934,-2,-2,2104,8280,7716,7200,1017,9648,22512,11760,11400,11400
11097,16,-4,2,1,5500,6450,26,35,29771,6560,9034,10240,10500,-5,-5,-5,-5,-5,-5,-5,-5,-5,-5,-5,-5,-5,-5,-5,-5,-5,-5,-5,-5,-5,-5
11098,18,-4,3,2,13230,55000,37,34,28721,10500,24000,15900,10140,-5,-5,-5,-5,-5,-5,-5,-5,-5,-5,-5,-5,-5,-5,-5,-5,-5,-5,-5,-5,-5,-5
11099,18,-4,3,2,-3,6000,92,88,83849,13000,17600,18801,17000,-5,-5,-5,-5,-5,-5,-5,-5,-5,-5,-5,-5,-5,-5,-5,-5,-5,-5,-5,-5,-5,-5
11100,19,-4,2,2,1469,8000,30,35,37281,-3,63200,12287,-2,-5,-5,-5,-5,-5,-5,-5,-5,-5,-5,-5,-5,-5,-5,-5,-5,-5,-5,-5,-5,-5,-5
11101,19,-4,2,2,2228,6150,27,24,24292,24000,-2,18309,21502,-5,-5,-5,-5,-5,-5,-5,-5,-5,-5,-5,-5,-5,-5,-5,-5,-5,-5,-5,-5,-5,-5
11102,16,-4,2,1,-3,6180,17,13,13783,8000,10172,10000,13000,-5,-5,-5,-5,-5,-5,-5,-5,-5,-5,-5,-5,-5,-5,-5,-5,-5,-5,-5,-5,-5,-5
11103,19,-4,2,2,-3,5000,46,38,31781,4000,9580,-5,4062,-5,-5,-5,-5,-5,-5,-5,-5,-5,-5,-5,-5,-5,-5,-5,-5,-5,-5,-5,-5,-5,-5
11104,19,-4,2,2,1300,6340,8,9,9688,6500,13928,-3,20325,-5,-5,-5,-5,-5,-5,-5,-5,-5,-5,-5,-5,-5,-5,-5,-5,-5,-5,-5,-5,-5,-5
11105,15,-4,3,1,1957,5053,36,25,31881,8100,18300,13700,17000,-5,-5,-5,-5,-5,-5,-5,-5,-5,-5,-5,-5,-5,-5,-5,-5,-5,-5,-5,-5,-5,-5
11106,15,-3,3,1,-3,6400,8,7,5268,6000,7000,-2,-2,9274,11000,16000,18204,16000,17000,19000,19000,-2,17000,20000,23000,21000,25000,26000,35000,15188,10548,2400,8134,2328,0
11107,19,-4,2,2,3180,-3,20,18,23317,25352,17750,27636,34587,-5,-5,-5,-5,-5,-5,-5,-5,-5,-5,-5,-5,-5,-5,-5,-5,-5,-5,-5,-5,-5,-5
11108,18,-4,3,2,12000,18006,55,54,58291,2257,14400,8900,8550,-5,-5,-5,-5,-5,-5,-5,-5,-5,-5,-5,-5,-5,-5,-5,-5,-5,-5,-5,-5,-5,-5
11109,17,-4,1,1,-2,5000,47,39,34548,6000,-3,7500,-2,-2,13000,10000,-3,-2,-3,21614,56188,59640,-2,-2,-2,26033,13768,29224,65188,53870,48840,69716,-2,-1,-3
11110,15,-4,3,1,3416,6200,56,53,49161,8108,6470,16720,16359,-5,-5,-5,-5,-5,-5,-5,-5,-5,-5,-5,-5,-5,-5,-5,-5,-5,-5,-5,-5,-5,-5
11111,15,-4,3,1,6100,5900,84,74,70168,7200,-2,-1,16440,-5,-5,-5,-5,-5,-5,-5,-5,-5,-5,-5,-5,-5,-5,-5,-5,-5,-5,-5,-5,-5,-5
11112,15,-4,3,1,4170,6285,38,32,27287,10160,9550,10555,12460,-5,-5,-5,-5,-5,-5,-5,-5,-5,-5,-5,-5,-5,-5,-5,-5,-5,-5,-5,-5,-5,-5
11113,15,-4,3,1,-2,2530,51,40,38988,7700,30000,52400,14000,-5,-5,-5,-5,-5,-5,-5,-5,-5,-5,-5,-5,-5,-5,-5,-5,-5,-5,-5,-5,-5,-5
11114,15,-4,3,1,4230,5730,57,61,47343,6859,25000,6272,9463,-5,-5,-5,-5,-5,-5,-5,-5,-5,-5,-5,-5,-5,-5,-5,-5,-5,-5,-5,-5,-5,-5
11115,18,-4,3,2,5655,11000,86,82,78787,27000,22200,30040,11075,-5,-5,-5,-5,-5,-5,-5,-5,-5,-5,-5,-5,-5,-5,-5,-5,-5,-5,-5,-5,-5,-5
11116,18,-4,3,2,4000,8005,76,78,80636,7020,8000,10000,15000,-5,-5,-5,-5,-5,-5,-5,-5,-5,-5,-5,-5,-5,-5,-5,-5,-5,-5,-5,-5,-5,-5
11117,15,-4,3,1,5810,6140,77,64,69419,10200,9535,20810,29730,-5,-5,-5,-5,-5,-5,-5,-5,-5,-5,-5,-5,-5,-5,-5,-5,-5,-5,-5,-5,-5,-5
11118,17,-4,1,1,2500,-5,-4,-4,-4,9000,-3,9950,20000,11000,12027,14000,15000,31000,15000,11745,37160,19940,17795,57860,55928,60000,64676,-5,52700,71520,59095,45858,71372,-5,-5
11119,15,-4,3,1,4950,5820,54,53,58393,9486,-2,5577,7905,-5,-5,-5,-5,-5,-5,-5,-5,-5,-5,-5,-5,-5,-5,-5,-5,-5,-5,-5,-5,-5,-5
11120,15,-4,3,1,17400,19100,84,80,74532,5900,8872,21660,-2,-5,-5,-5,-5,-5,-5,-5,-5,-5,-5,-5,-5,-5,-5,-5,-5,-5,-5,-5,-5,-5,-5
11121,15,-4,3,1,5500,20332,45,35,25291,14404,22500,29376,50500,-5,-5,-5,-5,-5,-5,-5,-5,-5,-5,-5,-5,-5,-5,-5,-5,-5,-5,-5,-5,-5,-5
11122,18,-4,3,2,17015,6900,56,74,77208,18822,17940,21000,20000,-5,-5,-5,-5,-5,-5,-5,-5,-5,-5,-5,-5,-5,-5,-5,-5,-5,-5,-5,-5,-5,-5
11123,20,5465,1,2,5465,20270,67,70,61572,14600,23000,-2,34050,-5,-5,-5,-5,-5,-5,-5,-5,-5,-5,-5,-5,-5,-5,-5,-5,-5,-5,-5,-5,-5,-5
11124,16,-4,2,1,7050,23000,27,27,21809,9000,1400,10000,12000,-5,-5,-5,-5,-5,-5,-5,-5,-5,-5,-5,-5,-5,-5,-5,-5,-5,-5,-5,-5,-5,-5
11125,19,-4,2,2,4799,-3,13,12,8485,-3,8000,6000,8702,-5,-5,-5,-5,-5,-5,-5,-5,-5,-5,-5,-5,-5,-5,-5,-5,-5,-5,-5,-5,-5,-5
11126,15,-2,3,1,-2,14495,36,42,35697,-3,15000,12445,5860,-5,-5,-5,-5,-5,-5,-5,-5,-5,-5,-5,-5,-5,-5,-5,-5,-5,-5,-5,-5,-5,-5
11127,15,-4,3,1,6620,6500,63,55,43919,18550,10172,10082,19588,-5,-5,-5,-5,-5,-5,-5,-5,-5,-5,-5,-5,-5,-5,-5,-5,-5,-5,-5,-5,-5,-5
11128,17,-4,1,1,5700,6200,42,43,40606,-3,6780,7073,-2,-5,-5,-5,-5,-5,-5,-5,-5,-5,-5,-5,-5,-5,-5,-5,-5,-5,-5,-5,-5,-5,-5
11129,15,-4,3,1,5400,7000,56,75,55905,7100,17149,12514,16500,-5,-5,-5,-5,-5,-5,-5,-5,-5,-5,-5,-5,-5,-5,-5,-5,-5,-5,-5,-5,-5,-5
11130,19,-4,2,2,6000,-3,44,32,32222,8700,17000,20836,23187,-5,-5,-5,-5,-5,-5,-5,-5,-5,-5,-5,-5,-5,-5,-5,-5,-5,-5,-5,-5,-5,-5
11131,18,-4,3,2,6000,6000,92,84,84696,14408,20210,24000,2330,-5,-5,-5,-5,-5,-5,-5,-5,-5,-5,-5,-5,-5,-5,-5,-5,-5,-5,-5,-5,-5,-5
11132,18,-4,3,2,6364,-3,57,63,65396,8743,4440,-5,-2,4680,16043,14640,-2,17970,14200,-3,23430,21700,-2,-2,-5,-5,-5,-1,-5,-5,-2,-5,-5,-5,28740
11133,18,-4,3,2,5400,7170,80,73,76931,6310,3000,-2,9830,-5,-5,-5,-5,-5,-5,-5,-5,-5,-5,-5,-5,-5,-5,-5,-5,-5,-5,-5,-5,-5,-5
11134,18,-4,3,2,5364,5300,77,71,64910,-3,9193,-2,23413,-5,-5,-5,-5,-5,-5,-5,-5,-5,-5,-5,-5,-5,-5,-5,-5,-5,-5,-5,-5,-5,-5
11135,18,-4,3,2,-3,30000,-4,-4,-4,21000,7600,23988,18603,-5,-5,-5,-5,-5,-5,-5,-5,-5,-5,-5,-5,-5,-5,-5,-5,-5,-5,-5,-5,-5,-5
11136,19,-4,2,2,4646,5000,54,52,44370,11806,3780,3032,18376,-5,-5,-5,-5,-5,-5,-5,-5,-5,-5,-5,-5,-5,-5,-5,-5,-5,-5,-5,-5,-5,-5
11137,18,-4,3,2,3780,-3,67,42,40332,15000,13000,11600,17324,-5,-5,-5,-5,-5,-5,-5,-5,-5,-5,-5,-5,-5,-5,-5,-5,-5,-5,-5,-5,-5,-5
11138,15,-4,3,1,7417,63000,21,19,17817,70000,54000,22000,25608,-5,-5,-5,-5,-5,-5,-5,-5,-5,-5,-5,-5,-5,-5,-5,-5,-5,-5,-5,-5,-5,-5
11139,15,-4,3,1,12000,14506,35,35,24787,15015,16950,13843,12996,-5,-5,-5,-5,-5,-5,-5,-5,-5,-5,-5,-5,-5,-5,-5,-5,-5,-5,-5,-5,-5,-5
11140,15,-4,3,1,5500,6000,28,27,18608,-3,-5,-3,-5,-5,-5,-5,-5,-5,-5,-5,-5,-5,-5,-5,-5,-5,-5,-5,-5,-5,-5,-5,-5,-5,-5
11141,15,-4,3,1,5400,6828,30,25,25583,13712,14000,11700,14476,-5,-5,-5,-5,-5,-5,-5,-5,-5,-5,-5,-5,-5,-5,-5,-5,-5,-5,-5,-5,-5,-5
11142,17,-4,1,1,4625,8200,56,46,46857,8000,8000,13200,25000,11000,-2,22065,25600,41500,46500,48300,50500,45700,47300,54400,72000,-2,101500,109500,108500,127500,144600,148000,132000,106000,89867
11143,15,-4,3,1,5000,6640,38,38,32037,-3,7982,9756,13516,-5,-5,-5,-5,-5,-5,-5,-5,-5,-5,-5,-5,-5,-5,-5,-5,-5,-5,-5,-5,-5,-5
11144,19,-4,2,2,4230,4500,46,39,34599,-3,9830,-2,-2,-5,-5,-5,-5,-5,-5,-5,-5,-5,-5,-5,-5,-5,-5,-5,-5,-5,-5,-5,-5,-5,-5
11145,18,-3,3,2,-3,6436,56,62,63736,-3,19176,-2,37050,-5,-5,-5,-5,-5,-5,-5,-5,-5,-5,-5,-5,-5,-5,-5,-5,-5,-5,-5,-5,-5,-5
11146,18,-4,3,2,4200,6041,45,38,39142,6020,-2,-2,19600,-5,-5,-5,-5,-5,-5,-5,-5,-5,-5,-5,-5,-5,-5,-5,-5,-5,-5,-5,-5,-5,-5
11147,18,-4,3,2,-2,16400,46,36,40748,700,-5,4224,6286,-5,-5,-5,-5,-5,-5,-5,-5,-5,-5,-5,-5,-5,-5,-5,-5,-5,-5,-5,-5,-5,-5
11148,18,-4,3,2,6662,12041,81,77,73498,10143,11000,11400,9251,-5,-5,-5,-5,-5,-5,-5,-5,-5,-5,-5,-5,-5,-5,-5,-5,-5,-5,-5,-5,-5,-5
11149,18,-4,3,2,11075,6024,93,84,82545,19650,27050,39367,27040,-5,-5,-5,-5,-5,-5,-5,-5,-5,-5,-5,-5,-5,-5,-5,-5,-5,-5,-5,-5,-5,-5
11150,18,-4,3,2,6100,15950,74,58,42269,28584,15400,-5,-5,-5,-5,-5,-5,-5,-5,-5,-5,-5,-5,-5,-5,-5,-5,-5,-5,-5,-5,-5,-5,-5,-5
11151,18,-4,3,2,4010,15039,58,50,43405,12562,14200,28100,31900,-5,-5,-5,-5,-5,-5,-5,-5,-5,-5,-5,-5,-5,-5,-5,-5,-5,-5,-5,-5,-5,-5
11152,18,-4,3,2,5080,7150,80,76,78977,7800,10900,12750,12900,-5,-5,-5,-5,-5,-5,-5,-5,-5,-5,-5,-5,-5,-5,-5,-5,-5,-5,-5,-5,-5,-5
11153,19,-4,2,2,6014,6095,35,32,27733,16125,19800,-3,12000,-5,-5,-5,-5,-5,-5,-5,-5,-5,-5,-5,-5,-5,-5,-5,-5,-5,-5,-5,-5,-5,-5
11154,15,-4,3,1,5700,6880,91,86,82117,60000,50000,13000,15800,-5,-5,-5,-5,-5,-5,-5,-5,-5,-5,-5,-5,-5,-5,-5,-5,-5,-5,-5,-5,-5,-5
11155,19,-4,2,2,5000,5797,62,70,66777,7178,9000,20025,24825,-5,-5,-5,-5,-5,-5,-5,-5,-5,-5,-5,-5,-5,-5,-5,-5,-5,-5,-5,-5,-5,-5
11156,16,-4,2,1,4000,6500,26,16,15443,11064,11000,-3,-5,-5,-5,-5,-5,-5,-5,-5,-5,-5,-5,-5,-5,-5,-5,-5,-5,-5,-5,-5,-5,-5,-5
11157,17,-4,1,1,-3,7712,35,27,17747,-5,-2,18000,-5,13000,-2,14300,9600,-2,-1,-5,55000,-1,-1,-5,-2,-5,-5,-5,-5,-1,-1,0,-1,-5,-5
11158,15,-4,3,1,5075,9390,36,50,43111,5000,16000,-5,5000,-5,-5,-5,-5,-5,-5,-5,-5,-5,-5,-5,-5,-5,-5,-5,-5,-5,-5,-5,-5,-5,-5
11159,18,-4,3,2,3501,9620,49,56,46290,13960,19100,18807,21450,-5,-5,-5,-5,-5,-5,-5,-5,-5,-5,-5,-5,-5,-5,-5,-5,-5,-5,-5,-5,-5,-5
11160,18,-4,3,2,20360,13600,89,84,89115,12320,9783,13810,11473,-5,-5,-5,-5,-5,-5,-5,-5,-5,-5,-5,-5,-5,-5,-5,-5,-5,-5,-5,-5,-5,-5
11161,19,-4,2,2,-2,25000,57,58,46193,-3,-2,24700,13100,-5,-5,-5,-5,-5,-5,-5,-5,-5,-5,-5,-5,-5,-5,-5,-5,-5,-5,-5,-5,-5,-5
11162,19,-4,2,2,3640,7107,30,30,22190,7023,19400,32430,19932,-5,-5,-5,-5,-5,-5,-5,-5,-5,-5,-5,-5,-5,-5,-5,-5,-5,-5,-5,-5,-5,-5
11163,18,-2,3,2,-2,9400,43,38,25703,9073,28200,29472,20459,-5,-5,-5,-5,-5,-5,-5,-5,-5,-5,-5,-5,-5,-5,-5,-5,-5,-5,-5,-5,-5,-5
11164,18,-4,3,2,-2,6100,45,46,48904,20000,28601,-2,35800,-5,-5,-5,-5,-5,-5,-5,-5,-5,-5,-5,-5,-5,-5,-5,-5,-5,-5,-5,-5,-5,-5
11165,15,-4,3,1,2700,4132,65,45,44793,8800,-2,18293,15475,13249,22900,26000,28600,30500,37000,39790,39300,-1,39000,44200,45200,-5,-5,50000,57600,61000,85000,97000,105000,-5,28800
11166,15,-4,3,1,7040,7000,38,31,27951,6360,4000,11100,13000,20100,23000,-5,-5,4000,10000,12000,9840,-3,-3,9000,8800,-5,-5,-5,-5,-5,-5,-5,-5,-5,-5
11167,15,1800,3,1,1800,5300,18,21,17312,13855,45000,-2,1100,-5,-5,-5,-5,-5,-5,-5,-5,-5,-5,-5,-5,-5,-5,-5,-5,-5,-5,-5,-5,-5,-5
11168,18,-4,3,2,4800,3100,79,58,57667,6613,5339,7705,11558,-5,-5,-5,-5,-5,-5,-5,-5,-5,-5,-5,-5,-5,-5,-5,-5,-5,-5,-5,-5,-5,-5
11169,18,-4,3,2,-2,-5,34,32,23034,14292,14300,10996,14238,-5,-5,-5,-5,-5,-5,-5,-5,-5,-5,-5,-5,-5,-5,-5,-5,-5,-5,-5,-5,-5,-5
11170,18,-4,3,2,6700,5200,82,85,76103,7200,8700,-2,22606,-5,-5,-5,-5,-5,-5,-5,-5,-5,-5,-5,-5,-5,-5,-5,-5,-5,-5,-5,-5,-5,-5
11171,18,-4,3,2,6960,15792,99,99,96932,20720,26422,30145,46950,-5,-5,-5,-5,-5,-5,-5,-5,-5,-5,-5,-5,-5,-5,-5,-5,-5,-5,-5,-5,-5,-5
11172,18,-3,3,2,-3,9500,87,78,77947,-3,17500,-2,11530,-5,-5,-5,-5,-5,-5,-5,-5,-5,-5,-5,-5,-5,-5,-5,-5,-5,-5,-5,-5,-5,-5
11173,18,-4,3,2,-2,-5,-4,-4,-5,-5,-5,-5,-5,-5,-5,-5,-5,-5,-5,-5,-5,-5,-5,-5,-5,-5,-5,-5,-5,-5,-5,-5,-5,-5,-5
11174,18,-4,3,2,5400,34000,99,96,92622,24600,12930,13700,14600,-5,-5,-5,-5,-5,-5,-5,-5,-5,-5,-5,-5,-5,-5,-5,-5,-5,-5,-5,-5,-5,-5
11175,18,-4,3,2,-2,24000,83,78,74425,24000,12038,26600,28400,-5,-5,-5,-5,-5,-5,-5,-5,-5,-5,-5,-5,-5,-5,-5,-5,-5,-5,-5,-5,-5,-5
11176,19,-4,2,2,5567,7200,22,22,23390,11000,18209,21216,21698,-5,-5,-5,-5,-5,-5,-5,-5,-5,-5,-5,-5,-5,-5,-5,-5,-5,-5,-5,-5,-5,-5
11177,18,-4,3,2,6000,6100,76,73,67776,8000,8595,9000,12300,-5,-5,-5,-5,-5,-5,-5,-5,-5,-5,-5,-5,-5,-5,-5,-5,-5,-5,-5,-5,-5,-5
11178,16,-4,2,1,7644,5072,18,19,10669,-3,-2,12500,0,4614,3408,-5,-5,-5,-5,-5,-5,-5,-5,-5,-5,-5,-5,-5,-5,-5,-5,-5,-5,-5,-5
11179,16,-4,2,1,4680,6100,32,22,20165,18000,7250,9000,24000,-5,-5,-5,-5,-5,-5,-5,-5,-5,-5,-5,-5,-5,-5,-5,-5,-5,-5,-5,-5,-5,-5
11180,19,-4,2,2,7012,8392,72,81,73669,7050,4000,6000,13300,-5,-5,-5,-5,-5,-5,-5,-5,-5,-5,-5,-5,-5,-5,-5,-5,-5,-5,-5,-5,-5,-5
11181,15,-4,3,1,13300,18000,57,48,34892,13600,-5,17000,12664,-5,-5,-5,-5,-5,-5,-5,-5,-5,-5,-5,-5,-5,-5,-5,-5,-5,-5,-5,-5,-5,-5
11182,18,-3,3,2,-3,15800,56,43,40317,16480,9000,2000,12031,-5,-5,-5,-5,-5,-5,-5,-5,-5,-5,-5,-5,-5,-5,-5,-5,-5,-5,-5,-5,-5,-5
11183,18,-4,3,2,13200,7000,47,35,26616,13000,22200,-2,14000,-5,-5,-5,-5,-5,-5,-5,-5,-5,-5,-5,-5,-5,-5,-5,-5,-5,-5,-5,-5,-5,-5
11184,19,-4,2,2,7350,9600,11,12,16138,17130,14375,15479,-2,-5,-5,-5,-5,-5,-5,-5,-5,-5,-5,-5,-5,-5,-5,-5,-5,-5,-5,-5,-5,-5,-5
11185,15,-4,3,1,5760,-3,24,25,24985,20000,18000,8898,9700,20200,29300,100001,34580,53000,52000,-2,-2,27000,35000,0,36500,40000,37000,0,57000,42000,42300,40000,44000,45000,40000
11186,17,-4,1,1,5000,9300,20,15,7958,-3,7580,25000,7260,6800,14000,14350,37150,42660,23320,10800,15000,-5,27000,27500,42000,51500,-5,-5,-5,-5,-5,-5,-5,-5,-5
11187,18,-3,3,2,-3,-3,23,21,17223,8300,14200,15000,26000,-5,-5,-5,-5,-5,-5,-5,-5,-5,-5,-5,-5,-5,-5,-5,-5,-5,-5,-5,-5,-5,-5
11188,18,-4,3,2,-3,6588,48,46,41248,7886,4626,4104,10285,-5,-5,-5,-5,-5,-5,-5,-5,-5,-5,-5,-5,-5,-5,-5,-5,-5,-5,-5,-5,-5,-5
11189,18,-4,3,2,13500,15600,52,42,34912,10000,9000,9700,10900,-5,-5,-5,-5,-5,-5,-5,-5,-5,-5,-5,-5,-5,-5,-5,-5,-5,-5,-5,-5,-5,-5
11190,20,-4,1,2,10300,75000,97,94,92314,12100,-2,6554,12750,-5,-5,-5,-5,-5,-5,-5,-5,-5,-5,-5,-5,-5,-5,-5,-5,-5,-5,-5,-5,-5,-5
11191,18,-4,3,2,16800,21000,36,46,33913,9234,18069,20172,-3,-5,-5,-5,-5,-5,-5,-5,-5,-5,-5,-5,-5,-5,-5,-5,-5,-5,-5,-5,-5,-5,-5
11192,16,-4,2,1,-2,25000,16,15,10252,13000,-2,2305,-2,-2,10500,-2,4000,23200,21200,16300,-2,32000,1500,-2,88000,-2,30600,-2,92500,-1,-2,-5,-1,60600,-3
11193,15,-2,3,1,-2,5940,25,22,17434,9990,-5,8200,-2,-5,-5,-5,-5,-5,-5,-5,-5,-5,-5,-5,-5,-5,-5,-5,-5,-5,-5,-5,-5,-5,-5
11194,16,-4,2,1,4083,6000,1,2,778,-3,4198,-2,8000,-5,-5,-5,-5,-5,-5,-5,-5,-5,-5,-5,-5,-5,-5,-5,-5,-5,-5,-5,-5,-5,-5
11195,16,-4,2,1,3300,3700,22,21,19664,6908,0,8800,-2,-5,-5,-5,-5,-5,-5,-5,-5,-5,-5,-5,-5,-5,-5,-5,-5,-5,-5,-5,-5,-5,-5
11196,15,-3,3,1,-3,14756,43,42,38888,8050,-2,-2,18215,-5,-5,-5,-5,-5,-5,-5,-5,-5,-5,-5,-5,-5,-5,-5,-5,-5,-5,-5,-5,-5,-5
11197,15,-4,3,1,6500,21500,95,96,88609,8785,2869,3100,8720,-5,-5,-5,-5,-5,-5,-5,-5,-5,-5,-5,-5,-5,-5,-5,-5,-5,-5,-5,-5,-5,-5
11198,15,-4,3,1,13645,20000,68,91,85335,15000,8101,5540,9700,-5,-5,-5,-5,-5,-5,-5,-5,-5,-5,-5,-5,-5,-5,-5,-5,-5,-5,-5,-5,-5,-5
11199,19,-4,2,2,11885,12111,49,46,42726,19900,16008,17310,36090,39460,55000,25010,26000,55100,27025,35050,29000,30025,32000,39000,46500,-5,-5,-5,43392,-2,102360,72824,75687,76392,154820
11200,18,-4,3,2,-2,327,21,24,17879,0,16800,16388,22259,-5,-5,-5,-5,-5,-5,-5,-5,-5,-5,-5,-5,-5,-5,-5,-5,-5,-5,-5,-5,-5,-5
11201,15,-4,3,1,5300,-3,29,32,20250,13000,11500,17000,19640,-5,-5,-5,-5,-5,-5,-5,-5,-5,-5,-5,-5,-5,-5,-5,-5,-5,-5,-5,-5,-5,-5
11202,15,-4,3,1,6000,14000,49,38,32425,20000,-2,-5,-5,-5,-5,-5,-5,-5,-5,-5,-5,-5,-5,-5,-5,-5,-5,-5,-5,-5,-5,-5,-5,-5,-5
11203,18,-4,3,2,5638,11268,66,54,40755,11890,14171,10700,16500,-5,-5,-5,-5,-5,-5,-5,-5,-5,-5,-5,-5,-5,-5,-5,-5,-5,-5,-5,-5,-5,-5
11204,18,-3,3,2,-3,75001,86,84,79430,-3,-2,45000,-2,-5,-5,-5,-5,-5,-5,-5,-5,-5,-5,-5,-5,-5,-5,-5,-5,-5,-5,-5,-5,-5,-5
11205,15,-3,3,1,-3,8900,31,29,30800,33200,40000,11000,11000,-5,-5,-5,-5,-5,-5,-5,-5,-5,-5,-5,-5,-5,-5,-5,-5,-5,-5,-5,-5,-5,-5
11206,16,-4,2,1,5400,-3,-4,-4,-4,18548,-3,2500,2400,-5,-5,-5,-5,-5,-5,-5,-5,-5,-5,-5,-5,-5,-5,-5,-5,-5,-5,-5,-5,-5,-5
11207,15,-4,3,1,10500,29000,21,25,12980,24000,28000,25000,20144,-5,-5,-5,-5,-5,-5,-5,-5,-5,-5,-5,-5,-5,-5,-5,-5,-5,-5,-5,-5,-5,-5
11208,15,-4,3,1,5800,30000,38,51,33946,27000,16124,13480,12500,-5,-5,-5,-5,-5,-5,-5,-5,-5,-5,-5,-5,-5,-5,-5,-5,-5,-5,-5,-5,-5,-5
11209,17,-4,1,1,7832,-3,19,14,18886,15730,18000,18535,9510,8320,9300,14500,47020,31080,32600,44000,-5,38000,-1,60000,62000,65000,70000,105000,91000,130000,107560,110000,90000,87000,209000
11210,19,-4,2,2,310,7000,8,7,4014,2430,-2,600,-2,-5,-5,-5,-5,-5,-5,-5,-5,-5,-5,-5,-5,-5,-5,-5,-5,-5,-5,-5,-5,-5,-5
11211,19,8000,2,2,8000,13848,29,32,33012,2370,8413,15000,-2,-5,-5,-5,-5,-5,-5,-5,-5,-5,-5,-5,-5,-5,-5,-5,-5,-5,-5,-5,-5,-5,-5
11212,15,17000,3,1,17000,-5,-4,-4,-4,8000,-5,-5,-5,-5,-5,-5,-5,-5,-5,-5,-5,-5,-5,-5,-5,-5,-5,-5,-5,-5,-5,-5,-5,-5,-5
11213,18,33000,3,2,33000,4044,98,96,90260,-5,10080,14200,15680,-5,-5,-5,-5,-5,-5,-5,-5,-5,-5,-5,-5,-5,-5,-5,-5,-5,-5,-5,-5,-5,-5
11214,18,-4,3,2,-3,7698,60,80,76431,-3,21700,9550,31320,-5,-5,-5,-5,-5,-5,-5,-5,-5,-5,-5,-5,-5,-5,-5,-5,-5,-5,-5,-5,-5,-5
11215,15,-4,3,1,-2,8376,27,25,24205,12368,13031,28700,20388,25659,19334,15111,13312,21412,19453,18148,14000,16000,17000,26960,31000,28000,15720,29000,255000,152000,14500,-5,137000,140000,131096
11216,15,-4,3,1,-3,16000,52,53,39403,19000,10328,774,11987,-5,-5,-5,-5,-5,-5,-5,-5,-5,-5,-5,-5,-5,-5,-5,-5,-5,-5,-5,-5,-5,-5
11217,18,7000,3,2,7000,4200,33,28,25988,20000,18490,7980,-2,-5,-5,-5,-5,-5,-5,-5,-5,-5,-5,-5,-5,-5,-5,-5,-5,-5,-5,-5,-5,-5,-5
11218,15,-4,3,1,4820,75001,99,99,97636,-3,40000,3800,5603,32100,50500,90000,100001,1057448,59000,-2,839078,160097,189918,-5,-5,-5,-5,-5,70000,67000,80010,-5,-5,0,25000
11219,18,-3,3,2,-3,9600,62,58,70110,10000,14032,24210,7460,-5,-5,-5,-5,-5,-5,-5,-5,-5,-5,-5,-5,-5,-5,-5,-5,-5,-5,-5,-5,-5,-5
11220,18,-4,3,2,20200,12964,91,89,82299,-3,11670,41800,40200,-5,-5,-5,-5,-5,-5,-5,-5,-5,-5,-5,-5,-5,-5,-5,-5,-5,-5,-5,-5,-5,-5
11221,16,-4,2,1,6116,19970,35,28,19596,7500,7000,-5,-5,45000,7400,6400,10532,10360,5240,1530,11000,1800,0,38000,35000,47400,46800,50000,43000,58000,44070,62000,0,29400,37000
11222,20,-2,1,2,-2,17375,99,96,92848,12645,7250,13944,14210,-5,-5,-5,-5,-5,-5,-5,-5,-5,-5,-5,-5,-5,-5,-5,-5,-5,-5,-5,-5,-5,-5
11223,15,-4,3,1,-3,-5,-4,-4,-4,46112,31030,58000,-5,-5,-5,-5,-5,-5,-5,-5,-5,-5,-5,-5,-5,-5,-5,-5,-5,-5,-5,-5,-5,-5,-5
11224,18,-4,3,2,-3,5971,86,76,69825,10060,11581,12198,5300,-5,-5,-5,-5,-5,-5,-5,-5,-5,-5,-5,-5,-5,-5,-5,-5,-5,-5,-5,-5,-5,-5
11225,18,-4,3,2,-2,-3,75,77,80950,32000,4180,7200,8505,-5,-5,-5,-5,-5,-5,-5,-5,-5,-5,-5,-5,-5,-5,-5,-5,-5,-5,-5,-5,-5,-5
11226,18,-4,3,2,10800,15000,90,88,80141,18615,14080,15800,18500,-5,-5,-5,-5,-5,-5,-5,-5,-5,-5,-5,-5,-5,-5,-5,-5,-5,-5,-5,-5,-5,-5
11227,15,20000,3,1,20000,14900,-4,-4,-4,5400,18800,-2,2092,2310,8000,13000,20000,28504,35090,26000,29804,37780,40000,35512,44510,60020,82000,87300,163000,46000,63000,13000,53000,51000,69000
11228,18,-3,3,2,-3,-3,56,43,43617,17424,24616,14681,12870,-5,-5,-5,-5,-5,-5,-5,-5,-5,-5,-5,-5,-5,-5,-5,-5,-5,-5,-5,-5,-5,-5
11229,15,6480,3,1,6480,5772,20,23,19812,5000,9196,-2,-2,-5,-5,-5,-5,-5,-5,-5,-5,-5,-5,-5,-5,-5,-5,-5,-5,-5,-5,-5,-5,-5,-5
11230,15,-4,3,1,1380,6000,23,18,9114,17000,11784,15616,15310,-5,-5,-5,-5,-5,-5,-5,-5,-5,-5,-5,-5,-5,-5,-5,-5,-5,-5,-5,-5,-5,-5
11231,16,-4,2,1,-3,12500,5,7,15521,6800,10000,9000,11700,16000,10000,-2,21000,11400,500,17000,7000,3000,12000,10000,10000,10000,11000,11000,15000,15000,10000,0,10000,25000,10000
11232,15,12000,3,1,12000,9700,40,35,28197,21000,27200,-2,20200,-5,-5,-5,-5,-5,-5,-5,-5,-5,-5,-5,-5,-5,-5,-5,-5,-5,-5,-5,-5,-5,-5
11233,15,10000,3,1,10000,-3,66,57,53419,15000,18000,18000,12000,-5,-5,-5,-5,-5,-5,-5,-5,-5,-5,-5,-5,-5,-5,-5,-5,-5,-5,-5,-5,-5,-5
11234,15,-4,3,1,6450,19000,40,38,26688,45000,50000,25000,15000,-5,-5,-5,-5,-5,-5,-5,-5,-5,-5,-5,-5,-5,-5,-5,-5,-5,-5,-5,-5,-5,-5
11235,18,-4,3,2,-3,23724,74,59,52253,33425,33300,-5,36000,-5,-5,-5,-5,-5,-5,-5,-5,-5,-5,-5,-5,-5,-5,-5,-5,-5,-5,-5,-5,-5,-5
11236,18,-4,3,2,5820,2000,30,38,37626,3305,-2,-2,30908,-2,20158,67000,31496,41000,43272,73500,48050,-2,-2,34736,-2,64525,40598,-2,-2,-5,-5,-5,-5,-5,-5
11237,18,-4,3,2,10000,-3,38,39,41770,21552,16130,30148,44000,-5,-5,-5,-5,-5,-5,-5,-5,-5,-5,-5,-5,-5,-5,-5,-5,-5,-5,-5,-5,-5,-5
11238,15,-4,3,1,6005,45000,77,78,68000,25000,35000,12800,18500,-5,-5,-5,-5,-5,-5,-5,-5,-5,-5,-5,-5,-5,-5,-5,-5,-5,-5,-5,-5,-5,-5
11239,15,-4,3,1,5150,50000,79,72,67453,50000,28000,19924,-2,-5,-5,-5,-5,-5,-5,-5,-5,-5,-5,-5,-5,-5,-5,-5,-5,-5,-5,-5,-5,-5,-5
11240,15,-4,3,1,6600,8000,-4,-4,-4,8055,-5,8880,28000,-5,-5,-5,-5,-5,-5,-5,-5,-5,-5,-5,-5,-5,-5,-5,-5,-5,-5,-5,-5,-5,-5
11241,15,-4,3,1,6200,60000,81,75,65125,70000,27500,34200,39800,33100,80000,32100,35512,32000,43500,48000,60500,68500,73000,112000,99000,92150,165000,108000,128000,94000,100000,115000,110020,120000,128000
11242,15,-4,3,1,7100,12300,93,96,95804,26492,27876,18996,23500,-5,-5,-5,-5,-5,-5,-5,-5,-5,-5,-5,-5,-5,-5,-5,-5,-5,-5,-5,-5,-5,-5
11243,18,-4,3,2,5550,-5,-4,-4,-4,5500,10185,10855,19697,-5,-5,-5,-5,-5,-5,-5,-5,-5,-5,-5,-5,-5,-5,-5,-5,-5,-5,-5,-5,-5,-5
11244,18,-4,3,2,7905,-3,76,78,78987,19585,31820,32826,32172,-5,-5,-5,-5,-5,-5,-5,-5,-5,-5,-5,-5,-5,-5,-5,-5,-5,-5,-5,-5,-5,-5
11245,15,-4,3,1,10200,8700,69,67,58225,8569,11075,11084,48421,-5,-5,-5,-5,-5,-5,-5,-5,-5,-5,-5,-5,-5,-5,-5,-5,-5,-5,-5,-5,-5,-5
11246,15,-4,3,1,-2,50000,1,1,577,-3,-5,-5,-5,-5,-5,-5,-5,-5,-5,-5,-5,-5,-5,-5,-5,-5,-5,-5,-5,-5,-5,-5,-5,-5,-5
11247,15,-4,3,1,5000,8500,-4,-4,-4,1040,7218,34968,-2,31400,-2,17000,23000,22000,44000,43700,36100,48000,49400,53500,-2,60000,62400,81000,64000,81000,64200,69000,92400,90500,75000
11248,15,-4,3,1,13420,13229,56,69,74106,11000,18510,19005,21500,-5,-5,-5,-5,-5,-5,-5,-5,-5,-5,-5,-5,-5,-5,-5,-5,-5,-5,-5,-5,-5,-5
11249,15,-4,3,1,9010,6120,41,36,40008,-5,-2,10155,12010,-5,-5,-5,-5,-5,-5,-5,-5,-5,-5,-5,-5,-5,-5,-5,-5,-5,-5,-5,-5,-5,-5
11250,15,-4,3,1,9500,10500,42,42,32372,-3,-2,9000,11882,-5,-5,-5,-5,-5,-5,-5,-5,-5,-5,-5,-5,-5,-5,-5,-5,-5,-5,-5,-5,-5,-5
11251,15,-4,3,1,6000,7205,-4,-4,-4,6500,11600,10030,-2,-5,-5,-5,-5,-5,-5,-5,-5,-5,-5,-5,-5,-5,-5,-5,-5,-5,-5,-5,-5,-5,-5
11252,15,-4,3,1,5618,-5,-4,-4,-4,6700,7500,16014,14741,-5,-5,-5,-5,-5,-5,-5,-5,-5,-5,-5,-5,-5,-5,-5,-5,-5,-5,-5,-5,-5,-5
11253,15,-4,3,1,7500,9600,74,72,73918,9742,11211,14009,18100,-5,-5,-5,-5,-5,-5,-5,-5,-5,-5,-5,-5,-5,-5,-5,-5,-5,-5,-5,-5,-5,-5
11254,15,-4,3,1,5000,35000,82,80,84006,5800,25000,5935,10197,-5,-5,-5,-5,-5,-5,-5,-5,-5,-5,-5,-5,-5,-5,-5,-5,-5,-5,-5,-5,-5,-5
11255,15,-4,3,1,2605,7466,53,43,32247,9380,-2,10046,14082,-5,-5,-5,-5,-5,-5,-5,-5,-5,-5,-5,-5,-5,-5,-5,-5,-5,-5,-5,-5,-5,-5
11256,15,-4,3,1,5200,-5,-4,-4,-5,-5,-5,26000,12000,18000,-5,-5,-5,-5,-5,-5,-5,-5,-5,-5,-5,-5,-5,-5,-5,-5,-5,-5,-5,-5,-5
11257,15,-4,3,1,-3,-5,-4,-4,-5,-5,-5,-5,-5,-5,-5,-5,-5,-5,-5,-5,-5,-5,-5,-5,-5,-5,-5,-5,-5,-5,-5,-5,-5,-5,-5
11258,15,-4,3,1,11000,16452,72,58,46282,13598,14497,18200,13737,-5,-5,-5,-5,-5,-5,-5,-5,-5,-5,-5,-5,-5,-5,-5,-5,-5,-5,-5,-5,-5,-5
11259,18,-4,3,2,7700,6576,39,41,41983,8088,8570,23078,29274,-5,-5,-5,-5,-5,-5,-5,-5,-5,-5,-5,-5,-5,-5,-5,-5,-5,-5,-5,-5,-5,-5
11260,18,-4,3,2,-2,-3,35,52,34588,-5,-2,-2,-2,-5,-5,-5,-5,-5,-5,-5,-5,-5,-5,-5,-5,-5,-5,-5,-5,-5,-5,-5,-5,-5,-5
11261,18,-4,3,2,4800,-3,49,65,73679,8600,18000,14160,20000,-5,-5,-5,-5,-5,-5,-5,-5,-5,-5,-5,-5,-5,-5,-5,-5,-5,-5,-5,-5,-5,-5
11262,18,-4,3,2,-2,13500,48,42,29156,6000,12400,19759,30000,-5,-5,-5,-5,-5,-5,-5,-5,-5,-5,-5,-5,-5,-5,-5,-5,-5,-5,-5,-5,-5,-5
11263,15,-4,3,1,6000,7800,34,29,29723,7876,16100,10354,10679,-5,-5,-5,-5,-5,-5,-5,-5,-5,-5,-5,-5,-5,-5,-5,-5,-5,-5,-5,-5,-5,-5
11264,16,-4,2,1,5820,5901,46,48,42542,-5,22890,-5,24400,-5,-5,-5,-5,-5,-5,-5,-5,-5,-5,-5,-5,-5,-5,-5,-5,-5,-5,-5,-5,-5,-5
11265,15,-4,3,1,6200,33000,62,67,60987,48800,75001,34000,40600,-5,-5,-5,-5,-5,-5,-5,-5,-5,-5,-5,-5,-5,-5,-5,-5,-5,-5,-5,-5,-5,-5
11266,18,-4,3,2,5000,6050,57,59,55946,15544,11776,9300,10100,-5,-5,-5,-5,-5,-5,-5,-5,-5,-5,-5,-5,-5,-5,-5,-5,-5,-5,-5,-5,-5,-5
11267,15,-4,3,1,3000,5947,34,29,33146,6948,8900,17650,28474,-5,-5,-5,-5,-5,-5,-5,-5,-5,-5,-5,-5,-5,-5,-5,-5,-5,-5,-5,-5,-5,-5
11268,18,-4,3,2,13840,18171,42,45,38343,12386,-2,13075,14374,-5,-5,-5,-5,-5,-5,-5,-5,-5,-5,-5,-5,-5,-5,-5,-5,-5,-5,-5,-5,-5,-5
11269,18,-4,3,2,2500,5755,69,58,68730,-5,-5,21000,25000,-5,-5,-5,-5,-5,-5,-5,-5,-5,-5,-5,-5,-5,-5,-5,-5,-5,-5,-5,-5,-5,-5
11270,18,-4,3,2,4500,6040,99,89,91395,9020,10000,29450,39380,-5,-5,-5,-5,-5,-5,-5,-5,-5,-5,-5,-5,-5,-5,-5,-5,-5,-5,-5,-5,-5,-5
11271,15,-4,3,1,3500,8200,83,77,72176,9540,15000,32500,43700,-5,-5,-5,-5,-5,-5,-5,-5,-5,-5,-5,-5,-5,-5,-5,-5,-5,-5,-5,-5,-5,-5
11272,18,-4,3,2,3400,6100,75,67,68409,14720,13300,26800,30090,-5,-5,-5,-5,-5,-5,-5,-5,-5,-5,-5,-5,-5,-5,-5,-5,-5,-5,-5,-5,-5,-5
11273,15,-4,3,1,6110,-3,89,97,95043,-3,11000,29500,-2,-5,-5,-5,-5,-5,-5,-5,-5,-5,-5,-5,-5,-5,-5,-5,-5,-5,-5,-5,-5,-5,-5
11274,16,-4,2,1,2765,6456,-4,-4,-4,8409,11373,13886,16369,25150,26760,22000,24400,21482,17027,26525,28000,32020,32040,52020,43014,48530,50000,51030,66000,65000,67000,89020,68200,70050,76000
11275,15,-4,3,1,26,60000,97,91,89105,42000,42000,50000,7220,8100,15024,18000,19810,23000,22500,24000,24500,25000,25900,21000,35000,41500,25000,21000,36600,75500,100100,108000,43000,50000,40000
11276,19,-4,2,2,3700,10000,52,39,39218,13000,25000,-5,29500,-5,-5,-5,-5,-5,-5,-5,-5,-5,-5,-5,-5,-5,-5,-5,-5,-5,-5,-5,-5,-5,-5
11277,18,-4,3,2,-2,12000,45,45,43848,12000,11000,43000,32876,-5,-5,-5,-5,-5,-5,-5,-5,-5,-5,-5,-5,-5,-5,-5,-5,-5,-5,-5,-5,-5,-5
11278,18,-4,3,2,7000,-3,52,50,44910,34000,-2,13500,27000,-5,-5,-5,-5,-5,-5,-5,-5,-5,-5,-5,-5,-5,-5,-5,-5,-5,-5,-5,-5,-5,-5
11279,15,-4,3,1,3788,5690,73,72,63279,-5,7830,11650,4000,-5,-5,-5,-5,-5,-5,-5,-5,-5,-5,-5,-5,-5,-5,-5,-5,-5,-5,-5,-5,-5,-5
11280,15,12000,3,1,12000,17000,75,67,57730,-3,24276,-2,22500,-5,-5,-5,-5,-5,-5,-5,-5,-5,-5,-5,-5,-5,-5,-5,-5,-5,-5,-5,-5,-5,-5
11281,15,-4,3,1,3949,7010,85,85,76555,7230,12000,10222,14200,-5,-5,-5,-5,-5,-5,-5,-5,-5,-5,-5,-5,-5,-5,-5,-5,-5,-5,-5,-5,-5,-5
11282,15,38000,3,1,38000,45000,8,10,13169,57500,30000,30000,-2,-5,-5,-5,-5,-5,-5,-5,-5,-5,-5,-5,-5,-5,-5,-5,-5,-5,-5,-5,-5,-5,-5
11283,18,-4,3,2,-2,13000,99,99,96848,11400,14410,16003,27876,-5,-5,-5,-5,-5,-5,-5,-5,-5,-5,-5,-5,-5,-5,-5,-5,-5,-5,-5,-5,-5,-5
11284,18,-4,3,2,17920,12394,64,67,57725,15305,15201,5332,6350,-5,-5,-5,-5,-5,-5,-5,-5,-5,-5,-5,-5,-5,-5,-5,-5,-5,-5,-5,-5,-5,-5
11285,18,-4,3,2,7530,70000,81,72,64178,15350,17810,17685,8109,-5,-5,-5,-5,-5,-5,-5,-5,-5,-5,-5,-5,-5,-5,-5,-5,-5,-5,-5,-5,-5,-5
11286,19,-4,2,2,6500,15000,44,55,54692,22023,21696,33120,30049,-5,-5,-5,-5,-5,-5,-5,-5,-5,-5,-5,-5,-5,-5,-5,-5,-5,-5,-5,-5,-5,-5
11287,15,-4,3,1,12150,18401,91,80,87092,23043,29208,32300,31943,-5,-5,-5,-5,-5,-5,-5,-5,-5,-5,-5,-5,-5,-5,-5,-5,-5,-5,-5,-5,-5,-5
11288,15,-4,3,1,23480,-5,64,59,49527,24434,33538,40542,53500,-5,-5,-5,-5,-5,-5,-5,-5,-5,-5,-5,-5,-5,-5,-5,-5,-5,-5,-5,-5,-5,-5
11289,15,-4,3,1,-3,5000,37,33,23448,7004,50000,-2,-5,-5,-5,-5,-5,-5,-5,-5,-5,-5,-5,-5,-5,-5,-5,-5,-5,-5,-5,-5,-5,-5,-5
11290,15,-4,3,1,4055,10528,40,36,34901,14400,-5,13700,14170,-5,-5,-5,-5,-5,-5,-5,-5,-5,-5,-5,-5,-5,-5,-5,-5,-5,-5,-5,-5,-5,-5
11291,15,-4,3,1,19500,13030,92,92,90238,16056,22500,-2,22096,-5,-5,-5,-5,-5,-5,-5,-5,-5,-5,-5,-5,-5,-5,-5,-5,-5,-5,-5,-5,-5,-5
11292,15,-3,3,1,-3,8000,56,47,40379,10000,5064,6250,16340,-5,-5,-5,-5,-5,-5,-5,-5,-5,-5,-5,-5,-5,-5,-5,-5,-5,-5,-5,-5,-5,-5
11293,15,-4,3,1,5500,6300,59,53,39481,-3,10000,35000,32520,-5,-5,-5,-5,-5,-5,-5,-5,-5,-5,-5,-5,-5,-5,-5,-5,-5,-5,-5,-5,-5,-5
11294,15,-4,3,1,-2,-3,43,52,55077,6003,7230,12002,13162,-5,-5,-5,-5,-5,-5,-5,-5,-5,-5,-5,-5,-5,-5,-5,-5,-5,-5,-5,-5,-5,-5
11295,17,-4,1,1,7000,18100,65,59,56185,12000,15800,12140,17850,14000,18000,15000,-5,-5,-5,30950,50700,39750,50850,49000,80200,62000,-5,-5,-5,-5,-5,-5,-5,-5,-5
11296,18,-4,3,2,6212,11420,54,50,52463,21000,9056,9600,9000,-5,-5,-5,-5,-5,-5,-5,-5,-5,-5,-5,-5,-5,-5,-5,-5,-5,-5,-5,-5,-5,-5
11297,15,-4,3,1,5448,7556,81,71,71986,7850,11010,10211,19520,-5,-5,-5,-5,-5,-5,-5,-5,-5,-5,-5,-5,-5,-5,-5,-5,-5,-5,-5,-5,-5,-5
11298,18,-4,3,2,5600,25020,75,71,63261,8800,16030,12000,27346,-5,-5,-5,-5,-5,-5,-5,-5,-5,-5,-5,-5,-5,-5,-5,-5,-5,-5,-5,-5,-5,-5
11299,18,-4,3,2,7000,12600,79,79,78917,24020,21400,15600,14413,-5,-5,-5,-5,-5,-5,-5,-5,-5,-5,-5,-5,-5,-5,-5,-5,-5,-5,-5,-5,-5,-5
11300,15,-4,3,1,6010,11000,72,78,75188,8500,11000,10600,12300,-5,-5,-5,-5,-5,-5,-5,-5,-5,-5,-5,-5,-5,-5,-5,-5,-5,-5,-5,-5,-5,-5
11301,15,-4,3,1,6044,30000,94,87,88859,4600,7078,6204,6016,8475,15865,18100,32000,39000,43000,50500,839078,56000,59000,64000,74000,82000,86000,125000,106000,123000,59000,125000,152000,145000,303000
11302,15,-4,3,1,9750,8500,68,67,64144,21000,24000,22570,9595,-5,-5,-5,-5,-5,-5,-5,-5,-5,-5,-5,-5,-5,-5,-5,-5,-5,-5,-5,-5,-5,-5
11303,15,-4,3,1,-3,7355,81,95,94484,6800,13000,16000,18000,-5,-5,-5,-5,-5,-5,-5,-5,-5,-5,-5,-5,-5,-5,-5,-5,-5,-5,-5,-5,-5,-5
11304,18,-4,3,2,18500,16600,78,78,68094,13184,20540,21071,19143,-5,-5,-5,-5,-5,-5,-5,-5,-5,-5,-5,-5,-5,-5,-5,-5,-5,-5,-5,-5,-5,-5
11305,16,-4,2,1,1776,13340,60,57,46114,9000,22000,22000,45000,-5,-5,-5,-5,-5,-5,-5,-5,-5,-5,-5,-5,-5,-5,-5,-5,-5,-5,-5,-5,-5,-5
11306,20,-4,1,2,12000,-5,-4,-4,-4,13500,15000,17800,21000,18275,19831,43450,-5,27780,27500,25901,35200,10050,-5,37900,47900,48260,-5,-5,-5,-5,-5,-5,-5,-5,31044
11307,18,-4,3,2,8400,19200,87,84,73214,19600,29200,29050,26200,-5,-5,-5,-5,-5,-5,-5,-5,-5,-5,-5,-5,-5,-5,-5,-5,-5,-5,-5,-5,-5,-5
11308,18,-4,3,2,8980,16150,99,92,92094,17320,13356,11703,20760,-5,-5,-5,-5,-5,-5,-5,-5,-5,-5,-5,-5,-5,-5,-5,-5,-5,-5,-5,-5,-5,-5
11309,18,-4,3,2,5200,18000,38,49,44020,33000,20000,14000,25500,14620,21989,41000,37500,31250,37500,40045,41704,44080,62500,77560,85954,106800,390662,141800,479983,141100,440692,186000,153500,140400,156400
11310,18,-4,3,2,8626,12875,71,57,53988,-3,14468,17528,13361,-5,-5,-5,-5,-5,-5,-5,-5,-5,-5,-5,-5,-5,-5,-5,-5,-5,-5,-5,-5,-5,-5
11311,15,-4,3,1,11520,19200,56,45,47922,19900,-5,-5,48500,-5,-5,-5,-5,-5,-5,-5,-5,-5,-5,-5,-5,-5,-5,-5,-5,-5,-5,-5,-5,-5,-5
11312,15,-4,3,1,5800,6850,90,92,89540,8132,6536,10567,22549,-5,-5,-5,-5,-5,-5,-5,-5,-5,-5,-5,-5,-5,-5,-5,-5,-5,-5,-5,-5,-5,-5
11313,18,-4,3,2,10298,11510,86,80,72237,14000,26010,27720,11870,-5,-5,-5,-5,-5,-5,-5,-5,-5,-5,-5,-5,-5,-5,-5,-5,-5,-5,-5,-5,-5,-5
11314,15,-4,3,1,-3,6505,91,99,98307,12525,13005,-2,-2,-5,-5,-5,-5,-5,-5,-5,-5,-5,-5,-5,-5,-5,-5,-5,-5,-5,-5,-5,-5,-5,-5
11315,15,-4,3,1,-3,6888,-4,-4,-5,-5,9164,-5,30400,-5,-5,-5,-5,-5,-5,-5,-5,-5,-5,-5,-5,-5,-5,-5,-5,-5,-5,-5,-5,-5,-5
11316,15,-4,3,1,-3,6402,81,87,84122,-5,12602,26185,18002,-5,-5,-5,-5,-5,-5,-5,-5,-5,-5,-5,-5,-5,-5,-5,-5,-5,-5,-5,-5,-5,-5
11317,15,-4,3,1,12000,21002,99,96,93554,12246,16000,17000,22040,25000,20100,15900,32100,41600,63300,60540,-2,74890,-2,75561,124854,2100,-2,70700,52000,62500,66000,90000,120050,124000,-3
11318,15,-4,3,1,3000,6000,-4,-4,-5,-5,-5,4000,-5,-5,-5,-5,-5,-5,-5,-5,-5,-5,-5,-5,-5,-5,-5,-5,-5,-5,-5,-5,-5,-5,-5
11319,18,-4,3,2,2100,5300,65,71,76966,-5,13100,-5,19400,23000,26000,36000,15240,17000,20160,21100,15180,22000,55560,-2,41488,60440,69000,69560,60500,80000,101204,40584,48800,56800,766958
11320,18,-4,3,2,-2,-3,49,53,45417,1300,21004,17014,16911,-5,-5,-5,-5,-5,-5,-5,-5,-5,-5,-5,-5,-5,-5,-5,-5,-5,-5,-5,-5,-5,-5
11321,18,-4,3,2,4700,13464,-4,-4,-4,6500,14623,10900,10762,-5,-5,-5,-5,-5,-5,-5,-5,-5,-5,-5,-5,-5,-5,-5,-5,-5,-5,-5,-5,-5,-5
11322,15,-4,3,1,7010,7000,-4,-4,-4,12020,12915,19040,22020,-5,-5,-5,-5,-5,-5,-5,-5,-5,-5,-5,-5,-5,-5,-5,-5,-5,-5,-5,-5,-5,-5
11323,15,-4,3,1,6050,-5,96,95,92183,-3,-5,-5,-5,-5,-5,-5,-5,-5,-5,-5,-5,-5,-5,-5,-5,-5,-5,-5,-5,-5,-5,-5,-5,-5,-5
11324,18,-4,3,2,5360,11700,70,73,76409,20000,17600,27075,5076,-5,-5,-5,-5,-5,-5,-5,-5,-5,-5,-5,-5,-5,-5,-5,-5,-5,-5,-5,-5,-5,-5
11325,16,-4,2,1,6238,7400,57,53,59437,12000,20000,16000,12049,16550,20304,25050,15020,16000,25000,22010,26020,48000,68150,47100,70000,66240,56100,88032,104496,108400,114700,135584,147800,148600,-3
11326,19,-4,2,2,1000,10000,66,56,69482,14900,8000,14000,15600,-5,-5,-5,-5,-5,-5,-5,-5,-5,-5,-5,-5,-5,-5,-5,-5,-5,-5,-5,-5,-5,-5
11327,18,-4,3,2,3420,6000,-4,-4,-4,-3,16510,19516,26025,-5,-5,-5,-5,-5,-5,-5,-5,-5,-5,-5,-5,-5,-5,-5,-5,-5,-5,-5,-5,-5,-5
11328,15,-4,3,1,6800,6550,78,82,78963,8050,10100,13700,-2,14313,-2,-2,-2,-5,57100,62100,64550,-5,-5,-5,73000,86200,61000,55000,-5,143000,143000,47050,65010,70000,80000
11329,16,-4,2,1,6300,16000,67,53,58340,7429,16000,16140,20750,-5,-5,-5,-5,-5,-5,-5,-5,-5,-5,-5,-5,-5,-5,-5,-5,-5,-5,-5,-5,-5,-5
11330,15,-4,3,1,11300,10000,76,65,54771,-5,14005,22000,16085,-5,-5,-5,-5,-5,-5,-5,-5,-5,-5,-5,-5,-5,-5,-5,-5,-5,-5,-5,-5,-5,-5
11331,15,-4,3,1,4000,5600,79,84,76180,-3,35000,6701,2575,-5,-5,-5,-5,-5,-5,-5,-5,-5,-5,-5,-5,-5,-5,-5,-5,-5,-5,-5,-5,-5,-5
11332,15,-4,3,1,27456,-3,54,53,53477,5000,0,3951,4188,-5,-5,-5,-5,-5,-5,-5,-5,-5,-5,-5,-5,-5,-5,-5,-5,-5,-5,-5,-5,-5,-5
11333,17,-4,1,1,7200,5146,26,30,25234,6000,6000,16000,18000,-5,-5,-5,-5,-5,-5,-5,-5,-5,-5,-5,-5,-5,-5,-5,-5,-5,-5,-5,-5,-5,-5
11334,15,-4,3,1,5000,6100,71,63,52691,7000,9250,1300,-5,-5,13200,-2,-2,40000,-2,-2,42000,45000,47000,-2,29000,26000,-5,-5,-5,-5,-5,-5,-5,-5,-5
11335,15,-4,3,1,17000,-5,-4,-4,-4,7200,-3,18050,14500,-5,-5,-5,-5,-5,-5,-5,-5,-5,-5,-5,-5,-5,-5,-5,-5,-5,-5,-5,-5,-5,-5
11336,15,-4,3,1,6000,4123,70,49,39579,7100,4025,12150,9000,-5,-5,-5,-5,-5,-5,-5,-5,-5,-5,-5,-5,-5,-5,-5,-5,-5,-5,-5,-5,-5,-5
11337,15,-4,3,1,6345,6500,94,91,88047,5500,8000,14000,8200,13000,13000,15000,16000,8000,2500,300,2500,23000,6900,25000,-2,48000,41720,-2,41000,30408,22500,57000,23160,0,-3
11338,15,-4,3,1,5000,6000,38,41,35481,8000,7000,16600,16800,-5,-5,-5,-5,-5,-5,-5,-5,-5,-5,-5,-5,-5,-5,-5,-5,-5,-5,-5,-5,-5,-5
11339,15,-4,3,1,8600,9200,79,86,79831,50000,50000,43019,53310,-5,-5,-5,-5,-5,-5,-5,-5,-5,-5,-5,-5,-5,-5,-5,-5,-5,-5,-5,-5,-5,-5
11340,15,-4,3,1,6000,5700,83,74,78357,6500,40000,45000,60000,42000,65000,37000,49000,55000,60000,70000,75000,79000,80000,52000,55000,122000,125000,140000,145000,160000,184000,160000,130000,240000,90000
11341,19,-4,2,2,-2,8500,74,63,71477,36400,24010,18650,-2,-5,-5,-5,-5,-5,-5,-5,-5,-5,-5,-5,-5,-5,-5,-5,-5,-5,-5,-5,-5,-5,-5
11342,16,-4,2,1,6000,1500,-4,-4,-4,8300,13000,19251,15500,10600,18000,12500,27000,72500,8000,15000,45300,72000,-2,-5,-5,-5,0,25000,-5,-5,-5,-5,-5,45000,71600
11343,18,-4,3,2,20000,-3,77,72,68196,23000,-2,34412,14000,-5,-5,-5,-5,-5,-5,-5,-5,-5,-5,-5,-5,-5,-5,-5,-5,-5,-5,-5,-5,-5,-5
11344,15,-4,3,1,6100,6161,26,22,19040,7500,7000,3000,9458,-5,-5,-5,-5,-5,-5,-5,-5,-5,-5,-5,-5,-5,-5,-5,-5,-5,-5,-5,-5,-5,-5
11345,18,-4,3,2,-3,-5,-4,-4,-5,-5,17349,10674,4800,-5,-5,-5,-5,-5,-5,-5,-5,-5,-5,-5,-5,-5,-5,-5,-5,-5,-5,-5,-5,-5,-5
11346,18,-4,3,2,14500,19000,85,74,59019,20000,-2,-2,27000,-5,-5,-5,-5,-5,-5,-5,-5,-5,-5,-5,-5,-5,-5,-5,-5,-5,-5,-5,-5,-5,-5
11347,18,-3,3,2,-3,11500,83,67,67538,11807,51000,21000,18448,-5,-5,-5,-5,-5,-5,-5,-5,-5,-5,-5,-5,-5,-5,-5,-5,-5,-5,-5,-5,-5,-5
11348,18,-4,3,2,4500,-5,-4,-4,-4,13050,24300,-2,-2,-5,-5,-5,-5,-5,-5,-5,-5,-5,-5,-5,-5,-5,-5,-5,-5,-5,-5,-5,-5,-5,-5
11349,15,-4,3,1,6400,7762,72,70,68828,-5,-5,18000,14070,-5,-5,-5,-5,-5,-5,-5,-5,-5,-5,-5,-5,-5,-5,-5,-5,-5,-5,-5,-5,-5,-5
11350,15,-4,3,1,6100,6586,67,54,53724,-5,-2,-2,31009,-5,-5,-5,-5,-5,-5,-5,-5,-5,-5,-5,-5,-5,-5,-5,-5,-5,-5,-5,-5,-5,-5
11351,15,-4,3,1,5730,7500,85,84,81517,23500,10200,12515,27060,-5,-5,-5,-5,-5,-5,-5,-5,-5,-5,-5,-5,-5,-5,-5,-5,-5,-5,-5,-5,-5,-5
11352,15,-4,3,1,6600,6965,32,37,28310,7800,5000,1744,12800,-5,-5,-5,-5,-5,-5,-5,-5,-5,-5,-5,-5,-5,-5,-5,-5,-5,-5,-5,-5,-5,-5
11353,15,-4,3,1,5100,-3,41,42,37560,11008,-5,17000,22000,-5,-5,-5,-5,-5,-5,-5,-5,-5,-5,-5,-5,-5,-5,-5,-5,-5,-5,-5,-5,-5,-5
11354,15,-4,3,1,6135,6200,41,40,38878,15000,18000,20095,31000,-5,-5,-5,-5,-5,-5,-5,-5,-5,-5,-5,-5,-5,-5,-5,-5,-5,-5,-5,-5,-5,-5
11355,18,-4,3,2,5000,-5,42,49,45183,9451,-2,20995,5460,-5,-5,-5,-5,-5,-5,-5,-5,-5,-5,-5,-5,-5,-5,-5,-5,-5,-5,-5,-5,-5,-5
11356,18,-4,3,2,7000,9800,63,57,51421,13754,-2,14200,22630,-5,-5,-5,-5,-5,-5,-5,-5,-5,-5,-5,-5,-5,-5,-5,-5,-5,-5,-5,-5,-5,-5
11357,18,-4,3,2,6000,8000,63,52,40368,15000,37900,18000,18418,-5,-5,-5,-5,-5,-5,-5,-5,-5,-5,-5,-5,-5,-5,-5,-5,-5,-5,-5,-5,-5,-5
11358,18,-4,3,2,5852,6202,53,55,58404,7351,24000,20173,21900,-5,-5,-5,-5,-5,-5,-5,-5,-5,-5,-5,-5,-5,-5,-5,-5,-5,-5,-5,-5,-5,-5
11359,15,50000,3,1,50000,8000,93,91,94226,55000,20400,-2,24350,-5,-5,-5,-5,-5,-5,-5,-5,-5,-5,-5,-5,-5,-5,-5,-5,-5,-5,-5,-5,-5,-5
11360,15,-4,3,1,4000,-3,53,55,41219,-3,-5,-1,-5,-5,-5,-5,-5,-5,-5,-5,-5,-5,-5,-5,-5,-5,-5,-5,-5,-5,-5,-5,-5,-5,-5
11361,15,-4,3,1,4500,6825,79,73,72853,7000,-1,11650,19000,-5,-5,-5,-5,-5,-5,-5,-5,-5,-5,-5,-5,-5,-5,-5,-5,-5,-5,-5,-5,-5,-5
11362,15,-4,3,1,5160,5875,41,32,35337,-5,7987,12000,10250,-5,-5,-5,-5,-5,-5,-5,-5,-5,-5,-5,-5,-5,-5,-5,-5,-5,-5,-5,-5,-5,-5
11363,19,-4,2,2,6100,6700,28,23,27422,13000,16480,22000,13000,-5,-5,-5,-5,-5,-5,-5,-5,-5,-5,-5,-5,-5,-5,-5,-5,-5,-5,-5,-5,-5,-5
11364,15,-4,3,1,-2,11050,53,67,61974,16500,17627,22500,-2,-5,-5,-5,-5,-5,-5,-5,-5,-5,-5,-5,-5,-5,-5,-5,-5,-5,-5,-5,-5,-5,-5
11365,18,-4,3,2,6396,-3,50,59,54378,20000,30000,13012,18300,-5,-5,-5,-5,-5,-5,-5,-5,-5,-5,-5,-5,-5,-5,-5,-5,-5,-5,-5,-5,-5,-5
11366,18,-4,3,2,2500,11000,83,80,78230,19110,20460,-2,25460,-5,-5,-5,-5,-5,-5,-5,-5,-5,-5,-5,-5,-5,-5,-5,-5,-5,-5,-5,-5,-5,-5
11367,16,-4,2,1,5564,6020,42,46,36051,6797,8500,17000,13000,-5,-5,-5,-5,-5,-5,-5,-5,-5,-5,-5,-5,-5,-5,-5,-5,-5,-5,-5,-5,-5,-5
11368,15,-4,3,1,5910,6725,84,74,62931,10880,-2,-5,-5,-5,-5,-5,-5,-5,-5,-5,-5,-5,-5,-5,-5,-5,-5,-5,-5,-5,-5,-5,-5,-5,-5
11369,18,-4,3,2,5000,6950,62,52,47013,3650,4000,2500,2600,-5,-5,-5,-5,-5,-5,-5,-5,-5,-5,-5,-5,-5,-5,-5,-5,-5,-5,-5,-5,-5,-5
11370,15,-4,3,1,6000,5900,-4,-4,-4,9260,8200,-2,-2,-5,-5,-5,-5,-5,-5,-5,-5,-5,-5,-5,-5,-5,-5,-5,-5,-5,-5,-5,-5,-5,-5
11371,18,-4,3,2,5610,5275,91,82,85200,13400,22300,32320,21700,22550,25296,17972,32660,55424,30150,-2,41200,46950,63120,74500,86000,108400,128200,146240,167600,166000,-5,-5,-5,-5,-5
11372,16,-4,2,1,10821,-5,93,98,97141,13000,16000,-3,-5,-5,-5,-5,-5,-5,-5,-5,-5,-5,-5,-5,-5,-5,-5,-5,-5,-5,-5,-5,-5,-5,-5
11373,18,-4,3,2,-2,11600,57,46,38851,-3,13000,10000,34000,-5,-5,-5,-5,-5,-5,-5,-5,-5,-5,-5,-5,-5,-5,-5,-5,-5,-5,-5,-5,-5,-5
11374,18,-4,3,2,5082,7000,63,64,60357,6500,8500,9000,6444,-5,-5,-5,-5,-5,-5,-5,-5,-5,-5,-5,-5,-5,-5,-5,-5,-5,-5,-5,-5,-5,-5
11375,18,-4,3,2,5500,6800,-4,-4,-5,-5,27476,28000,31000,-5,-5,-5,-5,-5,-5,-5,-5,-5,-5,-5,-5,-5,-5,-5,-5,-5,-5,-5,-5,-5,-5
11376,15,-4,3,1,12760,8380,77,74,79282,7200,-2,-2,11600,-5,-5,-5,-5,-5,-5,-5,-5,-5,-5,-5,-5,-5,-5,-5,-5,-5,-5,-5,-5,-5,-5
11377,15,-4,3,1,4100,5600,43,43,42589,7216,8341,10159,10600,-5,-5,-5,-5,-5,-5,-5,-5,-5,-5,-5,-5,-5,-5,-5,-5,-5,-5,-5,-5,-5,-5
11378,18,-4,3,2,5570,11000,-4,-4,-4,14411,15900,22010,11720,-5,-5,-5,-5,-5,-5,-5,-5,-5,-5,-5,-5,-5,-5,-5,-5,-5,-5,-5,-5,-5,-5
11379,15,-4,3,1,6420,8614,87,81,76083,11962,10400,15312,16828,-5,-5,-5,-5,-5,-5,-5,-5,-5,-5,-5,-5,-5,-5,-5,-5,-5,-5,-5,-5,-5,-5
11380,18,-4,3,2,2000,12000,55,55,56223,-3,-2,18201,-2,-5,-5,-5,-5,-5,-5,-5,-5,-5,-5,-5,-5,-5,-5,-5,-5,-5,-5,-5,-5,-5,-5
11381,15,-4,3,1,9630,15300,50,51,46960,22000,25700,24500,17950,19500,48500,52000,77950,58150,74500,38000,33220,-2,-2,44000,100720,113000,-5,-5,-5,-5,-5,-5,-5,-5,-5
11382,16,-4,2,1,9700,6454,57,70,71436,-5,8100,11000,6000,-5,-5,-5,-5,-5,-5,-5,-5,-5,-5,-5,-5,-5,-5,-5,-5,-5,-5,-5,-5,-5,-5
11383,15,-4,3,1,12700,6600,80,75,76833,7200,8770,52200,16070,-5,-5,-5,-5,-5,-5,-5,-5,-5,-5,-5,-5,-5,-5,-5,-5,-5,-5,-5,-5,-5,-5
11384,15,-4,3,1,-3,6000,53,58,56481,7000,15000,20000,40000,-5,-5,-5,-5,-5,-5,-5,-5,-5,-5,-5,-5,-5,-5,-5,-5,-5,-5,-5,-5,-5,-5
11385,15,-4,3,1,-3,8133,68,65,51286,13435,-2,22710,14240,-5,-5,-5,-5,-5,-5,-5,-5,-5,-5,-5,-5,-5,-5,-5,-5,-5,-5,-5,-5,-5,-5
11386,15,-4,3,1,10250,17300,81,98,92438,17630,28000,30500,32200,-5,-5,-5,-5,-5,-5,-5,-5,-5,-5,-5,-5,-5,-5,-5,-5,-5,-5,-5,-5,-5,-5
11387,15,-4,3,1,5020,-3,72,80,84388,8026,14100,16405,15849,-5,-5,-5,-5,-5,-5,-5,-5,-5,-5,-5,-5,-5,-5,-5,-5,-5,-5,-5,-5,-5,-5
11388,15,-4,3,1,-2,-3,96,91,85804,-5,9800,12184,9335,-5,-5,-5,-5,-5,-5,-5,-5,-5,-5,-5,-5,-5,-5,-5,-5,-5,-5,-5,-5,-5,-5
11389,18,-4,3,2,5600,6025,83,82,76622,6400,10000,12100,26823,-5,-5,-5,-5,-5,-5,-5,-5,-5,-5,-5,-5,-5,-5,-5,-5,-5,-5,-5,-5,-5,-5
11390,18,-4,3,2,10962,5800,50,63,55713,7505,13050,12010,10005,-5,-5,-5,-5,-5,-5,-5,-5,-5,-5,-5,-5,-5,-5,-5,-5,-5,-5,-5,-5,-5,-5
11391,15,-4,3,1,5120,5500,87,84,88129,-3,10050,10000,45000,-5,-5,-5,-5,-5,-5,-5,-5,-5,-5,-5,-5,-5,-5,-5,-5,-5,-5,-5,-5,-5,-5
11392,18,-4,3,2,6000,7810,99,94,92108,-3,21450,22819,-2,-5,-5,-5,-5,-5,-5,-5,-5,-5,-5,-5,-5,-5,-5,-5,-5,-5,-5,-5,-5,-5,-5
11393,18,-4,3,2,11270,14000,83,94,91219,13875,20584,-2,17000,-5,-5,-5,-5,-5,-5,-5,-5,-5,-5,-5,-5,-5,-5,-5,-5,-5,-5,-5,-5,-5,-5
11394,15,-4,3,1,5500,-5,71,69,63565,7500,10200,10000,11300,-5,-5,-5,-5,-5,-5,-5,-5,-5,-5,-5,-5,-5,-5,-5,-5,-5,-5,-5,-5,-5,-5
11395,20,-4,1,2,6500,5015,68,53,59602,18935,35005,17432,18524,-5,-5,-5,-5,-5,-5,-5,-5,-5,-5,-5,-5,-5,-5,-5,-5,-5,-5,-5,-5,-5,-5
11396,18,-4,3,2,6000,8820,59,63,67386,7748,7180,-2,23200,-5,-5,-5,-5,-5,-5,-5,-5,-5,-5,-5,-5,-5,-5,-5,-5,-5,-5,-5,-5,-5,-5
11397,18,-4,3,2,9400,12000,83,80,78975,18500,22184,24884,27000,-5,-5,-5,-5,-5,-5,-5,-5,-5,-5,-5,-5,-5,-5,-5,-5,-5,-5,-5,-5,-5,-5
11398,18,-4,3,2,6000,7200,66,59,45850,13809,20484,27800,-2,-5,-5,-5,-5,-5,-5,-5,-5,-5,-5,-5,-5,-5,-5,-5,-5,-5,-5,-5,-5,-5,-5
11399,18,-4,3,2,1400,5600,37,35,25341,6057,7200,-2,10000,-5,-5,-5,-5,-5,-5,-5,-5,-5,-5,-5,-5,-5,-5,-5,-5,-5,-5,-5,-5,-5,-5
11400,18,-4,3,2,-2,6230,29,27,27285,6500,22700,0,15000,-5,-5,-5,-5,-5,-5,-5,-5,-5,-5,-5,-5,-5,-5,-5,-5,-5,-5,-5,-5,-5,-5
11401,18,-4,3,2,4000,2500,25,23,25976,4300,15000,6040,18015,-5,-5,-5,-5,-5,-5,-5,-5,-5,-5,-5,-5,-5,-5,-5,-5,-5,-5,-5,-5,-5,-5
11402,18,-4,3,2,2320,10600,53,46,54214,10950,17240,13674,13134,-5,-5,-5,-5,-5,-5,-5,-5,-5,-5,-5,-5,-5,-5,-5,-5,-5,-5,-5,-5,-5,-5
11403,18,-4,3,2,4800,7857,75,68,66593,6770,7630,16855,17161,-5,-5,-5,-5,-5,-5,-5,-5,-5,-5,-5,-5,-5,-5,-5,-5,-5,-5,-5,-5,-5,-5
11404,18,-4,3,2,2855,-3,35,53,65732,10624,-5,3565,-2,-5,-5,-5,-5,-5,-5,-5,-5,-5,-5,-5,-5,-5,-5,-5,-5,-5,-5,-5,-5,-5,-5
11405,15,-4,3,1,4000,6000,35,42,40312,-5,-5,-5,-5,-5,-5,-5,-5,-5,-5,-5,-5,-5,-5,-5,-5,-5,-5,-5,-5,-5,-5,-5,-5,-5,-5
11406,15,-4,3,1,9240,-3,42,31,21484,-3,9000,10000,12000,65000,26050,28000,-5,55000,-2,-2,62000,70100,-2,72000,38500,50000,50000,53500,54000,63000,60000,70000,80000,80000,-5
11407,19,-4,2,2,22632,-3,38,35,40587,7600,14000,14710,-2,-5,-5,-5,-5,-5,-5,-5,-5,-5,-5,-5,-5,-5,-5,-5,-5,-5,-5,-5,-5,-5,-5
11408,15,-4,3,1,13640,7000,83,67,67570,5200,11000,20000,-2,-5,-5,-5,-5,-5,-5,-5,-5,-5,-5,-5,-5,-5,-5,-5,-5,-5,-5,-5,-5,-5,-5
11409,18,-4,3,2,6000,10560,62,63,60792,19600,19000,27111,22020,-5,-5,-5,-5,-5,-5,-5,-5,-5,-5,-5,-5,-5,-5,-5,-5,-5,-5,-5,-5,-5,-5
11410,16,-4,2,1,-3,8150,47,59,49361,8581,16747,17976,19000,-5,-5,-5,-5,-5,-5,-5,-5,-5,-5,-5,-5,-5,-5,-5,-5,-5,-5,-5,-5,-5,-5
11411,18,-4,3,2,-2,43270,-4,-4,-4,9500,-3,-5,-3,-5,-5,-5,-5,-5,-5,-5,-5,-5,-5,-5,-5,-5,-5,-5,-5,-5,-5,-5,-5,-5,-5
11412,19,-4,2,2,9014,17400,22,20,24738,21000,30000,-3,-2,-5,-5,-5,-5,-5,-5,-5,-5,-5,-5,-5,-5,-5,-5,-5,-5,-5,-5,-5,-5,-5,-5
11413,15,-4,3,1,6805,6550,92,90,94640,-5,17664,14945,22140,-5,-5,-5,-5,-5,-5,-5,-5,-5,-5,-5,-5,-5,-5,-5,-5,-5,-5,-5,-5,-5,-5
11414,15,-4,3,1,6000,7400,85,81,65170,5220,35000,-2,-5,-5,-5,-5,-5,-5,-5,-5,-5,-5,-5,-5,-5,-5,-5,-5,-5,-5,-5,-5,-5,-5,-5
11415,15,-4,3,1,5515,13000,93,88,80535,22150,-2,25050,24677,-5,-5,-5,-5,-5,-5,-5,-5,-5,-5,-5,-5,-5,-5,-5,-5,-5,-5,-5,-5,-5,-5
11416,18,-4,3,2,16000,5568,66,58,58277,7000,6650,14750,15000,-5,-5,-5,-5,-5,-5,-5,-5,-5,-5,-5,-5,-5,-5,-5,-5,-5,-5,-5,-5,-5,-5
11417,15,-4,3,1,5000,7575,-4,-4,-4,7010,9869,10555,11020,-5,-5,-5,-5,-5,-5,-5,-5,-5,-5,-5,-5,-5,-5,-5,-5,-5,-5,-5,-5,-5,-5
11418,15,-4,3,1,9000,17150,94,82,80334,40000,19585,14985,10500,26844,25662,32040,35081,-5,-5,-5,-5,-5,-5,-2,36700,32200,67500,118352,109000,181000,128000,135000,95000,-5,-5
11419,15,-4,3,1,17300,-3,74,67,64152,20065,18000,23800,34300,-5,-5,-5,-5,-5,-5,-5,-5,-5,-5,-5,-5,-5,-5,-5,-5,-5,-5,-5,-5,-5,-5
11420,18,-4,3,2,-3,13000,65,71,60448,14447,15003,24015,25000,-5,-5,-5,-5,-5,-5,-5,-5,-5,-5,-5,-5,-5,-5,-5,-5,-5,-5,-5,-5,-5,-5
11421,15,-4,3,1,5640,7600,34,35,30465,18120,10560,24615,27700,-5,-5,-5,-5,-5,-5,-5,-5,-5,-5,-5,-5,-5,-5,-5,-5,-5,-5,-5,-5,-5,-5
11422,15,-4,3,1,9580,10568,20,18,15195,16328,11000,16100,15530,-5,-5,-5,-5,-5,-5,-5,-5,-5,-5,-5,-5,-5,-5,-5,-5,-5,-5,-5,-5,-5,-5
11423,15,-4,3,1,-3,6000,42,53,47855,7301,45000,35000,19934,-5,-5,-5,-5,-5,-5,-5,-5,-5,-5,-5,-5,-5,-5,-5,-5,-5,-5,-5,-5,-5,-5
11424,15,-4,3,1,14000,6800,74,86,83874,10608,10020,11215,20000,-5,-5,-5,-5,-5,-5,-5,-5,-5,-5,-5,-5,-5,-5,-5,-5,-5,-5,-5,-5,-5,-5
11425,15,-4,3,1,4002,6100,37,42,40028,8050,-2,39000,-2,-5,-5,-5,-5,-5,-5,-5,-5,-5,-5,-5,-5,-5,-5,-5,-5,-5,-5,-5,-5,-5,-5
11426,15,-4,3,1,18900,-3,-4,-4,-4,8000,11000,15000,24000,25000,32300,-2,24450,25000,34400,38000,46350,42000,20700,-5,-5,-5,-5,-5,120000,-2,-5,-5,-5,-5,105000
11427,20,-4,1,2,5840,6830,-3,-3,92637,9400,9850,36018,38301,-5,-5,-5,-5,-5,-5,-5,-5,-5,-5,-5,-5,-5,-5,-5,-5,-5,-5,-5,-5,-5,-5
11428,15,-4,3,1,7200,15238,87,78,76348,19000,19100,10650,17000,-5,-5,-5,-5,-5,-5,-5,-5,-5,-5,-5,-5,-5,-5,-5,-5,-5,-5,-5,-5,-5,-5
11429,16,-4,2,1,7000,6800,44,42,32502,7000,-2,17000,-2,-5,-5,-5,-5,-5,-5,-5,-5,-5,-5,-5,-5,-5,-5,-5,-5,-5,-5,-5,-5,-5,-5
11430,15,-4,3,1,6500,6600,71,63,52883,8300,41000,14410,15615,-5,-5,-5,-5,-5,-5,-5,-5,-5,-5,-5,-5,-5,-5,-5,-5,-5,-5,-5,-5,-5,-5
11431,17,-4,1,1,13620,14400,49,53,61113,-3,-2,15000,15000,-5,-5,-5,-5,-5,-5,-5,-5,-5,-5,-5,-5,-5,-5,-5,-5,-5,-5,-5,-5,-5,-5
11432,18,-4,3,2,4200,10204,82,87,76594,24158,32150,14800,14500,-5,-5,-5,-5,-5,-5,-5,-5,-5,-5,-5,-5,-5,-5,-5,-5,-5,-5,-5,-5,-5,-5
11433,15,-4,3,1,9000,-3,69,67,63304,11600,-2,-2,18300,-5,-5,-5,-5,-5,-5,-5,-5,-5,-5,-5,-5,-5,-5,-5,-5,-5,-5,-5,-5,-5,-5
11434,15,-4,3,1,5300,6600,76,69,62728,-3,-2,9000,-2,-5,-5,-5,-5,-5,-5,-5,-5,-5,-5,-5,-5,-5,-5,-5,-5,-5,-5,-5,-5,-5,-5
11435,15,-4,3,1,6800,6640,45,51,49013,10000,26000,35500,40304,-5,-5,-5,-5,-5,-5,-5,-5,-5,-5,-5,-5,-5,-5,-5,-5,-5,-5,-5,-5,-5,-5
11436,17,-4,1,1,5000,5600,75,81,82336,7000,20000,23000,19000,40000,22000,26200,30000,34050,34100,44580,44000,33000,37000,58000,48000,96000,94000,100000,111000,144000,128000,135000,65000,170000,196000
11437,15,-4,3,1,10700,11800,84,75,78724,12000,31838,-2,15700,-5,-5,-5,-5,-5,-5,-5,-5,-5,-5,-5,-5,-5,-5,-5,-5,-5,-5,-5,-5,-5,-5
11438,16,-4,2,1,15142,40000,75,69,51009,-3,19912,11000,9404,32565,-5,-5,-5,61900,50900,47900,56000,-5,-5,124000,64000,183000,184300,140000,64000,138560,120000,-5,-5,-5,122500
11439,15,-4,3,1,13000,11666,19,29,19352,-3,13659,9992,10679,-5,-5,-5,-5,-5,-5,-5,-5,-5,-5,-5,-5,-5,-5,-5,-5,-5,-5,-5,-5,-5,-5
11440,18,-4,3,2,5370,11800,40,46,43427,7000,9000,20000,19856,-5,-5,-5,-5,-5,-5,-5,-5,-5,-5,-5,-5,-5,-5,-5,-5,-5,-5,-5,-5,-5,-5
11441,15,-4,3,1,5000,75001,73,67,73388,7100,-3,31185,9800,-2,16508,18448,25110,11852,20581,17000,9644,-2,-2,28000,22000,28040,23236,33720,29460,56000,-2,76776,28800,59100,171400
11442,18,-4,3,2,5350,13537,60,61,57277,-3,11595,16630,21603,-5,-5,-5,-5,-5,-5,-5,-5,-5,-5,-5,-5,-5,-5,-5,-5,-5,-5,-5,-5,-5,-5
11443,18,-4,3,2,2095,17025,59,54,61439,7200,8226,-2,10250,-5,-5,-5,-5,-5,-5,-5,-5,-5,-5,-5,-5,-5,-5,-5,-5,-5,-5,-5,-5,-5,-5
11444,16,-4,2,1,7600,12000,24,17,26406,10050,13700,15100,25000,-5,-5,-5,-5,-5,-5,-5,-5,-5,-5,-5,-5,-5,-5,-5,-5,-5,-5,-5,-5,-5,-5
11445,18,-4,3,2,11562,26354,83,71,70858,23000,30700,4350,1564,-5,-5,-5,-5,-5,-5,-5,-5,-5,-5,-5,-5,-5,-5,-5,-5,-5,-5,-5,-5,-5,-5
11446,18,-4,3,2,3960,11000,42,34,38784,14400,29100,11300,13909,-5,-5,-5,-5,-5,-5,-5,-5,-5,-5,-5,-5,-5,-5,-5,-5,-5,-5,-5,-5,-5,-5
11447,18,-4,3,2,3600,-5,-4,-4,-4,12018,-3,31748,24000,-5,-5,-5,-5,-5,-5,-5,-5,-5,-5,-5,-5,-5,-5,-5,-5,-5,-5,-5,-5,-5,-5
11448,18,-4,3,2,-2,6100,79,63,52741,-3,19500,31075,21370,-5,-5,-5,-5,-5,-5,-5,-5,-5,-5,-5,-5,-5,-5,-5,-5,-5,-5,-5,-5,-5,-5
11449,18,-4,3,2,2166,6000,82,82,88223,18000,24000,27300,24000,-5,-5,-5,-5,-5,-5,-5,-5,-5,-5,-5,-5,-5,-5,-5,-5,-5,-5,-5,-5,-5,-5
11450,20,-4,1,2,4260,13000,99,97,99417,36000,3500,30000,5000,-5,-5,-5,-5,-5,-5,-5,-5,-5,-5,-5,-5,-5,-5,-5,-5,-5,-5,-5,-5,-5,-5
11451,15,-4,3,1,6300,8225,94,86,80939,13960,13413,10424,-2,-5,-5,-5,-5,-5,-5,-5,-5,-5,-5,-5,-5,-5,-5,-5,-5,-5,-5,-5,-5,-5,-5
11452,15,-4,3,1,8500,-3,41,41,30542,-5,8500,-2,400,-5,-5,-5,-5,-5,-5,-5,-5,-5,-5,-5,-5,-5,-5,-5,-5,-5,-5,-5,-5,-5,-5
11453,15,-4,3,1,4000,6365,50,43,41716,-3,9000,14030,-2,-5,-5,-5,-5,-5,-5,-5,-5,-5,-5,-5,-5,-5,-5,-5,-5,-5,-5,-5,-5,-5,-5
11454,18,-4,3,2,8736,-5,-4,-4,-5,-5,27252,-5,-2,-5,-5,-5,-5,-5,-5,-5,-5,-5,-5,-5,-5,-5,-5,-5,-5,-5,-5,-5,-5,-5,-5
11455,18,-4,3,2,8340,15000,63,74,74877,27246,-2,11668,16100,-5,-5,-5,-5,-5,-5,-5,-5,-5,-5,-5,-5,-5,-5,-5,-5,-5,-5,-5,-5,-5,-5
11456,19,-4,2,2,-2,10510,42,53,51630,21000,-3,24500,30300,-5,-5,-5,-5,-5,-5,-5,-5,-5,-5,-5,-5,-5,-5,-5,-5,-5,-5,-5,-5,-5,-5
11457,18,-4,3,2,5065,-3,60,56,46301,7400,-5,-2,10005,-5,-5,-5,-5,-5,-5,-5,-5,-5,-5,-5,-5,-5,-5,-5,-5,-5,-5,-5,-5,-5,-5
11458,18,-4,3,2,5000,6000,85,74,73610,7000,20020,10116,16030,-5,-5,-5,-5,-5,-5,-5,-5,-5,-5,-5,-5,-5,-5,-5,-5,-5,-5,-5,-5,-5,-5
11459,18,-4,3,2,-2,8150,72,88,88508,9411,13936,9500,13592,-5,-5,-5,-5,-5,-5,-5,-5,-5,-5,-5,-5,-5,-5,-5,-5,-5,-5,-5,-5,-5,-5
11460,18,-4,3,2,6161,7200,60,48,52053,7005,7050,5186,-5,-5,-5,-5,-5,-5,-5,-5,-5,-5,-5,-5,-5,-5,-5,-5,-5,-5,-5,-5,-5,-5,-5
11461,18,-4,3,2,-2,24102,84,71,71244,23900,24000,32342,35040,-5,-5,-5,-5,-5,-5,-5,-5,-5,-5,-5,-5,-5,-5,-5,-5,-5,-5,-5,-5,-5,-5
11462,15,-4,3,1,6505,6740,-4,-4,-5,-5,-1,-2,-2,-5,-5,-5,-5,-5,-5,-5,-5,-5,-5,-5,-5,-5,-5,-5,-5,-5,-5,-5,-5,-5,-5
11463,16,-4,2,1,5210,6751,63,56,61579,15031,26915,29900,30300,26063,38651,42020,-2,26000,25000,25390,31040,-2,52200,72500,-2,-2,120050,75200,81000,80300,73900,-5,-5,-5,-5
11464,15,-4,3,1,3200,5782,91,93,88081,6655,8147,10527,20488,-5,-5,-5,-5,-5,-5,-5,-5,-5,-5,-5,-5,-5,-5,-5,-5,-5,-5,-5,-5,-5,-5
11465,15,-4,3,1,7005,26148,45,52,49106,27896,7510,25505,21050,-5,-5,-5,-5,-5,-5,-5,-5,-5,-5,-5,-5,-5,-5,-5,-5,-5,-5,-5,-5,-5,-5
11466,15,-4,3,1,7600,3200,49,58,56508,14500,-2,22000,27000,-5,-5,-5,-5,-5,-5,-5,-5,-5,-5,-5,-5,-5,-5,-5,-5,-5,-5,-5,-5,-5,-5
11467,15,-4,3,1,3050,5550,81,89,91730,30000,35000,36800,9579,15000,17000,22000,26000,33000,-3,34400,38000,42500,51479,15000,50000,75000,130000,70000,192000,150000,24000,35000,75000,51596,51608
11468,18,-4,3,2,17000,16000,94,81,72371,13000,10720,11900,13600,-5,-5,-5,-5,-5,-5,-5,-5,-5,-5,-5,-5,-5,-5,-5,-5,-5,-5,-5,-5,-5,-5
11469,15,-4,3,1,11730,16035,90,86,77986,14130,10060,25100,27950,-5,-5,-5,-5,-5,-5,-5,-5,-5,-5,-5,-5,-5,-5,-5,-5,-5,-5,-5,-5,-5,-5
11470,15,-4,3,1,5600,-3,85,77,54419,7275,29834,13910,-2,-5,-5,-5,-5,-5,-5,-5,-5,-5,-5,-5,-5,-5,-5,-5,-5,-5,-5,-5,-5,-5,-5
11471,18,-4,3,2,-2,12000,54,53,39686,-3,21814,18569,-2,-5,-5,-5,-5,-5,-5,-5,-5,-5,-5,-5,-5,-5,-5,-5,-5,-5,-5,-5,-5,-5,-5
11472,19,-4,2,2,6937,11000,-4,-4,-4,15006,-2,29332,24000,-5,-5,-5,-5,-5,-5,-5,-5,-5,-5,-5,-5,-5,-5,-5,-5,-5,-5,-5,-5,-5,-5
11473,15,-2,3,1,-2,8000,42,52,39466,9800,12973,22015,18200,-5,-5,-5,-5,-5,-5,-5,-5,-5,-5,-5,-5,-5,-5,-5,-5,-5,-5,-5,-5,-5,-5
11474,18,-4,3,2,-2,10493,71,55,44091,-3,-2,23410,23400,-5,-5,-5,-5,-5,-5,-5,-5,-5,-5,-5,-5,-5,-5,-5,-5,-5,-5,-5,-5,-5,-5
11475,15,-4,3,1,11000,12000,90,86,89446,14110,14560,25540,10000,-5,-5,-5,-5,-5,-5,-5,-5,-5,-5,-5,-5,-5,-5,-5,-5,-5,-5,-5,-5,-5,-5
11476,15,-4,3,1,5000,6735,76,80,82552,8500,9000,25000,25100,-5,-5,-5,-5,-5,-5,-5,-5,-5,-5,-5,-5,-5,-5,-5,-5,-5,-5,-5,-5,-5,-5
11477,18,-4,3,2,3000,-3,79,69,77121,13870,-2,-2,-2,-5,-5,-5,-5,-5,-5,-5,-5,-5,-5,-5,-5,-5,-5,-5,-5,-5,-5,-5,-5,-5,-5
11478,16,-4,2,1,49000,10300,30,41,36556,1800,12000,21600,15100,-5,-5,-5,-5,-5,-5,-5,-5,-5,-5,-5,-5,-5,-5,-5,-5,-5,-5,-5,-5,-5,-5
11479,15,-4,3,1,13132,6600,53,52,51267,-3,75001,8600,20050,-5,-5,-5,-5,-5,-5,-5,-5,-5,-5,-5,-5,-5,-5,-5,-5,-5,-5,-5,-5,-5,-5
11480,15,-4,3,1,6500,9700,87,68,60178,16900,-2,15900,22200,24850,23000,35610,36250,43900,48400,73350,82200,96500,88500,57560,68000,8521,183878,165000,76320,87000,47000,55600,33260,81200,63700
11481,15,-4,3,1,5600,6000,91,75,71848,7350,22300,24350,23000,-5,-5,-5,-5,-5,-5,-5,-5,-5,-5,-5,-5,-5,-5,-5,-5,-5,-5,-5,-5,-5,-5
11482,18,-4,3,2,6145,-3,77,77,74822,24095,-2,-2,24020,-5,-5,-5,-5,-5,-5,-5,-5,-5,-5,-5,-5,-5,-5,-5,-5,-5,-5,-5,-5,-5,-5
11483,15,-4,3,1,7500,6372,77,62,48409,-3,4000,5847,6000,-5,-5,-5,-5,-5,-5,-5,-5,-5,-5,-5,-5,-5,-5,-5,-5,-5,-5,-5,-5,-5,-5
11484,15,-4,3,1,9550,8000,94,80,88446,9664,21400,20600,21700,-5,-5,-5,-5,-5,-5,-5,-5,-5,-5,-5,-5,-5,-5,-5,-5,-5,-5,-5,-5,-5,-5
11485,19,-4,2,2,4150,11000,50,50,50584,-5,19600,28873,38400,-5,-5,-5,-5,-5,-5,-5,-5,-5,-5,-5,-5,-5,-5,-5,-5,-5,-5,-5,-5,-5,-5
11486,18,-4,3,2,17400,17023,78,78,67292,24310,11540,28210,22893,-5,-5,-5,-5,-5,-5,-5,-5,-5,-5,-5,-5,-5,-5,-5,-5,-5,-5,-5,-5,-5,-5
11487,18,-4,3,2,5172,6290,79,78,75341,6912,13000,14000,22925,-5,-5,-5,-5,-5,-5,-5,-5,-5,-5,-5,-5,-5,-5,-5,-5,-5,-5,-5,-5,-5,-5
11488,18,-4,3,2,9925,13000,58,53,54374,11500,13291,-2,15000,-5,-5,-5,-5,-5,-5,-5,-5,-5,-5,-5,-5,-5,-5,-5,-5,-5,-5,-5,-5,-5,-5
11489,15,-4,3,1,9725,20000,49,56,49127,11500,13284,13928,-2,-5,-5,-5,-5,-5,-5,-5,-5,-5,-5,-5,-5,-5,-5,-5,-5,-5,-5,-5,-5,-5,-5
11490,18,-4,3,2,12500,13700,87,80,81897,18500,26841,22020,30000,-5,-5,-5,-5,-5,-5,-5,-5,-5,-5,-5,-5,-5,-5,-5,-5,-5,-5,-5,-5,-5,-5
11491,19,-4,2,2,3556,4000,27,46,43947,17148,24200,-2,16800,-5,-5,-5,-5,-5,-5,-5,-5,-5,-5,-5,-5,-5,-5,-5,-5,-5,-5,-5,-5,-5,-5
11492,18,-4,3,2,4050,13525,91,89,89946,18254,19660,21000,26820,-5,-5,-5,-5,-5,-5,-5,-5,-5,-5,-5,-5,-5,-5,-5,-5,-5,-5,-5,-5,-5,-5
11493,18,-4,3,2,4220,6124,99,93,92614,17706,21104,30908,34485,-5,-5,-5,-5,-5,-5,-5,-5,-5,-5,-5,-5,-5,-5,-5,-5,-5,-5,-5,-5,-5,-5
11494,20,-4,1,2,5120,5830,66,67,62971,11600,10908,15522,16500,-5,-5,-5,-5,-5,-5,-5,-5,-5,-5,-5,-5,-5,-5,-5,-5,-5,-5,-5,-5,-5,-5
11495,15,-4,3,1,7000,-5,-4,-4,-4,7000,7500,28442,28884,-5,-5,-5,-5,-5,-5,-5,-5,-5,-5,-5,-5,-5,-5,-5,-5,-5,-5,-5,-5,-5,-5
11496,15,-4,3,1,6000,6000,-4,-4,-4,10032,10240,13200,16469,-5,-5,-5,-5,-5,-5,-5,-5,-5,-5,-5,-5,-5,-5,-5,-5,-5,-5,-5,-5,-5,-5
11497,17,-4,1,1,7910,8700,72,86,75547,12178,9442,16510,18157,-5,-5,-5,-5,-5,-5,-5,-5,-5,-5,-5,-5,-5,-5,-5,-5,-5,-5,-5,-5,-5,-5
11498,15,-4,3,1,4000,-5,74,71,58355,16568,5000,3420,-1,-5,-5,-5,-5,-5,-5,-5,-5,-5,-5,-5,-5,-5,-5,-5,-5,-5,-5,-5,-5,-5,-5
11499,15,-4,3,1,-3,7000,22,21,17167,-3,7776,16538,14800,-5,-5,-5,-5,-5,-5,-5,-5,-5,-5,-5,-5,-5,-5,-5,-5,-5,-5,-5,-5,-5,-5
11500,17,-4,1,1,3500,-5,-4,-4,-5,-5,-5,-2,28100,21000,19000,29000,-2,26000,31000,31667,-2,14700,13000,15000,20000,-5,26000,26000,32000,-2,36000,30000,26000,-2,-5
11501,18,-4,3,2,5000,7200,65,49,48248,2939,10800,9190,9000,-5,-5,-5,-5,-5,-5,-5,-5,-5,-5,-5,-5,-5,-5,-5,-5,-5,-5,-5,-5,-5,-5
11502,18,-4,3,2,6500,8800,87,86,88464,19000,40000,-2,8520,-5,-5,-5,-5,-5,-5,-5,-5,-5,-5,-5,-5,-5,-5,-5,-5,-5,-5,-5,-5,-5,-5
11503,18,-4,3,2,4050,15916,53,58,67738,-3,17130,14000,13300,-5,-5,-5,-5,-5,-5,-5,-5,-5,-5,-5,-5,-5,-5,-5,-5,-5,-5,-5,-5,-5,-5
11504,19,-4,2,2,7000,14300,89,84,77547,35000,26300,18475,20650,-5,-5,-5,-5,-5,-5,-5,-5,-5,-5,-5,-5,-5,-5,-5,-5,-5,-5,-5,-5,-5,-5
11505,15,-4,3,1,6500,25610,94,99,91014,29910,27212,46000,52400,-5,-5,-5,-5,-5,-5,-5,-5,-5,-5,-5,-5,-5,-5,-5,-5,-5,-5,-5,-5,-5,-5
11506,15,-4,3,1,7250,7200,38,35,27542,7691,15560,24150,11072,-5,-5,-5,-5,-5,-5,-5,-5,-5,-5,-5,-5,-5,-5,-5,-5,-5,-5,-5,-5,-5,-5
11507,15,-4,3,1,4200,35000,70,77,76787,40674,8710,4090,12880,4918,8469,47000,7000,8300,7155,27000,31014,-2,40000,43000,49000,65500,78000,84600,79400,127288,103300,113800,85500,75020,138000
11508,15,-4,3,1,7500,9900,59,59,55090,8632,5050,35268,-5,-5,-5,-5,-5,-5,-5,-5,-5,-5,-5,-5,-5,-5,-5,-5,-5,-5,-5,-5,-5,-5,-5
11509,15,-4,3,1,5706,11600,66,74,75496,-3,19750,20366,27736,-5,-5,-5,-5,-5,-5,-5,-5,-5,-5,-5,-5,-5,-5,-5,-5,-5,-5,-5,-5,-5,-5
11510,15,-4,3,1,5000,6500,50,50,47878,20000,45000,7680,40000,37906,30664,45200,35000,35000,35000,37950,64700,35368,7320,-2,20000,47000,58000,60000,67000,135000,140000,160800,160000,155000,165000
11511,16,-4,2,1,5200,7500,63,70,59031,7850,16000,21000,25000,-5,-5,-5,-5,-5,-5,-5,-5,-5,-5,-5,-5,-5,-5,-5,-5,-5,-5,-5,-5,-5,-5
11512,18,-4,3,2,7000,17300,48,51,49828,20546,16825,15065,15500,-5,-5,-5,-5,-5,-5,-5,-5,-5,-5,-5,-5,-5,-5,-5,-5,-5,-5,-5,-5,-5,-5
11513,15,-4,3,1,5425,13000,70,77,79604,17950,-2,-2,10502,-5,-5,-5,-5,-5,-5,-5,-5,-5,-5,-5,-5,-5,-5,-5,-5,-5,-5,-5,-5,-5,-5
11514,18,-4,3,2,6000,-5,74,68,61794,34353,25216,28400,32510,-5,-5,-5,-5,-5,-5,-5,-5,-5,-5,-5,-5,-5,-5,-5,-5,-5,-5,-5,-5,-5,-5
11515,15,-4,3,1,11900,17907,99,93,89250,30350,27310,71700,75001,-5,-5,-5,-5,-5,-5,-5,-5,-5,-5,-5,-5,-5,-5,-5,-5,-5,-5,-5,-5,-5,-5
11516,15,-4,3,1,17000,11900,52,63,44216,21500,11200,12449,12256,15000,13659,20000,22900,27304,33680,36058,-2,35560,-2,-2,-2,87000,390662,81000,-2,-2,-2,-2,80000,-2,-3
11517,18,-4,3,2,-2,-3,56,49,44860,-3,14400,10658,-2,-5,-5,-5,-5,-5,-5,-5,-5,-5,-5,-5,-5,-5,-5,-5,-5,-5,-5,-5,-5,-5,-5
11518,18,-4,3,2,-2,12301,50,67,65735,15200,30000,18400,25130,-5,-5,-5,-5,-5,-5,-5,-5,-5,-5,-5,-5,-5,-5,-5,-5,-5,-5,-5,-5,-5,-5
11519,18,-4,3,2,5800,7200,26,47,47070,5400,12006,12095,11000,-5,-5,-5,-5,-5,-5,-5,-5,-5,-5,-5,-5,-5,-5,-5,-5,-5,-5,-5,-5,-5,-5
11520,15,-4,3,1,13300,7100,53,61,59251,11707,21900,10186,10866,-5,-5,-5,-5,-5,-5,-5,-5,-5,-5,-5,-5,-5,-5,-5,-5,-5,-5,-5,-5,-5,-5
11521,18,-4,3,2,4800,-3,42,42,43174,9500,9025,-2,14720,-5,-5,-5,-5,-5,-5,-5,-5,-5,-5,-5,-5,-5,-5,-5,-5,-5,-5,-5,-5,-5,-5
11522,15,-4,3,1,12730,11811,80,80,84955,75000,20611,-5,52700,-5,-5,-5,-5,-5,-5,-5,-5,-5,-5,-5,-5,-5,-5,-5,-5,-5,-5,-5,-5,-5,-5
11523,15,-4,3,1,8500,8080,46,40,33529,13050,-5,10506,10669,18000,-5,14000,15200,14400,16300,14000,22900,18000,-2,35400,24000,34000,38000,-2,60000,51000,-2,62000,42000,-5,78600
11524,18,-4,3,2,-3,16050,33,38,37611,12790,15311,20534,13510,-5,-5,-5,-5,-5,-5,-5,-5,-5,-5,-5,-5,-5,-5,-5,-5,-5,-5,-5,-5,-5,-5
11525,16,-4,2,1,5000,5220,59,73,64048,7527,9160,9180,10800,17900,23000,59363,60719,62120,46650,58100,74280,80000,-1,40000,-2,58000,61500,73000,85000,110000,98000,110000,125995,130000,118000
11526,15,-4,3,1,6960,-5,-4,-4,-5,-5,12200,16605,11450,12300,-2,14400,20750,20500,21740,25000,29204,29584,41600,33200,63960,73550,86900,98000,100700,113000,77000,86000,80000,94000,133000
11527,18,-4,3,2,16160,62575,29,28,20658,39754,9100,14856,13571,-5,-5,-5,-5,-5,-5,-5,-5,-5,-5,-5,-5,-5,-5,-5,-5,-5,-5,-5,-5,-5,-5
11528,18,-4,3,2,11000,-5,-4,-4,-5,-5,10179,12108,25825,-5,-5,-5,-5,-5,-5,-5,-5,-5,-5,-5,-5,-5,-5,-5,-5,-5,-5,-5,-5,-5,-5
11529,18,-4,3,2,-3,-3,57,52,51515,11000,13891,10492,12521,-5,-5,-5,-5,-5,-5,-5,-5,-5,-5,-5,-5,-5,-5,-5,-5,-5,-5,-5,-5,-5,-5
11530,15,-4,3,1,5000,6000,83,90,91506,5800,-2,26000,13030,-5,-5,-5,-5,-5,-5,-5,-5,-5,-5,-5,-5,-5,-5,-5,-5,-5,-5,-5,-5,-5,-5
11531,18,-4,3,2,19075,22000,20,16,12902,26000,29071,34300,29828,-5,-5,-5,-5,-5,-5,-5,-5,-5,-5,-5,-5,-5,-5,-5,-5,-5,-5,-5,-5,-5,-5
11532,18,-4,3,2,7500,7645,76,70,74641,6100,9900,25585,30000,-5,-5,-5,-5,-5,-5,-5,-5,-5,-5,-5,-5,-5,-5,-5,-5,-5,-5,-5,-5,-5,-5
11533,18,-4,3,2,8200,5300,45,42,46546,8000,75001,58500,41047,-5,-5,-5,-5,-5,-5,-5,-5,-5,-5,-5,-5,-5,-5,-5,-5,-5,-5,-5,-5,-5,-5
11534,15,-4,3,1,3814,9400,85,79,87736,6740,10600,11475,9769,31312,28192,26840,28700,28073,42100,42600,45093,54020,61068,50592,45128,49400,83036,74520,54640,77060,93000,113916,102120,100156,30240
11535,16,-4,2,1,9600,7300,65,51,40362,7205,13600,-2,13000,16500,23700,15025,34000,-5,-5,-5,3600,11800,12000,-2,12000,28000,-2,18272,32616,9700,37916,37556,6924,21136,47792
11536,17,-4,1,1,2290,6920,41,50,39188,21600,21518,13361,16100,31396,18075,20100,46050,24100,-2,34075,34500,-5,50000,45800,-5,80400,-2,-5,-5,-5,-5,-5,-5,-5,-5
11537,18,-4,3,2,-2,6840,31,42,35003,17300,12250,-2,17200,-5,-5,-5,-5,-5,-5,-5,-5,-5,-5,-5,-5,-5,-5,-5,-5,-5,-5,-5,-5,-5,-5
11538,18,8400,3,2,8400,-5,-4,-4,-4,7500,21081,30900,26549,-5,-5,-5,-5,-5,-5,-5,-5,-5,-5,-5,-5,-5,-5,-5,-5,-5,-5,-5,-5,-5,-5
11539,15,-4,3,1,5000,6000,66,56,41079,13110,11954,18401,-2,-5,-5,-5,-5,-5,-5,-5,-5,-5,-5,-5,-5,-5,-5,-5,-5,-5,-5,-5,-5,-5,-5
11540,18,-4,3,2,4800,5000,44,42,40183,-3,-2,1800,4000,-5,-5,-5,-5,-5,-5,-5,-5,-5,-5,-5,-5,-5,-5,-5,-5,-5,-5,-5,-5,-5,-5
11541,18,-4,3,2,5550,6300,74,64,70493,6700,-2,15300,21000,-5,-5,-5,-5,-5,-5,-5,-5,-5,-5,-5,-5,-5,-5,-5,-5,-5,-5,-5,-5,-5,-5
11542,15,-4,3,1,6000,12505,39,37,27295,-5,-5,8602,6455,-5,-5,-5,-5,-5,-5,-5,-5,-5,-5,-5,-5,-5,-5,-5,-5,-5,-5,-5,-5,-5,-5
11543,15,-4,3,1,5300,12400,98,94,89862,13455,14000,16300,16000,-5,-5,-5,-5,-5,-5,-5,-5,-5,-5,-5,-5,-5,-5,-5,-5,-5,-5,-5,-5,-5,-5
11544,15,-4,3,1,5700,7550,99,99,99929,11055,14211,24200,23537,-5,-5,-5,-5,-5,-5,-5,-5,-5,-5,-5,-5,-5,-5,-5,-5,-5,-5,-5,-5,-5,-5
11545,15,-4,3,1,7500,6600,78,70,66329,9650,9886,13171,12052,-5,-5,-5,-5,-5,-5,-5,-5,-5,-5,-5,-5,-5,-5,-5,-5,-5,-5,-5,-5,-5,-5
11546,15,-2,3,1,-2,-3,59,53,55027,14900,-2,16920,-2,-5,-5,-5,-5,-5,-5,-5,-5,-5,-5,-5,-5,-5,-5,-5,-5,-5,-5,-5,-5,-5,-5
11547,16,-4,2,1,5600,8450,60,46,47088,10900,11000,-5,13000,-5,-5,-5,-5,-5,-5,-5,-5,-5,-5,-5,-5,-5,-5,-5,-5,-5,-5,-5,-5,-5,-5
11548,18,-4,3,2,5000,7000,83,80,78219,8000,6620,1962,600,-5,-5,-5,-5,-5,-5,-5,-5,-5,-5,-5,-5,-5,-5,-5,-5,-5,-5,-5,-5,-5,-5
11549,18,-4,3,2,11600,15500,70,75,62802,24066,27909,11500,11126,-5,-5,-5,-5,-5,-5,-5,-5,-5,-5,-5,-5,-5,-5,-5,-5,-5,-5,-5,-5,-5,-5
11550,19,-4,2,2,16550,23050,66,59,48789,15944,19430,27000,31000,-5,-5,-5,-5,-5,-5,-5,-5,-5,-5,-5,-5,-5,-5,-5,-5,-5,-5,-5,-5,-5,-5
11551,15,-4,3,1,9205,10000,-4,-4,-4,14815,-5,20400,26400,-5,-5,-5,-5,-5,-5,-5,-5,-5,-5,-5,-5,-5,-5,-5,-5,-5,-5,-5,-5,-5,-5
11552,15,-4,3,1,3600,5100,64,65,63624,14520,12675,15559,12000,-5,-5,-5,-5,-5,-5,-5,-5,-5,-5,-5,-5,-5,-5,-5,-5,-5,-5,-5,-5,-5,-5
11553,18,-4,3,2,-2,17000,40,42,40602,13640,-2,5200,13560,-5,-5,-5,-5,-5,-5,-5,-5,-5,-5,-5,-5,-5,-5,-5,-5,-5,-5,-5,-5,-5,-5
11554,19,-4,2,2,-2,12600,43,44,40593,15500,-2,19025,14525,-5,-5,-5,-5,-5,-5,-5,-5,-5,-5,-5,-5,-5,-5,-5,-5,-5,-5,-5,-5,-5,-5
11555,18,-4,3,2,5300,4500,83,80,70902,15000,8600,7300,16050,-5,-5,-5,-5,-5,-5,-5,-5,-5,-5,-5,-5,-5,-5,-5,-5,-5,-5,-5,-5,-5,-5
11556,18,-4,3,2,8360,5700,52,65,57655,25210,13000,49100,50000,-5,-5,-5,-5,-5,-5,-5,-5,-5,-5,-5,-5,-5,-5,-5,-5,-5,-5,-5,-5,-5,-5
11557,18,-4,3,2,3600,7000,38,33,28529,17211,-2,29700,-2,-5,-5,-5,-5,-5,-5,-5,-5,-5,-5,-5,-5,-5,-5,-5,-5,-5,-5,-5,-5,-5,-5
11558,15,-4,3,1,9310,13860,96,91,89603,18722,22060,11927,14042,-5,-5,-5,-5,-5,-5,-5,-5,-5,-5,-5,-5,-5,-5,-5,-5,-5,-5,-5,-5,-5,-5
11559,16,-4,2,1,5300,6300,62,59,62469,7450,12000,12000,24000,-5,-5,-5,-5,-5,-5,-5,-5,-5,-5,-5,-5,-5,-5,-5,-5,-5,-5,-5,-5,-5,-5
11560,15,-4,3,1,5063,7200,42,41,29179,11040,6250,13900,13700,-5,-5,-5,-5,-5,-5,-5,-5,-5,-5,-5,-5,-5,-5,-5,-5,-5,-5,-5,-5,-5,-5
11561,16,-4,2,1,6000,6200,59,69,70855,8700,9500,-2,39000,-5,-5,-5,-5,-5,-5,-5,-5,-5,-5,-5,-5,-5,-5,-5,-5,-5,-5,-5,-5,-5,-5
11562,15,-4,3,1,9800,11530,76,75,69597,22550,-3,8100,16750,-5,-5,-5,-5,-5,-5,-5,-5,-5,-5,-5,-5,-5,-5,-5,-5,-5,-5,-5,-5,-5,-5
11563,18,-4,3,2,4500,6800,58,53,55411,12300,20015,20255,21500,-5,-5,-5,-5,-5,-5,-5,-5,-5,-5,-5,-5,-5,-5,-5,-5,-5,-5,-5,-5,-5,-5
11564,18,-4,3,2,9020,12912,46,41,37293,9160,12048,12200,11226,-5,-5,-5,-5,-5,-5,-5,-5,-5,-5,-5,-5,-5,-5,-5,-5,-5,-5,-5,-5,-5,-5
11565,16,-4,2,1,5400,-5,-4,-4,-4,30000,60000,25000,35000,42892,-2,47903,33500,-2,35525,27725,12000,32520,-2,31000,14000,20020,-2,25000,27000,55007,-2,100000,-2,91300,-3
11566,18,-4,3,2,5000,6150,77,77,80434,8400,10900,10000,16000,-5,-5,-5,-5,-5,-5,-5,-5,-5,-5,-5,-5,-5,-5,-5,-5,-5,-5,-5,-5,-5,-5
11567,17,-4,1,1,9530,6620,76,73,58856,10520,13150,17020,15055,-5,-5,-5,-5,-5,-5,-5,-5,-5,-5,-5,-5,-5,-5,-5,-5,-5,-5,-5,-5,-5,-5
11568,15,-4,3,1,6284,9600,93,75,73060,18950,22400,20201,18829,23635,19050,25070,-2,25070,36000,30000,36050,42512,76832,43200,54250,67200,119660,96000,112500,120000,19832,273722,206800,207000,141622
11569,15,-4,3,1,11000,22000,54,54,51388,50000,-2,50000,72300,-5,-5,-5,-5,-5,-5,-5,-5,-5,-5,-5,-5,-5,-5,-5,-5,-5,-5,-5,-5,-5,-5
11570,18,-4,3,2,10588,18000,48,56,46454,14040,12800,20807,30794,-5,-5,-5,-5,-5,-5,-5,-5,-5,-5,-5,-5,-5,-5,-5,-5,-5,-5,-5,-5,-5,-5
11571,18,-4,3,2,3000,5800,47,56,65521,9605,10100,5200,2000,-5,-5,-5,-5,-5,-5,-5,-5,-5,-5,-5,-5,-5,-5,-5,-5,-5,-5,-5,-5,-5,-5
11572,18,-4,3,2,3999,5000,38,42,44610,6681,8484,-2,11851,-5,-5,-5,-5,-5,-5,-5,-5,-5,-5,-5,-5,-5,-5,-5,-5,-5,-5,-5,-5,-5,-5
11573,18,-4,3,2,13457,14813,74,75,66705,21497,19300,24289,33520,-5,-5,-5,-5,-5,-5,-5,-5,-5,-5,-5,-5,-5,-5,-5,-5,-5,-5,-5,-5,-5,-5
11574,15,-4,3,1,6000,7300,76,80,78197,7400,10112,24630,-2,-5,-5,-5,-5,-5,-5,-5,-5,-5,-5,-5,-5,-5,-5,-5,-5,-5,-5,-5,-5,-5,-5
11575,20,-4,1,2,4374,7001,82,75,76000,6850,7000,20225,43025,-5,-5,-5,-5,-5,-5,-5,-5,-5,-5,-5,-5,-5,-5,-5,-5,-5,-5,-5,-5,-5,-5
11576,18,-4,3,2,8400,9000,83,80,73359,10174,16004,10000,46700,-5,-5,-5,-5,-5,-5,-5,-5,-5,-5,-5,-5,-5,-5,-5,-5,-5,-5,-5,-5,-5,-5
11577,15,-4,3,1,-2,9040,68,72,73868,14130,24000,10750,-2,-5,-5,-5,-5,-5,-5,-5,-5,-5,-5,-5,-5,-5,-5,-5,-5,-5,-5,-5,-5,-5,-5
11578,15,-4,3,1,5780,6900,37,43,37440,-5,6750,12000,14450,-5,-5,-5,-5,-5,-5,-5,-5,-5,-5,-5,-5,-5,-5,-5,-5,-5,-5,-5,-5,-5,-5
11579,15,-4,3,1,5453,5450,72,62,45225,10035,4893,-2,39405,-5,-5,-5,-5,-5,-5,-5,-5,-5,-5,-5,-5,-5,-5,-5,-5,-5,-5,-5,-5,-5,-5
11580,15,-4,3,1,-3,12050,84,79,71036,8954,17920,20200,25625,-5,-5,-5,-5,-5,-5,-5,-5,-5,-5,-5,-5,-5,-5,-5,-5,-5,-5,-5,-5,-5,-5
11581,15,-4,3,1,9791,9950,76,80,80130,13800,20748,12250,19200,19600,21000,25000,24500,17500,24850,26500,28500,27615,-2,32500,30225,47100,36522,42721,44448,44420,67710,67208,65300,73600,58000
11582,15,-4,3,1,5400,6000,52,62,58610,9210,9500,15984,12052,-5,-5,-5,-5,-5,-5,-5,-5,-5,-5,-5,-5,-5,-5,-5,-5,-5,-5,-5,-5,-5,-5
11583,15,-4,3,1,11750,-3,85,75,62813,6900,11800,15000,16000,-5,-5,-5,-5,-5,-5,-5,-5,-5,-5,-5,-5,-5,-5,-5,-5,-5,-5,-5,-5,-5,-5
11584,15,-4,3,1,-2,9096,86,80,80830,-3,39496,-2,34600,-5,-5,-5,-5,-5,-5,-5,-5,-5,-5,-5,-5,-5,-5,-5,-5,-5,-5,-5,-5,-5,-5
11585,15,-4,3,1,5000,-3,31,32,25651,10200,55000,-2,-2,-5,-5,-5,-5,-5,-5,-5,-5,-5,-5,-5,-5,-5,-5,-5,-5,-5,-5,-5,-5,-5,-5
11586,15,-4,3,1,4804,-5,52,57,63977,-3,-5,8400,8424,-5,-5,-5,-5,-5,-5,-5,-5,-5,-5,-5,-5,-5,-5,-5,-5,-5,-5,-5,-5,-5,-5
11587,15,-4,3,1,7020,-5,30,33,36275,7209,50000,18155,13291,23303,18433,23096,20714,9987,11011,16000,21700,23000,24000,26400,26459,36000,40000,41460,43500,51000,59002,69600,120012,140000,120003
11588,15,-4,3,1,6300,33000,83,70,57171,-5,-2,15200,31978,-5,-5,-5,-5,-5,-5,-5,-5,-5,-5,-5,-5,-5,-5,-5,-5,-5,-5,-5,-5,-5,-5
11589,15,-4,3,1,6500,-3,16,16,9828,-3,-2,31000,21650,-5,-5,-5,-5,-5,-5,-5,-5,-5,-5,-5,-5,-5,-5,-5,-5,-5,-5,-5,-5,-5,-5
11590,15,-4,3,1,8615,6560,81,93,95420,9030,31000,-2,715,-5,-5,-5,-5,-5,-5,-5,-5,-5,-5,-5,-5,-5,-5,-5,-5,-5,-5,-5,-5,-5,-5
11591,15,-4,3,1,5306,6000,58,53,39118,7360,10243,16955,17300,-5,-5,-5,-5,-5,-5,-5,-5,-5,-5,-5,-5,-5,-5,-5,-5,-5,-5,-5,-5,-5,-5
11592,15,-4,3,1,6100,8253,74,67,75850,11689,27580,31998,20018,-5,-5,-5,-5,-5,-5,-5,-5,-5,-5,-5,-5,-5,-5,-5,-5,-5,-5,-5,-5,-5,-5
11593,15,-2,3,1,-2,7548,50,53,43624,48880,16518,20000,21000,-5,-5,-5,-5,-5,-5,-5,-5,-5,-5,-5,-5,-5,-5,-5,-5,-5,-5,-5,-5,-5,-5
11594,17,-4,1,1,6590,-5,29,35,34809,-3,-2,15000,-2,-5,-5,-2,8191,9268,6744,13176,13180,13500,22000,24000,26000,29000,25000,55100,63000,-2,-2,74000,65000,66000,67800
11595,15,-4,3,1,6600,6000,33,33,35239,19000,21000,22608,30000,-5,-5,-5,-5,-5,-5,-5,-5,-5,-5,-5,-5,-5,-5,-5,-5,-5,-5,-5,-5,-5,-5
11596,15,-4,3,1,-2,5000,28,32,30142,7500,-2,-2,-2,-5,-5,-5,-5,-5,-5,-5,-5,-5,-5,-5,-5,-5,-5,-5,-5,-5,-5,-5,-5,-5,-5
11597,15,-4,3,1,5000,5000,46,43,44124,30804,31933,8124,21008,-5,-5,-5,-5,-5,-5,-5,-5,-5,-5,-5,-5,-5,-5,-5,-5,-5,-5,-5,-5,-5,-5
11598,15,-4,3,1,5000,5550,44,43,48747,-3,7877,1889,8870,13532,14500,14800,20000,-5,15000,19132,18131,12000,9350,23000,18000,18756,-2,-2,32000,19890,36352,36710,27209,37460,32000
11599,15,-4,3,1,-3,28000,38,30,24300,-3,19550,15000,39200,-5,-5,-5,-5,-5,-5,-5,-5,-5,-5,-5,-5,-5,-5,-5,-5,-5,-5,-5,-5,-5,-5
11600,15,-4,3,1,2900,8000,38,37,41464,6942,12000,13500,14300,-5,-5,-5,-5,-5,-5,-5,-5,-5,-5,-5,-5,-5,-5,-5,-5,-5,-5,-5,-5,-5,-5
11601,17,-4,1,1,3000,-5,-4,-4,-4,7100,-5,19000,20005,22621,22040,25076,16000,29900,-5,30005,27468,50896,38396,47480,46000,-2,66600,70596,99359,102300,115906,115000,126710,118504,136135
11602,15,-4,3,1,4800,6000,42,46,32827,34860,13673,14807,12046,-5,-5,-5,-5,-5,-5,-5,-5,-5,-5,-5,-5,-5,-5,-5,-5,-5,-5,-5,-5,-5,-5
11603,15,-4,3,1,5800,17800,59,65,63784,15800,23818,20580,24000,-5,-5,-5,-5,-5,-5,-5,-5,-5,-5,-5,-5,-5,-5,-5,-5,-5,-5,-5,-5,-5,-5
11604,15,-4,3,1,6500,-3,49,57,47967,-3,18000,9090,9705,-5,-5,-5,-5,-5,-5,-5,-5,-5,-5,-5,-5,-5,-5,-5,-5,-5,-5,-5,-5,-5,-5
11605,17,-4,1,1,4015,6480,30,32,30728,-5,-5,-5,-2,19000,27492,-5,62200,59100,40250,88703,-5,33700,-2,-5,-5,-5,0,-1,120000,-5,-5,-5,50964,-5,-5
11606,15,-4,3,1,7800,5900,35,31,26192,9000,20000,9652,-2,-5,-5,-5,-5,-5,-5,-5,-5,-5,-5,-5,-5,-5,-5,-5,-5,-5,-5,-5,-5,-5,-5
11607,16,-4,2,1,6015,13993,45,49,42933,8000,3800,15347,3600,-5,-5,-5,-5,-5,-5,-5,-5,-5,-5,-5,-5,-5,-5,-5,-5,-5,-5,-5,-5,-5,-5
11608,17,-4,1,1,-2,-5,30,37,31553,-3,-2,-2,-2,-5,-5,-5,-5,-5,-5,-5,-5,-5,-5,-5,-5,-5,-5,-5,-5,-5,-5,-5,-5,-5,-5
11609,15,-4,3,1,12500,-5,52,32,25408,75001,-2,-2,-2,-5,-5,-5,-5,-5,-5,-5,-5,-5,-5,-5,-5,-5,-5,-5,-5,-5,-5,-5,-5,-5,-5
11610,15,-4,3,1,5600,6300,58,76,70277,7300,4000,16000,11900,-5,-5,-5,-5,-5,-5,-5,-5,-5,-5,-5,-5,-5,-5,-5,-5,-5,-5,-5,-5,-5,-5
11611,15,-4,3,1,7800,6500,52,43,47071,-3,23444,19600,-1,-5,-5,-5,-5,-5,-5,-5,-5,-5,-5,-5,-5,-5,-5,-5,-5,-5,-5,-5,-5,-5,-5
11612,15,-4,3,1,5320,5769,23,24,17434,-5,9006,-2,60800,-5,-5,-5,-5,-5,-5,-5,-5,-5,-5,-5,-5,-5,-5,-5,-5,-5,-5,-5,-5,-5,-5
11613,16,-4,2,1,5800,6640,33,39,33859,28000,34000,3900,8700,-5,-5,-5,-5,-5,-5,-5,-5,-5,-5,-5,-5,-5,-5,-5,-5,-5,-5,-5,-5,-5,-5
11614,15,-4,3,1,5650,5100,57,52,49408,13818,16295,15586,28000,-5,-5,-5,-5,-5,-5,-5,-5,-5,-5,-5,-5,-5,-5,-5,-5,-5,-5,-5,-5,-5,-5
11615,15,-4,3,1,5850,14000,75,75,74428,20000,23650,21200,23000,-5,-5,-5,-5,-5,-5,-5,-5,-5,-5,-5,-5,-5,-5,-5,-5,-5,-5,-5,-5,-5,-5
11616,15,-4,3,1,13000,-5,-4,-4,-4,14143,15200,22833,24120,-5,-5,-5,-5,-5,-5,-5,-5,-5,-5,-5,-5,-5,-5,-5,-5,-5,-5,-5,-5,-5,-5
11617,15,-4,3,1,7000,-5,-4,-4,-4,8300,-2,21655,75001,-5,-5,-5,-5,-5,-5,-5,-5,-5,-5,-5,-5,-5,-5,-5,-5,-5,-5,-5,-5,-5,-5
11618,15,-4,3,1,7511,11072,72,94,94504,12005,9781,10736,8415,-5,-5,-5,-5,-5,-5,-5,-5,-5,-5,-5,-5,-5,-5,-5,-5,-5,-5,-5,-5,-5,-5
11619,15,-4,3,1,5312,-5,-4,-4,-4,6800,10110,11594,7360,-5,-5,-5,-5,-5,-5,-5,-5,-5,-5,-5,-5,-5,-5,-5,-5,-5,-5,-5,-5,-5,-5
11620,15,-4,3,1,4500,-5,-4,-4,-4,7400,-5,0,7606,11150,15840,36700,15000,51300,60000,24000,40000,48000,53000,47000,45000,52000,-2,44000,59000,129000,89400,94000,87000,97000,123000
11621,15,-4,3,1,-3,6798,63,69,74685,8455,12990,-5,12517,-5,-5,-5,-5,-5,-5,-5,-5,-5,-5,-5,-5,-5,-5,-5,-5,-5,-5,-5,-5,-5,-5
11622,15,-4,3,1,-3,6540,45,45,36643,11928,34300,53400,64000,-5,-5,-5,-5,-5,-5,-5,-5,-5,-5,-5,-5,-5,-5,-5,-5,-5,-5,-5,-5,-5,-5
11623,16,-4,2,1,5000,10500,35,44,39633,8508,9009,14500,-2,4600,15300,22280,13532,18468,12819,15948,8962,-3,-2,19800,20000,20000,23000,22000,26000,-5,-5,-5,-5,-5,-5
11624,15,-4,3,1,-3,13800,25,31,31902,9600,-2,15000,7200,13800,8796,17500,11800,15000,14000,19000,18600,22000,25000,-2,-2,-5,25000,-2,26000,-5,20500,22000,-2,16354,-3
11625,16,-4,2,1,6000,-3,38,48,35449,14400,25000,10725,6778,-5,-5,-5,-5,-5,-5,-5,-5,-5,-5,-5,-5,-5,-5,-5,-5,-5,-5,-5,-5,-5,-5
11626,15,-4,3,1,5040,-3,27,32,19423,6000,3300,23300,7529,-5,-5,-5,-5,-5,-5,-5,-5,-5,-5,-5,-5,-5,-5,-5,-5,-5,-5,-5,-5,-5,-5
11627,15,-4,3,1,5000,55,73,67,53950,6500,9000,32000,30000,-5,-5,-5,-5,-5,-5,-5,-5,-5,-5,-5,-5,-5,-5,-5,-5,-5,-5,-5,-5,-5,-5
11628,15,-4,3,1,4400,-3,42,42,49516,20500,20500,19712,21000,-5,-5,-5,-5,-5,-5,-5,-5,-5,-5,-5,-5,-5,-5,-5,-5,-5,-5,-5,-5,-5,-5
11629,17,-4,1,1,4000,5000,-4,-4,-4,6000,8000,10100,40100,-2,10000,10440,7000,4900,7000,8000,-2,-2,16500,-2,33000,38000,-2,49000,50000,81000,101000,73000,-1,-5,-5
11630,15,-4,3,1,10127,3500,49,52,43346,24500,33000,32000,33626,-5,-5,-5,-5,-5,-5,-5,-5,-5,-5,-5,-5,-5,-5,-5,-5,-5,-5,-5,-5,-5,-5
11631,15,-4,3,1,3220,-5,37,35,25223,3500,-2,-2,7000,-5,-5,-5,-5,-5,-5,-5,-5,-5,-5,-5,-5,-5,-5,-5,-5,-5,-5,-5,-5,-5,-5
11632,15,-4,3,1,-2,-3,20,24,15464,7572,4591,3512,2467,-5,-5,-5,-5,-5,-5,-5,-5,-5,-5,-5,-5,-5,-5,-5,-5,-5,-5,-5,-5,-5,-5
11633,18,-4,3,2,8000,-5,-4,-4,-5,-5,12000,27000,14300,-5,-5,-5,-5,-5,-5,-5,-5,-5,-5,-5,-5,-5,-5,-5,-5,-5,-5,-5,-5,-5,-5
11634,15,-4,3,1,8500,6075,43,57,52567,-5,8200,12300,8122,-5,-5,-5,-5,-5,-5,-5,-5,-5,-5,-5,-5,-5,-5,-5,-5,-5,-5,-5,-5,-5,-5
11635,15,-4,3,1,5206,-5,-4,-4,-5,-5,-2,20000,15000,-5,-5,-5,-5,-5,-5,-5,-5,-5,-5,-5,-5,-5,-5,-5,-5,-5,-5,-5,-5,-5,-5
11636,16,-4,2,1,5015,5000,28,26,19231,7800,10600,13000,-5,-5,-5,-5,-5,-5,-5,-5,-5,-5,-5,-5,-5,-5,-5,-5,-5,-5,-5,-5,-5,-5,-5
11637,17,-4,1,1,7500,-5,-4,-4,-4,12609,15649,22000,20700,30380,39220,46200,52400,59400,62500,68000,73000,73000,74000,54300,64800,332808,80000,93500,113500,-1,-5,150000,145000,180000,210000
11638,15,-4,3,1,7106,-5,94,91,84158,13600,15000,28834,-2,-5,-5,-5,-5,-5,-5,-5,-5,-5,-5,-5,-5,-5,-5,-5,-5,-5,-5,-5,-5,-5,-5
11639,18,-4,3,2,9600,8100,77,76,81707,12000,12523,-2,11036,-5,-5,-5,-5,-5,-5,-5,-5,-5,-5,-5,-5,-5,-5,-5,-5,-5,-5,-5,-5,-5,-5
11640,18,-4,3,2,-2,11300,77,65,69416,29150,30000,-2,-2,-5,-5,-5,-5,-5,-5,-5,-5,-5,-5,-5,-5,-5,-5,-5,-5,-5,-5,-5,-5,-5,-5
11641,18,-4,3,2,5050,18000,54,61,66486,22526,17800,28464,28100,-5,-5,-5,-5,-5,-5,-5,-5,-5,-5,-5,-5,-5,-5,-5,-5,-5,-5,-5,-5,-5,-5
11642,18,-4,3,2,12750,15150,80,84,80553,13500,-2,21300,22550,-5,-5,-5,-5,-5,-5,-5,-5,-5,-5,-5,-5,-5,-5,-5,-5,-5,-5,-5,-5,-5,-5
11643,15,-4,3,1,6030,6230,98,99,97855,20000,4000,-2,16000,-5,-5,-5,-5,-5,-5,-5,-5,-5,-5,-5,-5,-5,-5,-5,-5,-5,-5,-5,-5,-5,-5
11644,15,-4,3,1,5590,6840,57,66,60233,12025,60000,55000,49100,12000,22968,26000,32020,50200,32350,44420,45100,47552,56622,41000,60500,78000,79200,103892,85825,123520,-5,-5,-5,153421,179000
11645,19,-4,2,2,2400,6500,50,51,45833,7400,8200,9578,-2,-5,-5,-5,-5,-5,-5,-5,-5,-5,-5,-5,-5,-5,-5,-5,-5,-5,-5,-5,-5,-5,-5
11646,15,-4,3,1,5800,10050,58,66,53567,2036,8000,9600,15200,-5,-5,-5,-5,-5,-5,-5,-5,-5,-5,-5,-5,-5,-5,-5,-5,-5,-5,-5,-5,-5,-5
11647,19,-4,2,2,21000,-3,24,26,18821,16910,21037,27960,26656,-5,-5,-5,-5,-5,-5,-5,-5,-5,-5,-5,-5,-5,-5,-5,-5,-5,-5,-5,-5,-5,-5
11648,15,-4,3,1,5560,7200,21,20,19957,-3,4000,29880,13709,-5,-5,-5,-5,-5,-5,-5,-5,-5,-5,-5,-5,-5,-5,-5,-5,-5,-5,-5,-5,-5,-5
11649,15,-4,3,1,6911,8400,64,57,39557,9600,10098,11487,14500,-5,-5,-5,-5,-5,-5,-5,-5,-5,-5,-5,-5,-5,-5,-5,-5,-5,-5,-5,-5,-5,-5
11650,18,-4,3,2,-2,5900,63,50,45869,7500,20500,20400,16875,-5,-5,-5,-5,-5,-5,-5,-5,-5,-5,-5,-5,-5,-5,-5,-5,-5,-5,-5,-5,-5,-5
11651,16,-4,2,1,8900,10410,55,51,51339,7777,-2,0,17000,17000,19000,22000,25000,19750,29400,35900,46700,52200,56710,38612,-5,77500,92900,103150,176500,148200,147333,154424,151980,185000,171300
11652,18,-4,3,2,12175,8000,42,57,61246,4947,17764,26134,22589,-5,-5,-5,-5,-5,-5,-5,-5,-5,-5,-5,-5,-5,-5,-5,-5,-5,-5,-5,-5,-5,-5
11653,15,-4,3,1,6350,-5,34,43,43665,14520,19100,20225,19060,-5,-5,-5,-5,-5,-5,-5,-5,-5,-5,-5,-5,-5,-5,-5,-5,-5,-5,-5,-5,-5,-5
11654,15,-4,3,1,21000,12000,41,35,28265,30250,21700,7500,16050,26500,29500,12300,14000,20000,15000,18633,33000,25000,48000,44700,64500,95000,82400,100100,66000,80000,99640,53000,77500,50896,50000
11655,15,-4,3,1,4000,5000,38,32,27379,-3,8850,16000,13500,-5,-5,-5,-5,-5,-5,-5,-5,-5,-5,-5,-5,-5,-5,-5,-5,-5,-5,-5,-5,-5,-5
11656,15,-4,3,1,-2,5280,30,32,30628,-5,4000,12000,8000,18000,4438,12000,15000,18400,16004,14000,18520,24025,14000,21000,22100,26000,25000,28665,28000,30000,31075,32000,52000,41600,41000
11657,15,-4,3,1,5000,7000,38,30,22209,8201,9690,10860,19865,-5,-5,-5,-5,-5,-5,-5,-5,-5,-5,-5,-5,-5,-5,-5,-5,-5,-5,-5,-5,-5,-5
11658,16,-4,2,1,5500,6851,24,30,28419,-3,-2,-2,34200,32400,37000,39000,43000,50000,42000,57000,58600,35800,30950,36800,42000,55000,67000,67000,66500,65000,90000,65000,31000,47000,11580
11659,15,-4,3,1,3500,5000,24,27,24270,9000,20000,45850,31680,-5,-5,-5,-5,-5,-5,-5,-5,-5,-5,-5,-5,-5,-5,-5,-5,-5,-5,-5,-5,-5,-5
11660,15,-4,3,1,-2,-3,45,41,30238,4347,-2,-2,22905,-5,-5,-5,-5,-5,-5,-5,-5,-5,-5,-5,-5,-5,-5,-5,-5,-5,-5,-5,-5,-5,-5
11661,15,-4,3,1,4200,5420,-4,-4,-5,-5,-5,-5,18200,-5,-5,-5,-5,-5,-5,-5,-5,-5,-5,-5,-5,-5,-5,-5,-5,-5,-5,-5,-5,-5,-5
11662,17,-4,1,1,4500,7200,-4,-4,-4,23500,25040,11500,11350,-5,-5,-5,-5,-5,-5,-5,-5,-5,-5,-5,-5,-5,-5,-5,-5,-5,-5,-5,-5,-5,-5
11663,15,-4,3,1,5500,6500,78,77,62858,-3,30000,-2,-5,-5,-5,-5,-5,-5,-5,-5,-5,-5,-5,-5,-5,-5,-5,-5,-5,-5,-5,-5,-5,-5,-5
11664,16,10000,2,1,10000,8000,20,15,10584,14000,12000,10000,10000,-2,20000,16000,7020,35050,32344,40000,12000,10214,9427,20500,8000,35000,-2,-5,28300,20389,9060,-2,11916,12120,-3
11665,15,-4,3,1,5100,6400,92,95,92535,6800,11107,19201,29544,-5,-5,-5,-5,-5,-5,-5,-5,-5,-5,-5,-5,-5,-5,-5,-5,-5,-5,-5,-5,-5,-5
11666,15,-4,3,1,3550,0,-4,-4,-4,-3,8117,12500,20000,-5,-5,-5,-5,-5,-5,-5,-5,-5,-5,-5,-5,-5,-5,-5,-5,-5,-5,-5,-5,-5,-5
11667,15,-4,3,1,13550,-3,39,44,28473,25100,27100,35000,40000,38400,47500,48000,63000,60000,60200,61800,-1,-5,-5,-5,-5,-5,-5,-5,-5,-5,-5,-5,-5,-5,-5
11668,15,-4,3,1,9700,20000,-4,-4,-4,3030,4000,5180,6300,-5,-5,-5,-5,-5,-5,-5,-5,-5,-5,-5,-5,-5,-5,-5,-5,-5,-5,-5,-5,-5,-5
11669,15,-4,3,1,6000,-5,64,63,56605,6000,-5,-5,21050,-5,-5,-5,-5,-5,-5,-5,-5,-5,-5,66000,81000,95000,-5,130125,-5,-5,105000,-1,115000,-5,-5
11670,15,-4,3,1,6000,6500,82,76,77396,-3,14595,23817,20361,-5,-5,-5,-5,-5,-5,-5,-5,-5,-5,-5,-5,-5,-5,-5,-5,-5,-5,-5,-5,-5,-5
11671,15,-4,3,1,-2,2000,13,15,9235,7000,-2,6535,9732,-5,-5,-5,-5,-5,-5,-5,-5,-5,-5,-5,-5,-5,-5,-5,-5,-5,-5,-5,-5,-5,-5
11672,15,-4,3,1,-2,5800,45,50,44308,-3,75001,50000,70000,-2,60000,-2,32500,55000,75000,71280,51800,94000,189918,133000,71000,147000,116500,179000,210050,454737,268400,208000,595986,216000,766958
11673,15,-4,3,1,6000,6400,64,63,51616,10020,10000,-2,23000,-5,-5,-5,-5,-5,-5,-5,-5,-5,-5,-5,-5,-5,-5,-5,-5,-5,-5,-5,-5,-5,-5
11674,15,-4,3,1,5300,7378,53,56,60963,31220,15586,10000,16000,4680,57000,-2,-2,-2,35993,-2,-2,-2,17000,19100,22379,22784,32171,31012,35001,37015,39004,-2,39000,40005,37015
11675,15,-4,3,1,5540,5635,89,82,73295,-3,-2,40407,-2,-5,-5,-5,-5,-5,-5,-5,-5,-5,-5,-5,-5,-5,-5,-5,-5,-5,-5,-5,-5,-5,-5
11676,16,-4,2,1,6000,5995,46,45,38115,6995,11398,16200,20000,-5,-5,-5,-5,-5,-5,-5,-5,-5,-5,-5,-5,-5,-5,-5,-5,-5,-5,-5,-5,-5,-5
11677,15,-4,3,1,4000,5000,42,34,44586,5810,9800,21400,75001,-5,-5,-5,-5,-5,-5,-5,-5,-5,-5,-5,-5,-5,-5,-5,-5,-5,-5,-5,-5,-5,-5
11678,15,-4,3,1,6310,18000,67,62,56547,30000,18518,7404,4064,-5,-5,-5,-5,-5,-5,-5,-5,-5,-5,-5,-5,-5,-5,-5,-5,-5,-5,-5,-5,-5,-5
11679,15,-4,3,1,5600,-5,51,47,46904,20000,13200,30000,34000,-5,-5,-5,-5,-5,-5,-5,-5,-5,-5,-5,-5,-5,-5,-5,-5,-5,-5,-5,-5,-5,-5
11680,15,75000,3,1,75000,56000,69,56,54152,6450,18332,-2,25568,-5,-5,-5,-5,-5,-5,-5,-5,-5,-5,-5,-5,-5,-5,-5,-5,-5,-5,-5,-5,-5,-5
11681,15,-4,3,1,7600,-3,22,23,21573,11200,11790,15296,7275,-5,-5,-5,-5,-5,-5,-5,-5,-5,-5,-5,-5,-5,-5,-5,-5,-5,-5,-5,-5,-5,-5
11682,15,-4,3,1,4500,15723,80,82,78271,15000,30000,9002,13240,-5,-5,-5,-5,-5,-5,-5,-5,-5,-5,-5,-5,-5,-5,-5,-5,-5,-5,-5,-5,-5,-5
11683,15,-4,3,1,-2,7010,24,21,17042,8095,38600,5000,18000,-5,-5,-5,-5,-5,-5,-5,-5,-5,-5,-5,-5,-5,-5,-5,-5,-5,-5,-5,-5,-5,-5
11684,15,-4,3,1,-3,7000,47,43,32436,9002,-5,-5,-5,-5,-5,-5,32000,-5,-5,-2,27000,-5,-5,-5,-5,-5,-5,-5,-5,-5,-5,-5,-5,-5,-5
11685,15,-4,3,1,6710,23000,79,67,65640,6030,10350,10800,11500,-5,-5,-5,-5,-5,-5,-5,-5,-5,-5,-5,-5,-5,-5,-5,-5,-5,-5,-5,-5,-5,-5
11686,15,-4,3,1,13000,11800,93,81,82632,19725,12304,-2,18500,20000,29000,14000,28400,34000,26000,27150,27560,-2,-2,84000,92000,115000,147000,110000,214612,-2,233000,193600,70800,32400,153000
11687,15,-4,3,1,5980,6000,69,73,76196,12000,11295,11867,16000,-5,-5,-5,-5,-5,-5,-5,-5,-5,-5,-5,-5,-5,-5,-5,-5,-5,-5,-5,-5,-5,-5
11688,15,-4,3,1,6042,8211,76,65,71347,13003,-5,21030,-2,-5,-5,-5,-5,-5,-5,-5,-5,-5,-5,-5,-5,-5,-5,-5,-5,-5,-5,-5,-5,-5,-5
11689,15,-4,3,1,6000,6000,82,82,79428,6250,4800,-2,-2,-5,-5,-5,-5,-5,-5,-5,-5,-5,-5,-5,-5,-5,-5,-5,-5,-5,-5,-5,-5,-5,-5
11690,15,-4,3,1,6950,-5,71,73,79041,9778,12956,12620,41428,-5,-5,-5,-5,-5,-5,-5,-5,-5,-5,-5,-5,-5,-5,-5,-5,-5,-5,-5,-5,-5,-5
11691,15,6000,3,1,6000,23000,56,52,50216,15000,9688,20649,21242,28300,28800,51000,31035,35200,20320,87000,28035,42200,41200,33150,54050,-2,-2,60300,59000,58709,34324,-2,50800,48640,43130
11692,15,-4,3,1,6000,7070,41,46,38048,7700,23683,31855,-2,-5,-5,-5,-5,-5,-5,-5,-5,-5,-5,-5,-5,-5,-5,-5,-5,-5,-5,-5,-5,-5,-5
11693,15,-4,3,1,7000,-5,-4,-4,-4,8000,15000,10100,27000,-5,-5,-5,-5,-5,-5,-5,-5,-5,-5,-5,-5,-5,-5,-5,-5,-5,-5,-5,-5,-5,-5
11694,15,-4,3,1,5500,5803,58,70,66133,6200,31633,-2,-2,-5,-5,-5,-5,-5,-5,-5,-5,-5,-5,-5,-5,-5,-5,-5,-5,-5,-5,-5,-5,-5,-5
11695,15,-4,3,1,5500,28600,80,69,64230,8332,13000,32010,39558,-5,-5,-5,-5,-5,-5,-5,-5,-5,-5,-5,-5,-5,-5,-5,-5,-5,-5,-5,-5,-5,-5
11696,16,-4,2,1,5300,6000,-4,-4,-4,6560,8301,-5,12600,3457,12236,2700,12504,11680,-2,21000,30701,36000,14636,-5,-5,-5,0,4905,-5,13400,10308,-2,16224,-1,-3
11697,15,-4,3,1,5533,6639,71,66,59424,11000,26890,18600,20503,-5,-5,-5,-5,-5,-5,-5,-5,-5,-5,-5,-5,-5,-5,-5,-5,-5,-5,-5,-5,-5,-5
11698,15,-4,3,1,6000,-3,96,95,91831,32400,7985,33000,6611,-5,-5,-5,-5,-5,-5,-5,-5,-5,-5,-5,-5,-5,-5,-5,-5,-5,-5,-5,-5,-5,-5
11699,15,-4,3,1,5600,6300,99,98,95616,12000,-5,29200,45900,-5,-5,-5,-5,-5,-5,-5,-5,-5,-5,-5,-5,-5,-5,-5,-5,-5,-5,-5,-5,-5,-5
11700,15,15000,3,1,15000,16100,56,63,62523,19989,21327,21256,21858,-5,-5,-5,-5,-5,-5,-5,-5,-5,-5,-5,-5,-5,-5,-5,-5,-5,-5,-5,-5,-5,-5
11701,15,-4,3,1,5720,5200,68,63,44158,15000,15000,31000,32000,-5,-5,-5,-5,-5,-5,-5,-5,-5,-5,-5,-5,-5,-5,-5,-5,-5,-5,-5,-5,-5,-5
11702,15,-4,3,1,6355,6368,40,51,34019,43000,12449,16913,29550,-5,-5,-5,-5,-5,-5,-5,-5,-5,-5,-5,-5,-5,-5,-5,-5,-5,-5,-5,-5,-5,-5
11703,15,-4,3,1,9550,8504,49,45,29238,5767,-2,20600,24737,67000,31224,28000,38200,35020,37000,30000,34000,40700,34000,44000,39000,77600,60560,60000,70000,51000,77498,11400,48800,10008,32030
11704,15,-4,3,1,-2,10000,78,64,58873,14000,8908,14900,55000,26680,36780,42000,45700,51585,56300,59183,60800,53700,68120,70700,95000,81800,103000,103500,113800,117000,139500,144000,154000,157000,155000
11705,18,-4,3,2,5200,12000,63,56,63269,10300,11200,20070,20146,-5,-5,-5,-5,-5,-5,-5,-5,-5,-5,-5,-5,-5,-5,-5,-5,-5,-5,-5,-5,-5,-5
11706,18,-4,3,2,6000,6937,60,55,42283,15177,19000,24000,-2,-5,-5,-5,-5,-5,-5,-5,-5,-5,-5,-5,-5,-5,-5,-5,-5,-5,-5,-5,-5,-5,-5
11707,15,-4,3,1,5250,6350,75,75,67927,-3,11530,17768,28150,-5,-5,-5,-5,-5,-5,-5,-5,-5,-5,-5,-5,-5,-5,-5,-5,-5,-5,-5,-5,-5,-5
11708,18,-4,3,2,-2,8000,87,70,73200,7649,27225,32819,23785,-5,-5,-5,-5,-5,-5,-5,-5,-5,-5,-5,-5,-5,-5,-5,-5,-5,-5,-5,-5,-5,-5
11709,18,-3,3,2,-3,5582,41,47,56984,10691,-2,8320,10500,-5,-5,-5,-5,-5,-5,-5,-5,-5,-5,-5,-5,-5,-5,-5,-5,-5,-5,-5,-5,-5,-5
11710,18,-4,3,2,4025,8650,74,78,69770,-3,-2,17800,12800,-5,-5,-5,-5,-5,-5,-5,-5,-5,-5,-5,-5,-5,-5,-5,-5,-5,-5,-5,-5,-5,-5
11711,18,-4,3,2,7120,75000,82,77,69781,17510,19660,11700,13200,-5,-5,-5,-5,-5,-5,-5,-5,-5,-5,-5,-5,-5,-5,-5,-5,-5,-5,-5,-5,-5,-5
11712,15,-4,3,1,5000,6530,57,76,73811,7421,8600,17000,18000,-5,-5,-5,-5,-5,-5,-5,-5,-5,-5,-5,-5,-5,-5,-5,-5,-5,-5,-5,-5,-5,-5
11713,18,-4,3,2,5200,12200,43,41,37526,11000,9187,25000,-2,-5,-5,-5,-5,-5,-5,-5,-5,-5,-5,-5,-5,-5,-5,-5,-5,-5,-5,-5,-5,-5,-5
11714,18,-4,3,2,5280,5100,53,43,48585,7200,18125,14380,17079,-5,-5,-5,-5,-5,-5,-5,-5,-5,-5,-5,-5,-5,-5,-5,-5,-5,-5,-5,-5,-5,-5
11715,15,-4,3,1,14560,12410,87,80,71960,7315,12714,39122,43800,-5,-5,-5,-5,-5,-5,-5,-5,-5,-5,-5,-5,-5,-5,-5,-5,-5,-5,-5,-5,-5,-5
11716,15,-4,3,1,-2,5270,73,78,68303,5800,9176,62946,18908,-5,-5,-5,-5,-5,-5,-5,-5,-5,-5,-5,-5,-5,-5,-5,-5,-5,-5,-5,-5,-5,-5
11717,18,-4,3,2,1805,5500,77,66,65731,6800,8600,9011,-2,-5,-5,-5,-5,-5,-5,-5,-5,-5,-5,-5,-5,-5,-5,-5,-5,-5,-5,-5,-5,-5,-5
11718,18,-4,3,2,-3,10900,94,95,89535,12696,24180,27500,28010,-5,-5,-5,-5,-5,-5,-5,-5,-5,-5,-5,-5,-5,-5,-5,-5,-5,-5,-5,-5,-5,-5
11719,18,-4,3,2,5500,-5,-4,-4,-4,14400,16000,28600,28030,-5,-5,-5,-5,-5,-5,-5,-5,-5,-5,-5,-5,-5,-5,-5,-5,-5,-5,-5,-5,-5,-5
11720,15,-4,3,1,-3,10120,94,91,92919,7200,12350,9730,15210,-5,-5,-5,-5,-5,-5,-5,-5,-5,-5,-5,-5,-5,-5,-5,-5,-5,-5,-5,-5,-5,-5
11721,15,-4,3,1,5252,7000,77,74,78886,7020,30000,3210,9556,-5,-5,-5,-5,-5,-5,-5,-5,-5,-5,-5,-5,-5,-5,-5,-5,-5,-5,-5,-5,-5,-5
11722,15,-4,3,1,6000,7105,38,43,39080,7950,9000,16380,42000,-5,-5,-5,-5,-5,-5,-5,-5,-5,-5,-5,-5,-5,-5,-5,-5,-5,-5,-5,-5,-5,-5
11723,15,-4,3,1,-2,11008,48,40,27293,10506,14100,18140,15663,-5,-5,-5,-5,-5,-5,-5,-5,-5,-5,-5,-5,-5,-5,-5,-5,-5,-5,-5,-5,-5,-5
11724,15,-4,3,1,6000,6000,42,53,47378,12600,13000,26359,30000,-5,-5,-5,-5,-5,-5,-5,-5,-5,-5,-5,-5,-5,-5,-5,-5,-5,-5,-5,-5,-5,-5
11725,18,-4,3,2,11000,22000,44,43,36531,10100,32200,10000,29558,-5,-5,-5,-5,-5,-5,-5,-5,-5,-5,-5,-5,-5,-5,-5,-5,-5,-5,-5,-5,-5,-5
11726,18,-4,3,2,-3,5200,49,40,33292,13300,16507,20112,18000,-5,-5,-5,-5,-5,-5,-5,-5,-5,-5,-5,-5,-5,-5,-5,-5,-5,-5,-5,-5,-5,-5
11727,15,-4,3,1,5700,6350,46,37,28246,-3,45000,44000,37000,-5,-5,-5,-5,-5,-5,-5,-5,-5,-5,-5,-5,-5,-5,-5,-5,-5,-5,-5,-5,-5,-5
11728,15,-4,3,1,8000,8100,52,59,67516,21838,15400,23970,16700,-5,-5,-5,-5,-5,-5,-5,-5,-5,-5,-5,-5,-5,-5,-5,-5,-5,-5,-5,-5,-5,-5
11729,15,-4,3,1,5800,6800,73,68,64308,7900,8756,10209,16539,-5,-5,-5,-5,-5,-5,-5,-5,-5,-5,-5,-5,-5,-5,-5,-5,-5,-5,-5,-5,-5,-5
11730,15,-4,3,1,4900,5900,79,72,77144,7080,11860,24507,16605,-5,-5,-5,-5,-5,-5,-5,-5,-5,-5,-5,-5,-5,-5,-5,-5,-5,-5,-5,-5,-5,-5
11731,18,-4,3,2,10000,10000,72,67,66011,15150,15860,23081,47500,-5,-5,-5,-5,-5,-5,-5,-5,-5,-5,-5,-5,-5,-5,-5,-5,-5,-5,-5,-5,-5,-5
11732,18,-2,3,2,-2,19000,81,78,68380,14540,14400,-2,2145,-5,-5,-5,-5,-5,-5,-5,-5,-5,-5,-5,-5,-5,-5,-5,-5,-5,-5,-5,-5,-5,-5
11733,18,-4,3,2,-3,21000,60,56,53797,-5,19200,16852,28080,-5,-5,-5,-5,-5,-5,-5,-5,-5,-5,-5,-5,-5,-5,-5,-5,-5,-5,-5,-5,-5,-5
11734,18,-4,3,2,7520,7750,87,80,79023,7500,23950,25115,30250,-5,-5,-5,-5,-5,-5,-5,-5,-5,-5,-5,-5,-5,-5,-5,-5,-5,-5,-5,-5,-5,-5
11735,15,-4,3,1,8000,6000,65,53,43489,6700,13200,13000,-2,-5,-5,-5,-5,-5,-5,-5,-5,-5,-5,-5,-5,-5,-5,-5,-5,-5,-5,-5,-5,-5,-5
11736,15,-4,3,1,5214,6000,42,43,37147,7000,12015,17054,19086,-5,-5,-5,-5,-5,-5,-5,-5,-5,-5,-5,-5,-5,-5,-5,-5,-5,-5,-5,-5,-5,-5
11737,15,-4,3,1,5000,7000,27,27,15128,7330,35000,19000,-5,-5,-5,-5,-5,-5,-5,-5,-5,-5,-5,-5,-5,-5,-5,-5,-5,-5,-5,-5,-5,-5,-5
11738,17,-4,1,1,5845,7400,58,51,53850,7600,13209,14635,12461,23000,32100,31200,14840,20000,24800,46500,38300,-5,32000,-5,66400,119000,94135,408473,126300,141000,126400,497763,183296,36108,139000
11739,18,-4,3,2,-3,12821,73,76,74540,7600,15506,33538,24600,-5,-5,-5,-5,-5,-5,-5,-5,-5,-5,-5,-5,-5,-5,-5,-5,-5,-5,-5,-5,-5,-5
11740,15,-4,3,1,3484,6575,99,99,99692,8066,16964,19600,21226,-5,-5,-5,-5,-5,-5,-5,-5,-5,-5,-5,-5,-5,-5,-5,-5,-5,-5,-5,-5,-5,-5
11741,18,-4,3,2,-3,6000,99,99,98751,7100,28275,31950,38196,-5,-5,-5,-5,-5,-5,-5,-5,-5,-5,-5,-5,-5,-5,-5,-5,-5,-5,-5,-5,-5,-5
11742,18,-4,3,2,11400,15462,81,67,61019,20000,60000,-2,21400,-5,-5,-5,-5,-5,-5,-5,-5,-5,-5,-5,-5,-5,-5,-5,-5,-5,-5,-5,-5,-5,-5
11743,18,-4,3,2,6544,6525,57,58,53357,7204,-3,10200,-2,-5,-5,-5,-5,-5,-5,-5,-5,-5,-5,-5,-5,-5,-5,-5,-5,-5,-5,-5,-5,-5,-5
11744,18,-4,3,2,14500,12000,72,63,63281,16500,14900,22268,-5,-5,-5,-5,-5,-5,-5,-5,-5,-5,-5,-5,-5,-5,-5,-5,-5,-5,-5,-5,-5,-5,-5
11745,15,-4,3,1,5000,4000,62,54,53757,4373,7000,16010,15010,21000,42000,74000,-2,45400,60400,60300,65400,60300,68300,974100,153000,92000,123000,180000,235200,254000,150600,71000,-5,118000,-5
11746,19,20000,2,2,20000,3563,45,47,44733,3756,-2,8290,10000,-5,-5,-5,-5,-5,-5,-5,-5,-5,-5,-5,-5,-5,-5,-5,-5,-5,-5,-5,-5,-5,-5
11747,18,-4,3,2,5000,3316,42,51,41892,2063,-5,-5,19200,-5,-5,-5,-5,-5,-5,-5,-5,-5,-5,-5,-5,-5,-5,-5,-5,-5,-5,-5,-5,-5,-5
11748,15,-4,3,1,5631,30000,80,90,91031,25300,17000,-1,17000,-5,-5,-5,-5,-5,-5,-5,-5,-5,-5,-5,-5,-5,-5,-5,-5,-5,-5,-5,-5,-5,-5
11749,15,-4,3,1,6500,7000,84,94,85807,11721,9009,11600,14000,-5,-5,-5,-5,-5,-5,-5,-5,-5,-5,-5,-5,-5,-5,-5,-5,-5,-5,-5,-5,-5,-5
11750,1,75000,3,1,75000,46500,44,45,46974,54500,50000,60750,75001,15400,65000,-2,28200,-5,-5,-5,-5,60100,189918,115500,-5,-5,-5,-5,-5,-5,-5,-5,-5,-5,-5
11751,1,-4,3,1,6000,11000,40,32,24592,15000,4308,14500,10200,8950,-2,2400,21000,-2,14050,25000,26000,-2,-2,-2,0,23000,50000,35000,10000,20000,5200,40000,-2,8760,-3
11752,7,-3,2,2,-3,3096,20,12,8808,5576,4279,6900,8000,9974,8584,9280,7000,8512,46010,59000,54410,51025,55000,33215,79600,39600,92000,14500,53900,-2,-2,49000,30900,36478,-3
11753,5,-4,3,2,0,-5,-4,-4,-5,-5,-5,-5,-5,-5,-5,-5,-5,-5,-5,-5,-5,-5,-5,-5,-5,-5,-5,-5,-5,-5,-5,-5,-5,-5,-5
11754,1,15030,3,1,15030,-3,10,5,5044,40000,45000,41125,28000,62000,60620,32000,35000,47120,51300,54400,-2,36200,51000,40200,45000,82000,-2,-2,114805,-2,110000,130000,-5,-5,-5
11755,1,15030,3,1,15030,-3,5,1,7350,40000,45000,16000,-2,-2,46000,37000,-2,15000,43000,-2,62000,-2,82500,44000,80200,61280,160000,140000,160000,-2,150000,125000,-5,-5,-5
11756,5,16000,3,2,16000,-5,-4,-4,-4,-3,-1,10000,-5,55200,57000,-2,74000,2000,-2,82300,-2,-2,-1,37200,-2,-2,-2,110050,-1,-2,-2,-1,-1,-1,-3
11757,5,16000,3,2,16000,-3,-4,-4,-4,-3,-3,-2,-2,-5,-2,-1,-2,-2,-1,28000,22000,-2,20000,20000,-2,-1,-1,-1,-1,-5,-5,-1,-5,78600,80200
11758,1,24000,3,1,24000,24000,73,70,80188,28000,35000,35000,39973,36000,2855,6584,70405,95040,146942,81330,69000,66200,78000,33000,34958,39800,40083,53000,70000,122000,167000,-5,125,170600,204000
11759,1,20000,3,1,20000,-3,21,32,40534,28000,30000,-1,35000,45000,42000,18250,39000,43000,24600,32000,38000,-2,46400,43200,53000,73000,68000,85000,69000,98000,85250,99000,96000,104000,138000
11760,3,10000,2,1,10000,12850,-3,-3,0,13700,16800,22000,22000,23000,41000,29916,21000,-2,-2,127,-2,-2,-2,-2,-2,44640,44000,11292,43600,52600,10792,36000,49173,13512,7752
11761,7,10000,2,2,10000,12850,16,15,24028,13700,-2,22000,22000,-2,38000,32000,33100,16900,20850,21973,22790,25000,-2,79000,-2,67273,-2,55000,42000,24996,32580,46000,49000,46000,52000
11762,3,11000,2,1,11000,4999,5,3,1792,16400,15000,-2,21296,-2,24948,28000,-2,15876,20000,-2,-5,-2,20000,38000,26000,42000,51000,75000,239000,107000,47000,22540,15384,-2,-3
11763,3,11000,2,1,11000,32200,39,49,47481,12305,8000,16000,20500,29500,32000,39600,28000,27500,30000,159805,64000,63940,45200,48700,53500,90000,77000,-5,212000,200000,170000,-5,-5,-5,-5
11764,7,5136,2,2,5136,4496,2,2,5947,-3,3048,12000,3504,-2,3400,7800,-3,3024,3264,16760,2712,29844,6096,5904,9744,-2,-2,8796,236,2392,8400,4512,-2,5580,2000
11765,7,5136,2,2,5136,-3,17,10,11330,5728,3048,12000,9500,6000,-2,-5,18100,14300,12670,2400,-5,-5,7428,8319,-2,-2,-2,22000,25000,30000,-5,15000,-5,54000,-5
11766,7,-1,2,2,-1,-5,12,10,15749,-3,-5,-5,-5,-5,-5,-5,-5,-5,-5,-5,-5,-5,-5,-5,-5,-5,-5,-5,-5,-2,20000,-2,-2,30164,-3
11767,1,-1,3,1,-1,-5,-4,-4,-5,-5,-5,-5,-5,-5,-5,-5,-5,-5,-5,-5,-5,-5,-5,-5,-5,-5,-5,-5,-5,-5,-5,-5,-5,-5,-5
11768,5,-1,3,2,-1,-5,-4,-4,-5,-5,-5,-5,-5,-5,-5,-5,-5,-5,-5,-5,-5,-5,-5,-5,-5,-5,-5,-5,-5,-5,-5,-5,-5,-5,-3
11769,5,700,3,2,700,0,54,54,67337,11000,3840,11200,9600,34000,41525,44100,36470,44090,48050,80100,51000,55000,75000,75150,5694,-2,34000,28000,34400,28600,-2,21322,24000,22328,23751
11770,1,-2,3,1,-2,30000,18,20,20914,40000,65000,50000,45000,65000,35000,-5,25000,-2,-2,-2,-2,-2,-2,33000,-2,-2,38684,77000,79000,98000,102000,54027,25000,57290,59000
11771,3,-4,2,1,21000,-5,-4,-4,-5,-5,-5,-5,-5,32000,-2,37000,-3,37400,40150,-5,-2,8800,28800,32800,33000,40000,47000,48500,-5,38000,-5,-5,-5,-5,-5
11772,8,3042,1,2,3042,2596,15,16,12676,-3,-5,-2,70416,-3,6192,11304,10752,9936,10440,9237,13116,10932,12348,19452,0,6000,-2,11304,3228,-2,14000,16658,18000,40000,16792
11773,8,-2,1,2,-2,4440,6,11,17366,5800,5000,-2,912,5424,6528,6708,14364,16452,-2,3660,9756,9660,9348,10332,-2,-2,-2,15000,27500,81000,60100,-5,-2,-2,13100
11774,5,-1,3,2,-1,23000,60,50,50176,-3,50000,-2,49180,-2,-2,-2,-2,-1,-1,46040,36750,33000,36468,41700,57750,67000,79000,-1,72000,53000,20904,-5,-5,-5,-5
11775,1,-1,3,1,-1,23000,91,81,86491,-3,50000,-2,-2,60000,15050,67900,34036,97500,-2,30500,34830,38300,46000,52000,52000,105550,72600,130500,84000,109000,143400,175000,184720,160000,141000
11776,3,28000,2,1,28000,10080,35,34,26798,20000,20000,20000,15000,15000,15000,7200,15000,23500,-2,23000,7500,21000,22020,28000,30000,30000,58000,51750,60000,70000,52000,77000,85000,85000,75000
11777,7,45000,2,2,45000,55000,88,89,90862,70000,75001,24500,30000,27700,31600,-2,-2,81950,59900,69030,86200,85400,189918,80150,106300,132100,-2,-2,74500,96360,93075,24668,29720,52400,34300
11778,7,45000,2,2,45000,55000,68,72,71422,4305,75001,62414,7520,4200,70000,45000,90100,-3,70706,33252,38352,52000,73155,53905,15000,15000,48000,39000,32900,46192,18840,10500,26500,25000,24000
11779,5,-4,3,2,2400,4505,78,81,78397,4020,625,6024,16900,33000,33500,40000,53850,56700,62350,25700,68000,79000,189918,974100,110000,-2,186000,159000,128300,164000,150000,169000,211000,218000,-3
11780,1,60000,3,1,60000,4850,71,77,68857,3000,-2,3500,3000,-2,17000,-1,-1,-1,-1,42000,55000,58000,-5,-5,244343,-2,-5,-5,-5,-2,-5,-5,-5,-5,-5
11781,5,60000,3,2,60000,55000,41,45,57203,75001,-2,-2,-2,2210,90000,80500,-2,36500,44000,57220,50000,23200,33300,-2,79920,144689,145000,51902,87251,109200,197705,186705,179800,175700,179100
11782,1,65000,3,1,65000,-3,76,84,82513,2030,-2,15000,-1,-5,-5,-5,-5,-5,-5,-5,-5,-5,-5,-5,-5,-5,-5,-5,-5,-5,-5,-5,-5,-5,-5
11783,5,40000,3,2,40000,5200,38,43,52997,-3,-2,34000,5207,0,-2,5000,0,0,16000,0,-2,-2,5500,4500,3000,2340,5000,0,0,0,200,20000,11784,40580,19950
11784,5,16000,3,2,16000,22000,17,16,12145,-3,24930,-2,-2,22535,-2,15600,-2,-2,43100,50124,59658,37250,50200,-5,-5,-5,-5,-5,-5,-5,92000,-5,-5,-5,-5
11785,8,15000,1,2,15000,26200,22,20,19889,37000,50000,56000,-2,-3,-2,-2,44600,1057448,56000,48020,20000,51000,85000,-2,88000,55180,66000,70000,86600,62000,63000,56948,10776,51620,110796
11786,8,15000,1,2,15000,26200,29,29,44583,37000,50000,56000,-2,13000,94000,-2,24100,85000,74000,-2,87000,160097,-2,135010,51900,100000,58000,76000,97800,74500,-2,-2,87220,93000,100000
11787,5,25000,3,2,25000,3000,19,20,20097,1872,6082,3203,28506,33507,34000,-2,33032,37000,44000,48018,43904,46300,43000,58100,60000,63800,62800,88504,66087,73142,59324,88000,75000,-2,111410
11788,1,-4,3,1,500,8690,42,29,38440,1500,13000,24000,-2,-5,-5,-5,-5,-5,-5,-5,23000,22034,15000,20000,-2,-5,-5,-5,-5,-5,-5,-5,-5,-5,33600
11789,5,18000,3,2,18000,35000,54,52,54382,-3,75001,14603,4670,12868,9000,6600,10220,11700,71701,11000,12000,7834,13000,17000,16000,-5,-5,-5,-5,-5,-5,-5,-5,-5,-5
11790,1,18000,3,1,18000,17600,32,36,35299,22000,24000,38000,35000,17950,30000,48000,29000,34200,56500,26000,15000,35600,35000,65000,0,-2,125000,85200,99100,255100,111000,64100,51750,175450,128500
11791,1,18000,3,1,18000,17600,53,56,66503,22000,24000,38000,35000,31000,8700,18890,58000,68100,23620,40000,42000,-2,-2,61000,81200,104000,150000,12100,123000,137000,139500,202000,161700,-2,55000
11792,5,15000,3,2,15000,11500,65,64,61687,-3,20093,6956,5616,6472,6900,45810,38800,39000,-3,44120,-3,41000,41000,58300,49500,23100,-2,44290,43000,-5,10076,15588,48000,39912,54228
11793,1,7500,3,1,7500,2000,9,9,11738,2000,5000,6000,19000,3100,8960,29000,35726,45000,-1,-1,-1,-1,-2,45000,50000,-2,30000,56996,64517,-1,-1,59600,59000,84600,133800
11794,5,7500,3,2,7500,65,17,19,19708,3104,17000,11100,19000,10000,16102,23000,30500,16000,25000,34152,53133,55210,29210,33495,31272,-2,-2,49000,47100,57000,99314,-1,-1,-5,-5
11795,6,-4,3,2,-2,21200,33,33,32966,35234,21250,10500,12197,41355,30462,35788,42584,35400,40600,-5,28000,45000,-5,-5,-5,-5,-5,-5,-5,-5,-5,-5,-5,-5,-5
11796,3,5425,2,1,5425,10000,79,92,97147,18300,18000,21000,25000,500,35000,9000,-2,-2,-2,-2,-2,-2,-2,-2,3000,26000,-1,-5,24000,-1,-5,-5,-5,-5,-3
11797,7,5425,2,2,5425,10000,21,29,40415,18300,18000,21000,25000,24280,40000,-2,3200,-2,8300,6480,13880,-2,8515,-2,10612,-2,28616,14650,1200,21833,22264,21308,15040,44660,20000
11798,7,10000,2,2,10000,-3,34,39,45075,14000,1400,-2,787,11048,10628,-2,-2,-2,5592,5676,8760,8400,8520,12760,500,-1,21000,22000,33956,20000,18900,22575,60000,-1,-3
11799,3,10000,2,1,10000,20000,19,22,26504,-3,13000,-2,4000,-2,10000,-2,-5,16200,15000,-5,-5,30000,22000,32000,-5,-5,-5,-5,32000,66060,-5,-5,-5,-5,-5
11800,5,-4,3,2,12977,15800,32,22,18254,7600,3000,10000,15000,24000,24700,20470,83200,1057448,52160,89530,-2,160097,-5,149000,101000,100200,130000,170100,252000,177000,145000,150000,145000,195000,150000
11801,3,13000,2,1,13000,-3,10,9,8903,20900,-1,15000,6576,11000,40000,-2,-2,0,-3,0,-2,0,0,160,20644,-2,-2,-5,25350,47500,576,10800,28400,-5,90000
11802,7,3433,2,2,3433,5000,19,16,26740,3556,-2,-2,4280,4280,4068,-2,-2,-2,-2,8588,-2,12312,-2,12912,18516,43850,46800,29200,22062,29500,22100,-2,23000,27000,32000
11803,5,12000,3,2,12000,30000,-4,-4,-5,-5,-5,-5,-5,-5,-5,-5,-5,-5,-5,-5,-5,-5,-5,-5,-5,-5,-5,-5,-5,-5,-5,-5,-5,-5,-5
11804,1,12000,3,1,12000,30000,-4,-4,-5,-5,1650,8000,7000,8000,-5,-5,-5,22000,-5,42000,64000,70000,82000,49000,53000,-2,-2,73000,85000,95000,-5,-5,-1,116000,108500
11805,1,12000,3,1,12000,30000,-4,-4,-5,-5,-2,-2,-5,-5,-5,-5,-5,-3,30050,34400,64500,80100,85500,118000,90000,90000,124000,249000,278500,454737,440692,497763,140000,240000,160000
11806,1,17100,3,1,17100,19500,31,29,43089,19000,24000,39063,40963,-2,50000,33520,29500,17560,24685,-2,-2,45200,24316,63900,74500,89700,100000,85000,88120,93000,87300,98500,89500,108000,137100
11807,5,30000,3,2,30000,25000,23,28,40755,31500,32000,45000,10000,11830,17000,38000,43000,45112,48000,29000,32000,35000,62500,68200,66000,79000,102500,125000,142500,156000,145000,160300,150000,180000,83000
11808,5,20000,3,2,20000,10015,54,57,65571,50000,50000,58705,63020,13210,17600,18650,100001,49568,51682,58450,60600,54100,54200,77700,40000,15000,-5,0,2000,70000,0,67000,-5,-5,-5
11809,1,20000,3,1,20000,20000,66,71,68468,18000,45000,50000,63518,45000,70000,77552,78347,73520,13535,14035,23000,25030,31075,36317,40020,43090,45580,47800,40075,53041,57320,63500,23100,65000,50000
11810,1,30000,3,1,30000,25000,1,1,1127,11552,5400,5424,-2,10000,5400,5316,5600,5448,5616,0,0,0,0,0,0,7200,-5,-5,4008,10356,11046,10956,11448,24636,12700
11811,5,30000,3,2,30000,26000,2,1,823,6615,3600,4232,16400,9188,9182,12136,10000,12570,14450,14644,14000,15590,16430,19000,-2,33000,36000,26400,28512,25000,24732,31476,-2,13004,16508
11812,5,30000,3,2,30000,26000,4,4,3340,670,-2,1923,8448,3564,3576,4428,-2,3972,-2,10000,-2,41308,11808,5304,9240,10548,21528,8136,0,0,11268,8376,9408,-2,-5
11813,5,31000,3,2,31000,1556,6,3,3222,12521,7656,6060,3695,6082,15370,23000,24000,6848,30600,36560,15423,18084,22772,37000,-2,41163,61750,67360,47456,64020,63752,125184,102104,86720,162440
11814,5,30000,3,2,30000,26000,3,2,2314,19949,27000,3080,3164,12027,9036,7836,15720,10100,8190,10000,-2,42000,6500,0,8846,11680,5400,9715,9000,3800,0,6400,2400,-2,-3
11815,5,20000,3,2,20000,28000,18,22,21716,1490,45000,6775,6907,6472,6056,10151,15000,14000,11000,9030,9476,11568,12000,36000,20656,40500,75008,88183,74668,86098,64808,49172,48600,145676,172900
11816,5,28000,3,2,28000,21600,91,86,78611,23600,33550,36050,39150,39900,42200,47023,50874,54108,62077,61868,63800,60122,-2,57200,70000,38700,24000,21476,79500,44000,-2,47000,40000,47000,79000
11817,2,-4,3,1,6000,-3,26,21,13198,5643,7338,6108,7430,-2,0,26000,15400,22000,-2,22349,45208,-2,4078,49000,21000,30000,30000,-5,27500,11450,106000,-5,77752,101752,79000
11818,6,-4,3,2,5000,9700,13,11,12570,5609,7290,6108,6468,4572,6216,425,7623,6080,-2,11651,16719,11900,14600,-2,3000,7500,13000,12000,13000,14500,14000,14000,19000,16800,-3
11819,5,25000,3,2,25000,1972,43,42,43124,2800,14000,3504,7000,9120,11300,9200,-1,32003,-2,-1,-2,22576,21564,16000,20600,37700,40000,29545,34192,35200,58800,47760,54400,60000,65000
11820,1,30000,3,1,30000,35000,48,61,62701,30000,-2,5900,6760,50000,-2,48000,18100,37100,44000,51500,53000,65000,50900,66000,72600,55000,66720,42000,50000,56000,52600,56000,70000,120000,100000
11821,1,30000,3,1,30000,9996,98,95,96046,12250,15200,23200,26500,31000,32000,39000,39500,44000,-5,47000,50000,53000,55000,60000,-5,-5,-5,-5,-5,-5,-5,-5,-5,-5,-5
11822,1,30000,3,1,30000,35000,28,35,41801,3000,-2,-5,44000,10000,20000,19005,24020,38000,40012,40016,46012,48000,61000,68000,75000,57000,68000,78000,87500,83300,-5,-5,-5,-5,-5
11823,1,50000,3,1,50000,47600,-4,-4,-4,2475,-2,7200,18230,8800,14144,12120,11514,26050,35320,31569,-2,28000,22000,25300,96000,115000,75000,215000,479983,0,45000,190000,260300,235000,175001
11824,1,50000,3,1,50000,51000,42,35,48782,45000,-2,50000,50000,50000,50000,57700,6000,20000,24300,46000,12400,9000,13000,-2,9000,-2,12620,91518,200400,200000,240000,230500,233000,224000,207500
11825,3,13050,2,1,13050,10252,1,1,0,12000,-1,20000,-2,40000,30000,5000,12000,12000,38000,40000,65000,-2,57000,60000,-2,49080,80000,41784,-2,99998,104804,40000,59902,50000,65000
11826,7,-4,2,2,-2,4317,2,4,4529,4433,5184,-2,5700,5448,8664,9012,-5,-5,8256,-2,-2,8871,-2,-2,-2,-1,-2,0,0,0,-1,8616,8400,-2,-3
11827,7,-2,2,2,-2,4800,8,5,7867,10000,7000,4000,4800,-2,1500,14000,-5,-5,-1,-2,13240,10500,16000,-2,-2,6120,6960,7188,0,7680,8280,9360,720,8400,-3
11828,3,-3,2,1,-3,4800,12,18,27906,-3,1100,3900,2000,5000,10888,11000,14000,18700,22000,20000,22000,-1,15000,-5,-2,-2,17000,20000,37500,-2,20000,20000,19000,18000,20000
11829,3,-3,2,1,-3,4800,3,4,7374,-3,8900,-2,-1,-2,-2,-5,-2,15500,25000,33000,-2,-2,-2,74100,-2,28000,6000,24000,-2,15600,-2,-2,34320,0,-3
11830,3,19874,2,1,19874,20000,2,3,1457,-3,22499,-5,-5,-5,-5,-5,-5,-2,38000,-2,-2,12000,-3,-2,12000,-2,-2,0,2000,0,1200,-5,-5,-5,0
11831,8,19000,1,2,19000,10000,31,19,11763,18000,-2,25500,-2,-2,-2,11600,15000,18000,19000,19000,19000,22000,22436,20000,-1,23000,32895,31000,36000,38000,40000,60000,39000,40000,-5
11832,8,19000,1,2,19000,10000,4,6,9266,18000,0,-2,-2,-2,1200,4764,5000,-5,8348,-1,4000,0,-2,-1,-2,-1,-5,-5,15000,-1,-2,-1,-5,-5,-5
11833,4,19000,1,1,19000,10000,5,8,13696,18000,-2,25500,-2,-1,-2,-2,34000,42100,16000,-5,-2,-2,-2,-2,0,8000,-2,-2,25000,20000,-2,14834,30000,-5,-5
11834,5,19000,3,2,19000,26800,12,19,15525,18000,17000,27997,10000,-2,9000,-5,8500,-2,-2,-2,-2,21000,18000,30000,32500,-2,37000,740,13008,75200,144568,105300,-5,-5,-5
11835,5,35000,3,2,35000,-3,57,52,60500,40000,62000,5000,9000,16000,29000,33000,36000,40000,45300,50500,54000,-2,59732,60300,70000,86000,86138,85332,67000,48310,45525,12600,-5,-5,-5
11836,3,14000,2,1,14000,-3,4,6,10178,630,18000,1026,2000,5400,10000,9000,9000,19000,-2,11000,3635,11945,14400,15200,-2,14000,13600,32308,7500,0,1000,0,9406,-5,-5
11837,3,14000,2,1,14000,13000,4,4,7649,14000,18000,7000,25,28000,-2,-2,-2,-2,-2,-2,-2,-2,-2,-2,-2,5000,0,30000,25000,-2,-2,-2,-2,-1,-3
11838,7,14000,2,2,14000,13000,18,15,23064,14000,16000,-2,-2,28000,-2,-2,14800,-2,-2,-2,-2,-2,-2,40000,-2,-5,70000,47000,61700,54000,56176,-2,60732,72000,74000
11839,7,5000,2,2,5000,14500,19,33,48275,18000,13000,-2,28450,-2,7500,12000,17000,18000,20578,17980,17500,-2,19500,26000,-2,35000,42500,43500,48250,41000,34660,10680,3004,4440,-3
11840,3,7000,2,1,7000,17000,7,6,7708,22000,-2,22000,-5,13520,11000,0,-2,1200,2954,15000,20000,-2,-2,-2,-5,-2,-5,-5,-5,-5,-5,-5,-5,-5,-5
11841,3,7000,2,1,7000,9000,26,27,39048,20000,30000,22000,11000,12900,18000,22800,44600,-3,56500,38000,15680,67800,52000,52000,59100,80000,91000,99000,109000,127000,167000,199000,217000,250000,185000
11842,7,-4,2,2,610,3500,69,80,85222,32100,30000,28700,30000,37850,35850,39300,41130,51500,52448,60150,-5,-5,-5,-5,-5,101000,-5,-5,-5,-5,-5,-5,-5,-5,-5
11843,4,-4,1,1,13300,-3,-4,-4,-5,-5,-5,-5,28000,-5,-5,-5,-2,-5,-5,-5,-5,-5,-5,-5,-5,-5,-5,-5,-5,-5,-5,-5,-5,-5,-5
11844,4,8000,1,1,8000,6000,13,21,23172,-3,26289,10998,1860,2000,-5,4000,9200,14580,3780,8000,10000,10000,10975,13000,14000,10000,-2,10000,20108,10576,9300,-2,-2,-2,-3
11845,8,10000,1,2,10000,8000,38,46,47552,9993,14000,22000,27000,18000,25000,47000,76300,-2,64500,63500,65150,62000,80100,97100,95000,105000,61000,50000,50000,55119,54732,54040,53692,95000,53000
11846,4,10000,1,1,10000,8000,8,10,9003,2100,-2,8400,9030,27000,-2,27000,33000,-3,-2,42700,75300,31400,25000,27500,35000,33000,43000,39000,57000,59500,69000,68516,-5,-5,65100
11847,5,20000,3,2,20000,-3,51,55,55125,30000,60000,27010,27600,34051,56000,72700,27200,38850,60000,45050,60100,35050,-2,159300,-2,-2,-2,-2,100000,-2,50,20000,6200,60000,85000
11848,7,10000,2,2,10000,13000,42,45,48795,14000,9000,25000,25000,28000,45000,-2,56000,43500,40505,8257,5454,18000,21500,12000,0,24000,0,45000,24500,28000,28500,-5,-5,-5,-5
11849,3,10000,2,1,10000,13000,11,10,14611,14000,10000,36000,-2,25000,45000,-2,57000,42000,18000,7000,21000,19000,26000,30000,19000,51000,35000,40000,50000,45000,44000,52000,0,69000,24000
11850,5,18000,3,2,18000,-3,16,23,24520,2670,5389,6600,7054,8130,14100,15600,12096,14000,19688,27000,-2,18000,23000,24000,23000,29400,33200,34408,32000,32524,33000,32000,12000,19000,28000
11851,5,-4,3,2,9000,12000,66,67,67970,12000,14000,19000,70000,14000,16020,18030,-2,23635,23600,31300,35150,38550,-1,56900,-2,72400,80000,-2,80500,79184,-5,-5,-5,-5,-5
11852,1,25000,3,1,25000,2650,73,74,81309,1100,50500,7800,20000,50000,22000,9000,12000,-5,-5,-5,-5,-5,-5,-5,-5,-5,-5,-5,-5,-5,-5,-5,-5,-5,-5
11853,5,-3,3,2,-3,25000,49,51,62053,30000,30000,35000,30000,30000,10000,-5,-5,-5,64000,-5,1584,0,-2,-5,31000,-5,-5,-2,-5,76500,112000,84000,78000,-1,117000
11854,7,12000,2,2,12000,12000,75,69,68817,18000,33000,33000,15000,27110,-2,12000,25100,27891,30200,38500,34100,40037,38900,82037,-2,115030,126026,153000,172000,-5,173000,-2,-5,-5,-5
11855,7,-2,2,2,-2,9351,18,17,22504,6000,-2,15000,16000,22590,-2,-2,20000,27000,31000,38000,39500,-2,52000,41400,72000,-1,-2,-1,-1,-1,-1,-5,-5,-5,-5
11856,7,-2,2,2,-2,9351,17,13,19400,12000,7000,-2,-2,28090,-2,-2,-2,-2,-2,-2,-1,24000,13200,10100,13500,-5,-5,-5,-5,-5,-5,-5,-5,-5,-5
11857,1,-4,3,1,16000,15000,-3,-3,70946,26300,28810,28712,30500,42000,50000,58300,50000,59000,54000,58000,75826,49800,67000,84000,50500,108000,90000,66400,118000,454737,440692,105000,120000,77000,190600
11858,6,-4,3,2,3000,3500,53,39,37279,6420,2400,1300,19000,13000,13821,15200,100001,17100,-2,-2,-2,-2,-2,9200,-2,-2,-2,61000,48000,104000,80000,41000,36750,-2,-3
11859,7,-4,2,2,3895,3228,6,2,4896,14000,5296,12780,17844,17528,-2,17340,18448,-2,-1,20000,8000,-2,-1,-1,21664,-2,-1,-2,-1,-1,-1,-1,-1,-1,-3
11860,4,20000,1,1,20000,21000,71,67,61243,18000,15000,17540,75001,44300,78600,52000,80000,87000,88500,53700,56000,63200,70000,55000,118000,70000,191000,90000,80000,-5,89188,200000,-5,130000,0
11861,8,20000,1,2,20000,21000,39,30,30814,18000,15000,13000,7735,4500,5000,6000,8500,13000,14000,13000,14000,16000,-2,-2,17500,23000,17000,24000,8000,6000,30000,2200,14268,23740,23920
11862,5,22000,3,2,22000,-3,57,72,59342,-5,-5,-5,10836,13874,15000,-2,10000,28380,30805,42030,47000,71000,189918,-5,20000,-5,-5,-5,-5,-5,-5,-5,-5,-5,-5
11863,1,22000,3,1,22000,-3,71,77,78549,-3,15001,13190,-3,18210,-5,-2,-5,-2,26015,67170,62120,-2,-2,75000,62000,64000,77000,68014,77919,80000,100218,105486,111765,140100,161419
11864,4,16000,1,1,16000,1000,12,14,16885,22000,26000,33000,10000,24000,13000,42000,13000,14000,10000,15000,15400,10000,12000,24000,45000,40000,29800,80000,64000,43000,51000,60000,74000,60000,69000
11865,5,20000,3,2,20000,30000,59,61,75534,30000,60000,45000,39200,55548,55000,9600,56520,11900,5019,18000,41320,32450,41000,18499,-5,-5,-5,33000,42500,6450,43500,-5,-5,-5,-5
11866,5,21000,3,2,21000,-3,57,56,53834,3140,3620,6400,28050,27530,32200,30750,23000,29200,27400,32300,39000,36400,40500,-2,20100,-2,65000,101944,68920,96400,91000,210000,165000,-5,-5
11867,5,24000,3,2,24000,28000,16,16,18000,-3,-3,-2,-2,7000,-2,-2,10000,11000,-2,61000,7000,71900,77000,10000,70000,-2,58000,60000,63000,-2,70160,43000,52000,62000,64000
11868,5,24000,3,2,24000,28000,46,46,54370,-3,-2,-2,3500,1500,70000,20020,100001,18000,20150,75700,79300,80000,88000,106300,108500,133000,156000,-2,167831,181900,215400,-5,285500,275000,350000
11869,5,-4,3,2,4510,19005,79,86,83763,25619,-2,35080,36557,37063,22190,27860,16060,42917,50550,50300,60480,160097,57700,66050,70180,75400,82995,78000,105100,96396,71104,79000,75505,85537,108900
11870,5,10000,3,2,10000,3300,59,68,72983,10500,5000,6100,29200,28050,26000,31500,34500,45500,48900,46000,-2,72669,82480,974100,112400,151000,-2,-2,209215,228741,-2,497763,250000,350000,-3
11871,5,10000,3,2,10000,3000,71,81,88152,21335,14500,25000,31500,32000,13157,14118,11970,11783,13290,16112,22000,23276,24001,22100,28610,32000,-2,6325,-2,33025,-2,23303,-2,19012,34010
11872,1,40000,3,1,40000,12195,90,92,81931,12015,16010,15205,15296,17465,19102,15626,-3,17490,28806,36420,32400,21003,33005,25000,19000,34901,36000,38015,70000,128770,158100,-5,-5,-5,-5
11873,5,-4,3,2,9300,7641,35,40,37469,18273,30000,29705,31443,37780,43036,54330,55840,65976,66100,72100,80036,74100,74187,82800,99200,124200,137800,131996,141320,171000,181640,183000,151560,-5,-5
11874,5,-4,3,2,-2,10000,74,59,52296,1100,10200,34200,-2,43892,-2,52500,59374,69960,75500,33500,-1,-1,53774,-5,51520,46624,54200,59200,-5,-2,60700,60000,63000,65000,79000
11875,1,18000,3,1,18000,22000,68,58,63866,22000,33700,47000,41000,50000,13923,21672,26040,24060,-2,21000,23300,34400,34700,33100,44000,37816,56261,62000,72000,82700,96061,104000,116800,127000,120130
11876,5,-1,3,2,-1,8200,30,31,30891,25500,35000,-2,-2,29500,56900,52100,54300,48620,56500,69812,54280,58268,67060,-2,87180,100400,-2,-2,134800,-2,-2,-2,-2,-2,151000
11877,5,-1,3,2,-1,18000,20,15,21150,1026,-2,17047,35174,-2,38000,-2,-2,11517,-2,4224,16336,-2,-1,-2,4431,-1,-1,39500,70400,-2,-2,-2,0,36,-3
11878,5,9000,3,2,9000,-3,27,27,39427,-5,-3,12000,-2,-2,17000,21500,17000,36600,-2,26000,-2,30500,29400,-2,42000,8304,-2,42435,27600,20800,25584,29000,30000,33259,30000
11879,5,15000,3,2,15000,22000,57,54,63777,30500,12126,9200,9206,14350,28100,-2,-2,-2,38400,35000,39000,47160,52700,77000,-2,-2,75400,-2,21091,-2,32000,-2,68000,89124,94000
11880,1,15000,3,1,15000,22000,28,37,44032,-3,26000,30000,6100,8196,7000,15000,16000,71176,18000,10000,15000,12000,-2,17720,30480,69000,65000,60000,60000,80000,72000,85000,114000,110000,97020
11881,5,22000,3,2,22000,40000,81,95,92255,32000,9850,10115,3795,9500,9930,16850,16800,-5,15800,-5,21500,-2,17600,23000,32500,-2,5600,30000,15000,40320,36000,47000,22500,26000,30000
11882,5,22000,3,2,22000,2236,86,91,89699,12828,4492,3400,3529,5000,1300,4350,10000,20000,15000,12000,11000,20000,-2,22000,75000,-5,-5,-5,-5,-5,-5,-5,-5,-5,-5
11883,4,35000,1,1,35000,16000,49,68,75428,6500,9230,5560,6354,7786,11200,16900,-2,-5,38092,21000,18000,-2,-2,13560,3000,-2,10000,29000,44000,28093,17926,33312,42836,53679,50605
11884,4,30000,1,1,30000,31000,26,27,18231,25000,28000,5622,2819,14000,5481,14000,12000,7300,14938,13779,-2,-3,-3,40300,-2,-1,25500,31500,2200,13090,52908,73008,47232,75960,64228
11885,8,35000,1,2,35000,30000,23,21,31039,25000,28000,23000,13000,21000,11000,45000,47000,20200,15000,40000,45000,10000,2000,-2,-2,68000,82000,77000,70000,93000,87250,66000,70000,75000,84400
11886,5,-4,3,2,14350,18020,78,80,79197,7420,12500,14630,19803,13419,19889,25215,29210,31420,32780,29455,33950,32393,34615,35700,31324,-1,84200,79060,70000,140068,60000,-1,105000,120000,-3
11887,1,14000,3,1,14000,13400,75,66,61341,20000,20000,25000,30000,13458,12600,15200,13800,13968,14680,13950,16270,15201,14446,18781,19161,-2,22615,26395,27860,40850,28550,31321,40350,17408,29930
11888,1,-3,3,1,-3,-3,37,42,39393,11000,6000,-1,14002,52100,-2,-2,24700,-2,-2,30500,31400,25025,-2,-2,25000,30000,-2,44000,45000,48000,45600,40000,51000,26000,0
11889,1,20000,3,1,20000,-3,53,53,68263,-5,-5,-1,15000,19000,15000,3000,12088,13020,13010,13050,15285,30021,29800,31647,48000,32010,49503,55000,57500,60000,64000,67000,65000,88000,74000
11890,4,-4,1,1,7640,7480,1,1,1779,17000,22000,-2,-2,16900,17200,17000,20000,-2,11000,16000,32000,-5,39420,40000,48000,64000,65000,60000,50400,68000,68000,64000,63000,67000,62000
11891,8,13000,1,2,13000,15000,4,8,4028,-3,3000,15184,5632,-2,12000,10000,9600,30166,7920,7448,14292,9060,11237,9240,19380,7200,-2,-2,30000,20200,20611,7740,0,0,-3
11892,3,-4,2,1,-3,-3,98,93,92067,14200,20138,29805,26173,24025,22848,29090,31860,34078,-3,84267,75294,82000,73060,-2,100000,56700,-5,-5,-5,-5,-5,-5,-5,-5,59498
11893,1,12000,3,1,12000,85,96,95,94632,-3,7100,-2,35000,28000,40000,8000,800,5998,17200,68700,-2,83700,79750,88000,244343,90250,139000,176000,479983,40500,250000,273300,100000,125000,300000
11894,5,-4,3,2,12320,13000,63,61,55742,13500,12949,11117,15792,7107,20616,20878,16806,19315,24500,43525,20270,16100,21000,25279,26450,37600,55000,35303,52963,58694,60914,61500,65000,65000,69177
11895,3,28000,2,1,28000,-5,-4,-4,-5,-5,-5,-2,-5,-5,-5,-5,-5,-5,-5,-5,-5,-5,-5,-5,-5,-5,-5,-5,120000,127000,110699,83000,87000,92400,107000
11896,7,28000,2,2,28000,-5,-4,-4,-5,-5,-5,-5,-5,-5,-5,-5,-5,-5,-5,-5,-5,-5,-5,-5,-5,-5,-5,-5,-5,-5,-5,-5,-5,-5,-5
11897,1,16000,3,1,16000,18000,83,94,96751,16000,4000,4019,4300,5200,-5,4000,-5,-5,-5,18500,20400,21000,19813,20000,-5,-5,-5,-5,148000,130000,-5,-5,267000,161900,166000
11898,5,39000,3,2,39000,40000,89,84,80758,45602,32000,50000,19900,27135,27900,35000,33000,32700,65400,67200,72200,60200,189918,59800,57000,90000,105000,130000,138500,-2,-2,238000,208000,252000,329000
11899,5,39000,3,2,39000,40000,55,61,70501,45602,32000,50000,40000,50000,32000,40900,51000,56000,64200,67200,839078,67100,44839,62982,-2,119400,-2,165240,187000,97651,154400,125504,98000,20000,74600
11900,5,-4,3,2,28400,-5,-4,-4,-5,-5,-5,-5,-5,-5,-5,-5,-5,-5,-5,-5,-5,-5,-5,-5,-5,-5,-5,-5,-5,-5,-5,-5,-5,-5,-5
11901,5,39000,3,2,39000,40000,34,37,36943,55000,48900,18000,18920,33000,29160,12000,15530,14152,6344,87242,-2,-1,-2,10450,15840,52400,23100,-2,-1,53000,28000,49000,-2,51000,31000
11902,5,38000,3,2,38000,40000,52,45,39267,10000,-2,-2,-2,3539,-2,63450,-2,7384,23000,46800,50000,48600,51000,0,21450,42500,52200,61200,70260,107596,56000,95000,91200,104000,155000
11903,8,-4,1,2,0,-5,5,6,3969,5880,4896,4896,2544,5376,1000,2400,-5,10000,12468,1785,9480,0,-2,10000,-2,-2,-1,-2,27500,-2,-2,-1,-2,-5,0
11904,4,-2,1,1,-2,-5,6,6,6610,7200,14300,-2,8820,11380,10496,8602,-2,12500,-2,6000,10000,6112,-2,4000,13200,50934,86000,74955,77854,81000,57000,57000,36610,0,0
11905,5,-4,3,2,5350,10000,43,43,43256,15000,18000,20000,21730,28000,50000,24000,33000,-2,16200,35000,38000,42000,-2,52000,55100,63000,100000,75000,88000,100000,-5,79000,85000,90000,-5
11906,5,-4,3,2,11540,9900,91,84,85185,13500,21013,33300,51200,12000,20946,44400,32660,44800,47000,50980,-1,-5,-5,-5,-5,-5,-5,-5,-5,-2,-1,-1,-1,-1,-3
11907,1,-4,3,1,-3,-3,65,77,72402,-5,-5,-5,-5,-5,-5,-5,-5,23200,22000,3712,-3,5000,-2,-2,5075,-5,-5,-5,-5,-5,22000,-5,-5,-5,-5
11908,1,5000,3,1,5000,-3,-4,-4,-5,-5,-5,-3,13000,13000,20000,24000,23080,25200,26070,25000,24840,25000,20030,39020,50750,-2,69100,-2,45000,50898,33000,57300,103880,-2,101200
11909,5,5000,3,2,5000,-3,38,42,51061,-3,-2,15400,6068,13200,10000,-2,9542,-5,-5,74831,85000,85020,88525,83050,13713,25549,42311,30146,47162,41205,30560,18588,50020,115403,36010
11910,5,-3,3,2,-3,-3,44,35,39959,-3,6000,10160,-2,26000,-2,-2,38700,31300,42800,40800,35000,78100,-1,-1,61200,63000,-1,48000,-5,-5,-5,-5,-5,-5,-3
11911,1,21000,3,1,21000,25000,51,70,56834,21000,-2,13000,16000,21000,17500,15050,30800,32500,29600,28700,44800,45800,49700,65100,69800,31200,78200,92000,108000,98200,126300,119000,115000,116000,130000
11912,5,21000,3,2,21000,25000,33,44,51878,25000,-2,13600,11780,21140,-5,35300,31000,54200,70000,-5,56004,-5,-5,-5,-5,-5,-5,-5,-5,-5,-5,-5,-5,-5,-5
11913,1,-3,3,1,-3,28000,38,41,41570,-3,4000,24000,-3,4100,10320,25730,36080,57300,37300,36200,36696,45500,49500,48360,58400,66290,77500,-2,91350,96100,116422,114906,119694,121416,121270
11914,1,-3,3,1,-3,-3,26,27,27574,-3,49000,30000,36000,34000,8800,13100,-2,-2,10000,20000,18000,20000,29000,38500,29524,30000,-5,-5,-1,-5,-5,68000,51300,68400,55000
11915,5,-1,3,2,-1,-3,38,32,42503,6760,35050,39900,-2,12920,14800,-2,28400,23600,77268,159805,40300,40000,18500,18000,25100,17000,42000,19000,35100,19300,55600,24280,-5,2400,26700
11916,7,19000,2,2,19000,3000,32,32,45787,-3,16000,20000,30000,13000,3000,10000,14000,17000,23019,23000,24600,-2,-2,30700,27700,72000,57000,47000,59600,53772,60000,68648,11664,76800,67700
11917,1,-4,3,1,17263,17000,83,67,62412,21000,21000,26000,-2,45086,49786,62000,-5,-5,-5,-5,80000,-2,65000,62600,59500,64000,96000,113000,35000,50000,25575,48000,33600,197600,766958
11918,5,30000,3,2,30000,35000,93,90,89086,-3,7837,-2,11435,38420,38925,47112,59050,66050,70050,65080,57012,60245,68020,80010,74000,101030,140000,154000,89860,104025,105010,111211,112006,129000,120020
11919,5,30000,3,2,30000,34000,82,88,95601,32500,35000,-2,45000,32000,45000,20000,31080,36020,79150,85200,92027,160097,189918,58500,59300,0,75300,81900,96900,91000,90300,112060,144500,170300,190200
11920,1,22520,3,1,22520,27000,70,73,83021,28750,33000,33000,36309,35000,45000,24400,27400,33400,23500,42200,42000,43000,-2,60200,98000,-2,-2,215000,479983,454737,440692,-2,595986,922631,-3
11921,1,30000,3,1,30000,26000,89,84,74201,5200,37000,50000,-1,15150,12000,21500,40000,30000,-5,-5,-5,-2,-5,-5,-5,-5,-5,-5,-5,-5,-5,-5,-5,-5,-5
11922,8,18500,1,2,18500,40000,58,66,71663,18000,25000,40000,13250,15300,38500,41300,-5,-5,-5,28500,-2,35500,-2,974100,244343,332808,390662,-2,-5,-5,-5,-5,-5,-5,-5
11923,5,14000,3,2,14000,14000,36,44,45430,925,3510,11060,12050,16600,-2,17010,20015,23030,18040,15420,-2,3,17374,20105,19211,50010,28210,34000,12010,36000,39530,51620,47000,59000,76000
11924,2,25000,3,1,25000,30000,98,91,91057,41422,40500,26000,26900,67500,43100,34964,40900,46565,39272,63500,44700,55500,47500,69700,76214,77105,116000,103422,116142,127000,130000,109052,101000,105000,94400
11925,2,25000,3,1,25000,30000,85,69,70000,41422,18995,21700,23997,25373,30100,31200,38110,45300,49400,38100,50000,53123,52500,55000,60110,68000,68200,52035,61000,81000,36640,51000,33664,49800,42500
11926,2,25000,3,1,25000,30000,83,82,86514,41422,4725,1525,26900,67500,35800,99270,-2,22300,86270,-2,-2,-2,-2,-1,37600,40200,42200,82000,45150,54150,53805,52060,71470,75700,75070
11927,5,-3,3,2,-3,29000,20,13,12015,-3,9000,23000,28960,29350,36340,35000,36300,38000,48000,39000,40000,160097,-2,-1,59000,61000,-2,53400,-5,-5,-5,-5,-5,-5,-5
11928,1,-2,3,1,-2,-3,19,17,23467,-3,15000,21000,500,4000,5000,45000,31000,0,8000,9000,2400,10000,25000,32000,4586,-5,-5,0,-5,0,0,0,-5,0,0
11929,5,40000,3,2,40000,45000,88,95,93914,6000,35000,50000,20000,18000,16000,43000,59000,56050,61000,67000,72100,77050,78000,105000,110000,134000,150000,170000,192000,210000,245000,268000,277000,295000,297000
11930,6,-4,3,2,-2,-3,9,7,8718,-3,10900,12100,15860,15000,16000,-2,32000,35000,48000,30000,35800,32900,35000,37400,37500,-2,-2,47000,-1,46800,-1,52000,65000,80000,62400
11931,7,-4,2,2,1900,9700,28,21,20715,7200,8200,11900,14100,13500,35500,45000,48200,46500,48400,49000,50500,50150,66300,63500,64500,67600,-2,64000,-1,75200,92000,-1,-1,128000,-3
11932,7,15000,2,2,15000,-3,13,12,9829,6000,15000,20000,10000,2203,40000,-2,2850,8472,3120,640,6100,9024,3335,6000,0,0,0,0,10000,0,0,0,0,0,0
11933,7,15000,2,2,15000,15270,8,11,10208,17420,3000,20000,10000,25000,10000,-2,10140,-2,-2,-2,-2,-2,-2,-2,17400,15000,25600,-2,19600,36328,-2,29628,-2,13024,-3
11934,3,15000,2,1,15000,3419,13,13,12465,9000,7732,19800,18050,56000,29000,59000,45200,62000,38000,54000,34000,40000,38700,39100,116000,121500,122000,155000,101800,99557,167606,110400,138052,148300,158800
11935,7,15000,2,2,15000,15270,12,10,10590,17420,3000,6600,7484,35000,10000,1810,3660,0,-2,20000,28500,43000,40000,48300,90000,-2,-2,90000,54000,115000,85000,80000,76000,34000,18000
11936,3,26000,2,1,26000,30000,47,37,38717,-3,-2,-2,24165,28000,29200,-2,29300,36000,-5,33000,37100,37000,43910,70000,70000,-5,30000,-1,125000,130000,-1,165000,-1,-1,100000
11937,3,26000,2,1,26000,-3,19,13,12877,25000,30000,23000,30000,50000,50000,-2,-2,-2,17000,-2,-2,60000,55000,40000,39500,-2,59000,70000,63000,82000,90000,90000,80000,101000,120000
11938,3,-4,2,1,11624,9190,6,7,3947,9086,-3,25000,30000,42000,30000,45025,48040,52025,146942,159805,45100,85008,60030,45810,60000,-5,-5,-2,5100,5364,5688,-5,-5,-5,-5
11939,2,7000,3,1,7000,5184,24,27,27064,4980,3123,-2,12288,-5,9500,16224,-5,-5,10000,-5,-5,-5,-2,12000,11800,29237,42000,25900,21000,25632,13000,24000,14000,17000,21484
11940,5,-4,3,2,6370,10398,65,55,48739,12000,11198,9840,-2,8840,12482,12050,17300,18260,21000,20300,21000,23434,-2,16900,17000,21000,21000,28000,81380,-5,-5,-5,-5,-5,-5
11941,1,12000,3,1,12000,22000,22,25,36721,14000,9000,-2,1800,9500,1500,31151,8000,15000,17000,17000,18500,17000,16512,26494,-2,40188,42486,38490,123600,35068,49196,193220,39156,39444,54960
11942,1,7000,3,1,7000,6492,30,46,52131,8628,14000,13668,3744,6630,9560,29000,-5,-5,14914,-2,10867,30585,36350,45500,50500,36560,54250,71790,49618,49115,111738,104490,112181,106817,124420
11943,6,-4,3,2,-3,-5,-4,-4,-4,438,-5,3200,2300,-3,19150,42000,29600,22100,47100,32600,0,5000,-2,500,-1,-1,34000,56736,20000,-2,25600,25000,-2,-2,-3
11944,8,1000,1,2,1000,18166,28,32,37482,-3,-3,5856,-2,-2,-2,-5,-2,-2,41000,41000,-2,-2,-2,-5,-2,-5,-5,-5,-5,-5,-5,-5,-5,-5,-5
11945,4,1000,1,1,1000,18166,10,7,15874,300,20000,10946,-2,15000,20000,15025,-2,-2,45000,-2,22821,20000,20905,20000,-2,40600,35000,35500,40000,35000,39000,40000,55000,69500,60000
11946,4,2000,1,1,2000,8000,-4,-4,-4,4000,3000,-2,2184,5648,5500,-2,5000,3500,-2,8880,2486,3200,7912,-5,-5,-5,-5,-5,-5,-5,-5,-5,-5,-5,-5
11947,4,2000,1,1,2000,8000,13,12,10751,4000,8500,3453,7007,10261,9710,-2,26000,-5,41944,30115,39000,50000,55000,-2,57000,108000,138000,-5,135000,130000,134702,120000,-2,117400,-3
11948,8,2500,1,2,2500,4674,67,54,54283,5076,14200,15550,-2,12000,19000,-5,-5,18800,12000,5518,5400,5414,5306,8756,5016,5268,15205,2883,-2,11112,11794,9744,10414,10236,10104
11949,5,13000,3,2,13000,13000,17,15,20859,8000,-2,6009,14000,11000,14000,-2,-2,17560,13183,13498,14626,15700,18000,44897,52100,58200,61725,72800,82350,75450,71944,90300,74000,87977,100000
11950,7,8000,2,2,8000,9000,11,13,6732,8000,10800,12000,14000,12000,12153,17000,5174,5772,5704,5892,7440,2088,6688,6000,7875,10344,18000,19000,23000,11000,13681,16000,16000,1000,15760
11951,7,8000,2,2,8000,9000,11,5,5413,10000,9000,-3,14000,2556,6588,4265,10028,6344,12634,4631,6864,8076,8160,8940,5808,9504,0,4200,0,2097,9648,11064,11340,11424,11919
11952,3,8000,2,1,8000,9000,2,5,7419,10000,9000,-3,-2,8000,7900,4820,-3,2344,3000,3314,0,300,1344,-2,19964,9396,14956,8952,5400,7236,-2,2400,15280,-2,2114
11953,5,-2,3,2,-2,14000,30,29,19822,3500,6000,5000,5186,5922,5500,7000,9360,9000,10000,12000,21000,23168,21000,25300,24700,18000,22884,24816,23060,-5,-5,-5,-5,-5,-5
11954,1,-2,3,1,-2,14000,5,5,5172,-3,2942,3107,-3,7100,17000,39024,8256,6712,11140,9192,9168,9748,2892,17293,-5,-5,-5,-5,-5,-5,-5,-5,-5,-5,-5
11955,5,35000,3,2,35000,-3,72,68,72750,7512,8015,17000,25300,-2,31600,10000,-2,33510,42000,-2,-2,-2,60600,70600,56000,160000,82000,137000,134500,-2,145200,-2,-2,134400,-3
11956,1,35000,3,1,35000,-3,50,47,47974,38000,-2,11158,14187,12030,14039,18023,42082,44675,37080,36700,41091,40135,46500,53000,56000,64000,68000,67600,0,75200,77000,84000,92000,-5,-5
11957,1,-1,3,1,-1,32520,35,39,37125,2000,4335,12000,10000,11000,13000,14000,13000,15000,-5,-5,13000,-5,-5,-5,-5,-5,21000,22000,-5,-5,-5,-5,-5,-5,-5
11958,5,30000,3,2,30000,31000,25,27,42412,35000,-2,-2,-2,-2,-2,-2,18500,19002,50891,50736,-3,44878,48000,-2,81600,60000,98500,170000,82000,18612,-5,57200,22000,53000,67000
11959,5,-4,3,2,9000,10000,70,79,81450,-3,-2,-2,-2,18250,-5,-5,-5,-2,-2,72500,76500,78500,-2,-2,65700,-2,-5,-5,-5,-5,-5,-5,-5,-5,-5
11960,3,-1,2,1,-1,3676,22,23,28278,1500,-2,40000,-2,2300,100001,-2,-2,-2,146942,159805,839078,160097,74000,73400,60000,80800,80000,76000,60000,80000,45000,59740,14000,78000,-3
11961,7,-1,2,2,-1,-3,20,18,24733,-3,-2,-2,-2,-2,-2,6000,-5,-2,-5,-5,39300,45000,43095,-2,-5,-5,-5,-5,85000,85000,-5,-5,-5,-5,-3
11962,5,-1,3,2,-1,75001,93,88,87828,-3,75001,75000,75001,2000,100001,19000,-1,-2,146942,159805,86000,160097,189918,974100,-5,-5,-5,-5,-5,-5,-5,-5,-5,-5,-5
11963,1,-1,3,1,-1,75001,70,79,89793,-3,-2,75001,35000,80000,70000,84050,100001,1057448,11000,25000,-5,-5,-2,-5,-5,-5,-5,122350,167200,-5,215100,251500,265000,-5,-5
11964,1,-1,3,1,-1,-3,83,85,90147,-3,-2,-1,-5,3300,5100,-5,-5,-5,-5,-5,-5,-5,-5,-5,-5,-5,-5,-5,-5,-5,-5,-5,-5,-5,-5
11965,1,-2,3,1,-2,55000,91,88,75807,-3,65000,6800,11750,11925,11200,20100,14000,1600,15040,20500,20350,21800,-1,25040,28040,-1,1300,500,-5,-5,-5,-5,-5,-5,-5
11966,5,-2,3,2,-2,51000,92,92,95014,62500,65000,-2,10470,75000,90000,-2,13000,27500,29010,34030,35600,160097,189918,48050,60000,27050,38000,89200,120700,127000,82000,92000,102000,105000,153000
11967,5,-3,3,2,-3,75000,28,35,40616,-3,-2,30000,-2,10100,22162,38400,26050,30100,20100,25015,33040,25600,30000,35000,33630,68,37800,180000,74500,-2,58088,51784,57600,34243,48000
11968,7,-4,2,2,-2,4896,16,9,14354,-5,-5,-5,-2,-5,8616,-2,-2,-2,-2,-3,29936,-1,-2,27040,-5,-5,-1,1429,-5,-5,9600,-2,-5,-5,-5
11969,3,-4,2,1,-3,4156,2,2,1467,-3,35000,30000,19000,9000,10000,-5,-5,14000,15600,-1,16800,17000,21000,6780,8400,7200,18288,-5,-5,-5,-5,-5,-5,-5,-5
11970,8,14000,1,2,14000,-3,21,25,18459,-3,13000,-2,-2,-2,-2,-2,-2,-2,-2,22900,21000,24100,0,-2,-1,-2,-2,-2,12420,14652,13000,14900,-5,18000,18600
11971,4,14000,1,1,14000,-3,26,18,24339,4000,18000,40300,20500,50200,23200,50000,95000,1057448,-5,-5,839078,58600,-5,29100,-2,-1,125000,150400,125500,210000,-2,-5,-5,-5,100000
11972,4,14000,1,1,14000,300,36,43,37918,16000,20000,-2,13000,43000,57000,76300,53500,62150,73460,58800,60400,58200,99000,974100,106000,103500,116000,134200,161100,185000,182000,497763,595986,922631,367000
11973,1,20000,3,1,20000,25000,50,53,60113,28000,36000,25000,-2,29500,32500,-2,-2,94200,-2,78300,71000,71000,82500,-2,-2,-2,67000,81000,89650,-2,-5,-5,-5,-5,-5
11974,8,4018,1,2,4018,-3,-4,-4,-4,3720,8256,7000,3244,-2,1620,-5,6000,9336,10800,11000,4500,12740,9800,-2,-2,-2,0,0,0,18000,21000,8664,0,-2,9600
11975,8,4018,1,2,4018,-3,14,18,22133,3720,9100,-2,12000,-5,-5,-5,-5,-5,-5,-5,20100,-5,-5,-5,-5,-5,-5,-5,-5,-5,-5,-5,-5,-5,-5
11976,4,4018,1,1,4018,10000,6,9,20201,3612,6000,-2,-2,-2,-5,-5,-1,-2,-5,-5,24000,23000,22000,21000,-5,-5,34500,33000,29000,-2,28500,26000,24000,24000,25000
11977,4,10000,1,1,10000,6000,32,35,37452,25000,35000,-2,29060,19030,50000,55000,45000,47000,49100,51000,-2,40000,38000,-5,-5,-5,-5,-5,-5,-5,-5,-5,-5,-5,95000
11978,4,4728,1,1,4728,3000,10,14,19238,-3,143,-2,2100,6444,-3,34000,-2,10000,-2,27000,28000,7314,9558,-2,-2,-1,-2,4753,0,0,-2,9000,-2,0,20000
11979,8,4728,1,2,4728,1800,22,16,10752,-3,9319,6060,3843,7908,8532,-2,-2,-2,-2,20710,44580,21216,2286,-2,0,-5,-5,-5,-5,-5,-5,-5,-5,-5,-5
11980,8,4728,1,2,4728,18000,3,4,1821,-3,-2,22900,-2,-2,14700,-5,-5,18000,45000,44000,54000,55000,-1,0,-5,25000,5075,-2,-2,-2,20000,10000,330,28000,0
11981,8,4728,1,2,4728,4316,1,1,332,-5,-2,-2,-2,13240,15000,-5,9200,-2,16856,7704,9976,9264,9748,33488,-5,40000,38000,30000,31000,8824,10654,10000,29129,33000,0
11982,4,4650,1,1,4650,-3,-4,-4,-5,-5,22000,-5,60000,16800,-2,-2,-2,-2,-2,-2,-2,-2,-2,19000,-1,-1,-2,-1,-2,-1,-1,-1,-1,-1,-3
11983,4,4650,1,1,4650,-3,3,1,962,-5,22000,-5,15000,39600,-5,-2,25000,-1,-1,-2,-1,-5,-5,-5,-5,-5,-5,-5,-5,-5,-5,-5,-5,-5,-5
11984,1,-4,3,1,0,12000,33,35,34721,-3,0,0,0,0,0,0,-5,5030,6670,15000,-5,11385,18002,25205,15010,-5,-5,-5,-5,-5,-5,-5,-5,-5,-5
11985,1,-4,3,1,0,8000,32,43,44128,-3,-2,9215,7000,-2,1000,0,-2,-5,-5,-5,-5,-5,12000,-5,-5,-5,-5,-5,-5,-5,-5,-5,-5,-5,-5
11986,5,-4,3,2,0,-5,-4,-4,-5,-5,-2,17000,15500,33000,8280,10614,-3,-2,-5,159805,-1,-2,-5,-5,-5,-5,-5,-5,-5,-5,-5,-5,-5,-5,-5
11987,5,-4,3,2,-3,-3,58,52,46201,16654,20000,-2,18774,21453,3000,-2,6855,15582,10893,13526,-2,17500,17500,10378,16000,21000,25000,21000,33064,35000,66164,34523,27585,32328,39774
11988,5,-3,3,2,-3,-3,74,73,63559,-5,-5,-5,-5,-5,-5,-5,-5,-5,-5,-5,-5,-5,-5,-5,65000,-1,-1,91000,124000,-1,-2,-1,-1,90000,-3
11989,5,-3,3,2,-3,-3,47,51,53004,-3,-5,-5,39200,-5,-5,-5,-5,-2,-2,35000,-2,-2,-2,-2,-1,-2,-2,-2,-2,-2,-2,-2,-2,-2,-3
11990,1,-4,3,1,3600,8100,96,92,85632,19150,40200,49000,60500,63100,35040,23000,32700,53300,70200,70500,70300,71300,80600,86700,124600,-2,65000,80000,135000,165000,174200,175800,160900,127000,183000
11991,7,-1,2,2,-1,5000,20,19,22235,6000,-2,-2,-2,30000,-1,-2,-2,-1,-2,-5,-1,-1,-1,-1,0,-1,-1,-1,27500,0,-5,0,0,-2,-3
11992,3,-1,2,1,-1,-3,51,59,65990,-3,20000,-2,-2,12000,-1,-2,-1,30000,-2,-1,-2,-2,37434,-2,-5,-1,-2,-5,-5,-1,3600,-5,-1,-1,-3
11993,7,11000,2,2,11000,5000,42,29,36867,6000,0,-2,11000,16000,-2,-2,25600,19429,30000,28000,21810,17086,16013,14496,16452,27916,55376,61000,40500,59380,-2,49523,29500,33500,32000
11994,1,16000,3,1,16000,16000,37,48,53337,17000,18000,19000,33544,10012,11010,9000,8190,8505,14250,32368,37168,37866,32700,53800,52000,64000,82400,34000,-5,-5,-5,-5,-5,-5,-5
11995,5,16000,3,2,16000,16000,31,32,45263,17000,18000,19000,33544,26800,25000,28740,26758,34700,33300,-1,-1,-1,-5,-2,-1,-5,-5,-5,-5,-2,31200,27800,57792,19000,-3
11996,5,15000,3,2,15000,20000,35,35,32146,14000,25000,27000,26766,24960,23076,17036,15417,13400,24400,41400,-5,-5,-5,-5,-5,-5,-5,-5,-5,-5,-5,-5,-5,-5,-5
11997,1,-2,3,1,-2,7500,13,11,19617,7000,19000,7500,5000,8000,-2,15000,19920,18050,28000,26985,18136,41000,40000,38000,32000,33000,39000,40000,40000,41000,41000,54000,59872,59800,-3
11998,1,22000,3,1,22000,30000,91,87,88703,27000,15200,12444,16009,19239,34490,26000,27650,30500,36000,36100,36550,44131,41595,44425,55200,58222,61520,65221,-5,-5,-5,-5,-5,-5,-5
11999,5,22000,3,2,22000,30000,79,87,81356,-3,30000,14000,15599,16000,50000,47000,60600,54000,53200,59000,-2,160097,189918,-5,-5,-5,-5,-5,-5,-5,-5,-5,-5,-5,-5
12000,5,35000,3,2,35000,42000,77,76,56178,50000,-2,30100,28000,32500,33100,37700,38750,43268,48100,52100,56800,56070,58000,57700,69600,79750,82025,81020,85000,89540,96100,103400,100000,105000,110800
12001,5,-1,3,2,-1,33000,80,88,92465,42000,55000,23590,21000,62000,40000,28400,7500,5980,53600,4690,9096,10560,12510,44520,-5,-5,-5,-5,-5,-5,-5,-5,-5,0,0
12002,1,-1,3,1,-1,30000,94,94,96046,42000,55200,55000,6250,8025,13020,30500,75000,5500,27400,31400,28150,30000,-5,-5,-5,-5,-5,-5,-5,-5,-5,-5,-5,-5,-5
12003,5,-1,3,2,-1,30000,45,41,52133,42000,0,55000,25000,20400,37000,57720,50500,40500,42250,42100,52000,0,11000,9600,20100,-5,-5,-5,-5,-5,-5,-5,-5,-5,-5
12004,5,-1,3,2,-1,33000,32,33,33085,42000,8904,11887,10736,11974,24159,6200,6638,10776,9600,8925,10195,7856,10710,13134,21716,27884,24000,25700,27000,35000,33000,34720,40000,48000,47900
12005,7,3500,2,2,3500,5224,38,41,39556,3000,9510,4520,1500,15600,11762,-5,6440,13200,15790,-2,14050,30940,-2,36000,23800,49000,37000,50900,35000,44000,-5,-5,-5,-5,-5
12006,1,35000,3,1,35000,30000,67,76,59085,16000,38000,900,7000,25000,-5,5800,9720,10000,12000,15000,16640,-5,32000,-1,20000,25000,35300,20000,17000,53720,61000,70000,93000,95000,100000
12007,3,-1,2,1,-1,-3,17,19,22844,-3,3960,0,2520,-2,-5,-5,24000,22000,16000,32000,25000,7404,12508,18000,12000,-5,80000,-2,36000,38000,27000,40000,42000,800,38000
12008,1,15000,3,1,15000,23000,46,38,38202,28000,12000,6000,-2,10000,27000,-2,8500,-1,46190,20234,28700,31000,31030,-2,57000,73000,77000,45000,60000,17400,23000,30000,37000,47000,-3
12009,1,15000,3,1,15000,30000,55,47,51550,-3,10780,-2,47500,70000,12500,14200,18440,16680,19300,25000,27000,24080,26000,13000,-1,33700,30000,-5,-5,-5,-5,-5,-5,-5,-5
12010,4,17000,1,1,17000,17000,71,81,83535,1000,22000,22000,21265,1850,33000,30175,11005,17610,20300,25700,26800,22000,25000,-2,42000,-5,64600,18000,63000,53025,-5,-5,-5,107200,105000
12011,1,27000,3,1,27000,30000,5,8,8125,35000,-2,35000,1100,3840,900,300,5000,2000,1000,10000,2000,-2,766,9500,-2,-5,-5,-5,-5,-5,-5,-5,-5,-5,-5
12012,1,30000,3,1,30000,-3,73,82,76322,41000,24162,-2,-2,65000,24600,38951,-2,37565,41105,51025,41252,47918,41440,76008,67000,46800,60039,62445,65100,-2,42170,73549,71400,46200,56700
12013,1,2000,3,1,2000,30000,45,49,61527,40000,-2,33000,45000,14100,25100,25020,20100,20300,30025,-1,30020,-1,35000,-1,-1,-5,-5,-5,-5,40000,40000,85000,95000,45000,60000
12014,1,20000,3,1,20000,30000,64,66,80790,40000,-2,33000,45000,25000,36000,38220,-2,11764,14727,13374,-2,-2,-2,38040,52700,60000,105500,81908,85500,89845,96000,100500,89202,117007,110735
12015,5,-4,3,2,7144,-3,30,35,44696,13560,21300,22000,29500,24500,26000,28000,30000,32000,30632,32000,44000,43010,39000,53000,55020,55000,64860,56000,76000,88000,-5,80000,-5,-5,93400
12016,1,60000,3,1,60000,26350,81,73,70816,32250,52000,57600,59000,47000,74000,63700,-2,81000,75000,159805,839078,91000,95000,148000,244343,332808,162000,149000,169000,219000,440692,219000,595986,922631,766958
12017,6,-4,3,2,-2,7170,28,45,30120,2280,7488,3482,11664,12626,15028,-5,21366,12576,9005,12989,5068,4798,-2,13944,18456,-2,7896,7200,9728,8400,-5,-5,-5,-5,-5
12018,5,-4,3,2,25200,22454,96,95,94157,30500,34793,39108,20800,42800,44500,45000,49700,53000,58000,67000,67000,56000,52000,58000,61700,71000,112000,85000,95992,105400,113600,96600,71000,80000,95900
12019,1,30100,3,1,30100,38000,55,57,69997,42000,38015,-1,-2,-2,33850,36000,50957,34205,35200,44200,39600,37205,49300,96200,-2,81000,72600,54000,59080,134500,135505,194100,183000,193000,207000
12020,5,-1,3,2,-1,15000,89,86,85439,30000,5400,2500,59000,-2,15000,14000,18900,87900,18800,22200,-5,-5,-5,-5,-5,-5,-5,-5,-5,-5,-5,-5,-5,-5,-5
12021,5,-1,3,2,-1,2350,89,80,82756,3050,7000,9000,63010,-2,50000,-2,-2,1057448,85050,159805,-2,160097,189918,-2,-2,125000,48000,50000,-5,-5,-5,55393,75000,55000,80000
12022,5,-4,3,2,8015,9613,77,64,54756,12035,16440,17100,19000,20000,47200,48000,44100,48800,52500,55000,60000,71000,68500,73200,-2,80200,84500,91100,115200,108700,109000,44700,-5,-5,-5
12023,1,21000,3,1,21000,-3,71,66,74585,21000,23000,28000,32000,40000,36000,47200,54050,15020,50100,48100,45030,47000,47200,35100,95200,96500,92000,112000,115000,130000,130000,130000,110000,115000,115000
12024,5,-1,3,2,-1,-5,-4,-4,-4,-3,-1,-1,-2,-1,-1,-2,-1,-2,-1,35100,46000,46050,58100,-1,43810,-5,-5,-5,-5,-5,-5,-5,-5,-5,-5
12025,5,-1,3,2,-1,24000,-4,-4,-4,1950,-2,-1,-1,-2,-1,-1,-1,-1,-1,-2,-1,-1,-1,-2,-1,-1,-5,-1,-1,-1,-5,-1,-1,-5,-3
12026,1,-1,3,1,-1,24000,-4,-4,-4,-3,-2,-1,2000,-2,-5,-5,-2,-2,-2,20950,25075,-2,-5,-5,-5,-5,-5,-5,-5,-2,-5,-5,-2,-5,-5
12027,5,33000,3,2,33000,36000,86,80,93177,45000,75001,71100,75001,21650,22368,10800,33600,34000,32000,43000,37000,44200,45500,52000,54050,-5,-5,-5,-5,-5,-5,-5,-5,-5,-5
12028,5,33000,3,2,33000,36000,25,30,39966,45000,69005,-2,75001,74000,75000,92100,100001,15400,30000,35500,36800,42330,51500,57000,85000,-5,-5,-5,-5,-5,140000,-5,-5,-5,-3
12029,5,-4,3,2,-3,-3,75,68,69492,14560,17000,18000,18200,23012,28240,-2,29900,24200,22000,32100,30500,32100,38190,42300,56700,56500,60400,73000,72700,81000,89476,75476,92900,63500,70000
12030,5,10000,3,2,10000,14000,-4,-4,-4,13708,19200,21015,-5,31000,-5,-5,28000,23000,25600,38000,26000,-5,29300,-5,-5,-5,-5,-5,-5,240,11000,-5,-5,10000,-5
12031,1,15000,3,1,15000,-3,63,61,66317,-3,35000,35000,-2,-2,10000,14000,15000,18000,17500,19000,20000,22000,23000,25000,-2,40000,47000,52320,57000,37580,1825,14400,15160,-2,-5
12032,5,15000,3,2,15000,-3,9,11,14177,30000,35000,35000,25000,17010,17190,16000,16000,15000,16000,16000,16000,22000,20000,26000,32000,37000,-2,36816,43200,52332,24000,45600,15352,45300,53000
12033,1,-3,3,1,-3,40000,43,48,50336,-3,25000,50000,3000,-2,35000,17000,-5,-5,-5,-5,-5,-5,-5,-5,-5,-5,39000,-5,-5,15000,-5,-5,-5,-5,-5
12034,5,75001,3,2,75001,75001,83,82,72753,-3,800,-2,10000,9000,24000,6500,21250,25400,31000,17600,63500,-1,82000,102000,244343,332808,52,180000,235000,131000,87000,100000,150000,140000,140000
12035,5,-4,3,2,-3,14510,68,58,64136,12383,15531,18000,19112,20257,-2,24000,23010,29000,32000,34000,36000,42000,39000,-2,52000,53000,71000,-2,60000,64000,50000,-2,31000,35000,33000
12036,6,12000,3,2,12000,7000,88,85,81701,30000,12500,-2,61500,35000,14700,21000,19675,21000,18931,89225,68200,97200,-2,36000,35166,28652,31000,32643,33700,32287,33452,38100,-5,-5,15260
12037,5,14000,3,2,14000,25000,8,10,6594,25000,-2,-2,30000,35000,76300,-2,1300,-3,6000,-2,-3,15000,55000,28000,-2,48000,13000,-2,-5,-5,-5,-5,-5,-5,-5
12038,5,14000,3,2,14000,25000,48,50,66912,25000,75001,-2,-2,-2,-2,51700,28100,31100,68000,15050,18000,12000,80100,105300,90000,-2,70000,-5,-5,-5,-5,-5,-5,-5,-5
12039,2,5000,3,1,5000,10000,57,61,65528,9000,17800,23100,23292,18100,21962,31100,35000,13900,17200,15000,23450,22450,24786,-2,-2,45700,16800,3000,22000,-2,22985,-2,-2,191225,-3
12040,2,5000,3,1,5000,10000,19,22,33691,9000,11800,11800,9500,9000,12500,-2,10000,17500,26000,3120,666,15000,5777,8000,34000,-2,-2,17723,18000,-2,12192,-2,-2,-2,13194
12041,1,17000,3,1,17000,10000,16,13,16707,-3,40000,-5,35000,15000,10000,-2,-2,17000,18000,19030,19585,28100,24600,34500,-2,44000,41000,45000,46000,43500,-2,72501,77000,82000,91000
12042,5,15000,3,2,15000,18000,10,7,8479,30200,30000,33000,48465,18000,24000,29050,30530,36550,35500,43040,44555,51580,49050,31000,52380,63580,77000,83377,73000,95676,104025,117240,135000,-5,-5
12043,1,7000,3,1,7000,20000,1,1,5867,-3,12150,2162,-2,28000,15000,0,9000,9600,10500,6000,0,9800,15772,10640,14480,678,-5,-5,49437,792,-5,25200,67000,39000,71980
12044,1,19500,3,1,19500,36000,35,34,41848,40000,50000,34000,32500,4050,12300,27500,24000,28200,43500,45500,19500,20000,22000,28000,37525,39000,53000,76000,45000,53000,50000,62532,-2,85000,103200
12045,1,30000,3,1,30000,25000,97,95,87993,13390,20000,25700,40700,31700,35454,35000,43600,48900,52300,54800,23000,59050,63050,68050,76050,97100,110800,118000,137000,155600,160200,170100,188020,189000,215000
12046,5,35000,3,2,35000,20000,84,82,81954,21500,7000,32900,45000,43000,52000,60500,62000,72100,60000,52500,52200,57700,62500,974100,92000,-2,168000,174200,230400,454737,265000,497763,595986,300000,330000
12047,5,20000,3,2,20000,18000,57,64,71275,1605,3500,8000,12520,16500,8025,16500,17525,27525,63100,53048,46155,39554,37000,36000,47000,47000,70200,80000,-5,-5,-5,-5,-5,-5,-5
12048,5,20000,3,2,20000,45000,29,46,62162,18000,-2,20000,30000,7200,10400,-2,-2,12000,-2,-2,-2,-2,-2,-2,-2,14000,42840,78600,59000,-2,-2,-2,12000,-2,-3
12049,5,20000,3,2,20000,18000,96,94,98495,18000,-2,4500,-5,8700,13600,-5,-5,-5,-5,34100,-5,30000,46000,100000,-5,-5,-5,-5,-5,-5,-5,-5,-5,-5,-5
12050,3,-4,2,1,16100,17500,49,34,29860,18000,19360,10300,-2,24000,25650,5824,14356,13500,17000,18000,18000,18120,13000,37000,39500,-1,40000,25000,-5,-5,-5,-5,-5,-1,-3
12051,5,-4,3,2,-3,-5,-4,-4,-5,-5,-5,-5,-5,-5,-5,-5,-5,-5,-5,-5,-2,23000,-2,31000,33400,-1,-5,-5,-5,-5,-5,-5,-5,28000,-5
12052,7,25000,2,2,25000,6842,57,77,68169,40000,-2,7850,18000,19800,49000,41000,8712,21400,23100,30000,44000,43000,46512,64200,81500,35000,-5,39000,32000,50200,-5,-5,-5,123232,-3
12053,3,25000,2,1,25000,23000,49,58,58600,40000,-2,3887,1696,10070,-2,21000,22600,19050,33200,73500,62000,73000,78000,100200,69400,-5,-5,-5,-5,-5,-5,-5,-5,-5,-5
12054,5,-4,3,2,-3,9520,91,81,83962,-3,10000,12000,24900,-2,37000,36050,51100,-2,47000,61000,56500,55750,58200,65200,68000,79000,-2,94000,101000,58000,-2,59000,62000,62000,-3
12055,1,30000,3,1,30000,32000,58,53,49365,35000,26000,40000,18058,19482,26555,28811,28000,27000,28000,25000,35197,11900,28206,30520,40354,-2,45200,-2,51015,58000,51000,-2,-5,-5,-5
12056,1,17000,3,1,17000,-5,72,75,76886,16000,20000,20010,25025,25920,25127,18900,19042,24010,29520,52500,36550,83700,189918,-2,83000,-2,90000,4350,28960,7786,2400,-5,-5,-5,-5
12057,5,17000,3,2,17000,20000,47,46,58250,25000,3000,-2,-2,10798,8148,27793,31580,31325,40250,-2,42540,52000,43000,58000,70050,78000,87957,101000,88000,127000,168000,-2,800,24976,14376
12058,5,32000,3,2,32000,40000,62,53,57221,43000,50000,75001,62000,96000,-5,24000,31000,24000,60000,61000,63000,75500,63400,-2,125400,20000,65000,34621,76000,82200,103046,85000,95000,95000,98500
12059,2,-4,3,1,4100,4320,99,97,96370,6000,14200,28600,28300,33000,39300,43500,47050,48100,53000,57000,66000,61200,65000,67500,-5,-5,-5,-5,-5,-5,-5,-5,-5,165000,-5
12060,1,-4,3,1,12800,-3,-4,-4,-5,-5,-5,-5,-5,-5,-5,-5,-5,-5,-5,-5,-5,-5,-5,-5,-5,-5,-5,-5,-5,-5,-5,-5,-5,-5,-5
12061,5,-4,3,2,11250,8228,82,82,88136,15268,18712,24740,34500,27000,22855,30976,26310,19680,20000,30406,32201,28613,22972,29424,29828,42992,17090,-2,42000,50000,57000,137600,96000,269276,234192
12062,8,16000,1,2,16000,20000,10,3,1350,23820,17440,-2,-2,35880,36000,30000,24000,37000,43000,38400,36000,34800,37636,49440,-2,-2,69200,53000,50000,54400,37043,-2,25709,25112,28450
12063,5,50000,3,2,50000,-3,96,96,98123,-3,50000,-2,-1,-2,-2,7300,27500,1057448,146942,-2,839078,160097,-2,974100,244343,332808,-5,-5,-5,-5,-5,-5,-5,-5,-5
12064,1,50000,3,1,50000,-3,97,98,91448,-3,30400,15000,30000,400,-2,-5,29000,25000,25500,70500,839078,160097,-5,-5,244343,332808,-5,408473,479983,454737,440692,497763,595986,922631,766958
12065,1,16000,3,1,16000,19000,37,41,45810,15030,7000,60000,30000,7400,10000,14871,40000,30000,36000,37050,20000,-2,-2,16000,33000,30000,30000,43200,56000,-2,77818,92800,95000,100000,-3
12066,6,-4,3,2,3000,2497,23,32,26619,8510,15000,4600,-2,21090,6822,20924,18244,-2,-2,17304,-2,14917,3870,17160,21931,38816,18000,29600,9344,28580,600,15814,29548,39100,-3
12067,1,15000,3,1,15000,25000,65,78,73579,34000,5375,6305,25000,35000,10000,20000,15000,18600,30040,27000,35000,54000,53000,59000,66000,90000,102000,-5,-5,50000,55000,-5,90000,100000,-5
12068,4,15000,1,1,15000,18000,70,84,88023,36000,37000,21303,25000,4005,4763,6820,9968,10000,10000,16000,16100,16000,-2,17000,22000,31093,37000,44000,49000,57400,-2,129000,70000,78000,70000
12069,1,-3,3,1,-3,-3,56,62,77440,-3,-1,-1,-1,-1,14500,35000,100001,1057448,146942,159805,839078,160097,-2,68000,75500,96000,43000,100000,138000,157000,256000,183656,102000,223000,197000
12070,5,6000,3,2,6000,13000,43,51,50856,9750,3000,34390,38000,38000,66200,46284,58250,-2,56120,56600,56100,63100,62200,58000,59000,68200,-1,107000,118000,114000,134000,132000,139000,145000,153700
12071,1,-4,3,1,-3,70000,94,95,94012,60000,7200,14510,-5,-5,-5,-5,-5,-5,-5,-5,-5,-5,-5,-5,-5,-5,-5,-5,-5,-5,-5,-5,-5,-5,-5
12072,1,-2,3,1,-2,25000,84,84,70510,45000,40000,6500,25300,30800,33200,19700,12900,24000,30500,27000,33400,40000,40000,40000,50100,45000,52500,78000,64100,78000,96000,117500,186600,100800,137000
12073,5,-2,3,2,-2,25000,35,33,32706,45000,40000,46000,50000,46000,50000,42000,43000,46800,58000,52500,54498,56000,58700,-5,72000,67000,75074,46000,29000,36500,51500,45886,50880,79351,73020
12074,1,20000,3,1,20000,-3,40,52,62891,-3,-1,-1,-2,-1,70000,-1,30500,-2,20000,28000,28200,30000,30000,1000,61496,89100,-5,-5,-5,-5,-5,-5,-5,-5,-5
12075,1,-1,3,1,-1,15000,96,96,94368,18000,20000,23000,25000,29300,44400,49600,86200,92000,146942,92300,66300,72000,80000,94100,110000,122000,150300,156400,185000,234300,440692,290300,595986,-5,766958
12076,5,-4,3,2,4950,11800,55,59,58498,16000,4000,10000,5010,8050,10000,15500,6000,5000,60120,55000,51200,56300,60200,65000,70200,69000,92500,-2,-2,-2,3400,22075,10500,37800,7856
12077,1,-4,3,1,6490,15750,74,91,88938,30000,70000,7900,6000,21000,50000,26000,32750,46300,36600,38150,37200,42050,46100,157050,131000,-5,-5,-5,-5,-5,-5,-5,-5,-5,-5
12078,5,-1,3,2,-1,-3,57,75,85714,-3,-1,-1,-2,-5,-5,-2,-1,1057448,-1,-2,-2,-1,-2,-2,-2,-1,-1,-1,-1,-1,-5,-1,-1,-3,-3
12079,1,5000,3,1,5000,12000,8,10,6164,-3,-2,-2,-2,5000,9000,-2,-2,24000,14000,-5,36000,42000,29300,30000,-2,-5,-2,-5,-5,-5,-5,12000,4000,1500,1564
12080,1,-4,3,1,5088,10400,58,48,41604,17815,14816,-2,23400,33510,33313,28883,32500,39000,39985,51710,44104,42500,51004,52006,51815,50584,65000,60000,63030,-2,60000,70000,74730,71118,75590
12081,1,11000,3,1,11000,13186,57,64,55226,-3,14600,14000,20000,15600,3703,8170,11680,-2,15443,16000,-2,28941,44000,-2,35696,53005,48000,60000,84600,72360,66745,48000,59000,-5,-5
12082,1,22000,3,1,22000,10000,42,40,33649,24000,11170,7616,5710,-5,-5,12500,-2,-2,4090,16900,18500,18000,-2,15000,23000,8000,-2,0,4000,7000,24888,-2,0,25,2304
12083,5,22000,3,2,22000,-3,35,36,42237,700,5337,6924,8496,8520,7860,7944,7908,6560,10940,10496,11918,-3,-3,19000,23088,25000,26000,25000,22000,20000,23000,22115,25000,27000,32102
12084,2,-4,3,1,9500,-3,57,56,56342,16000,11200,-3,12000,24000,28212,14801,23924,20235,22050,24000,29600,26120,28500,30000,40000,46260,51300,55473,73433,101600,78348,82000,94000,102000,86000
12085,6,-3,3,2,-3,3876,15,15,15193,2000,1000,5990,4596,10000,11952,-2,6120,4776,6276,21412,33990,-3,1799,37495,44700,50200,38400,22410,37800,40116,45306,48880,35248,72992,9828
12086,5,14000,3,2,14000,14000,32,26,27908,24000,5800,6301,5800,6256,15500,15000,6500,3588,4416,2648,6560,7100,13152,9868,7020,-5,63400,-5,-5,70720,54000,0,0,1746,2328
12087,6,-4,3,2,2664,4500,22,25,18164,4930,6740,9040,5296,17500,-2,16315,35200,47000,37270,31400,32000,16170,32200,-2,45600,29620,39080,59010,3000,3800,-5,-2,-2,-2,70000
12088,1,17000,3,1,17000,19700,88,96,97573,28000,33000,30500,7556,12000,14500,21000,20000,20000,23000,31000,28300,30500,48000,46100,50100,58300,42000,59600,52000,64000,71000,84000,85000,99000,106000
12089,1,17000,3,1,17000,19700,55,47,63613,28000,28500,30000,30000,28300,-2,32750,21900,29200,43030,-2,51700,50030,38000,69850,65100,38600,38000,45000,55000,78000,113000,90000,50000,80000,190000
12090,2,10972,3,1,10972,10884,42,44,53959,9700,11858,21500,-2,8500,-2,18612,27910,25680,22960,29000,29000,35000,27000,30000,46840,46600,-2,60000,55000,91000,76000,70000,85300,87750,90000
12091,2,12040,3,1,12040,10800,5,7,10556,8156,-2,7850,3036,4560,1845,5972,7240,4908,7644,6588,5460,9600,8800,3500,13800,27000,18000,14000,15076,26088,27072,23988,23856,23408,18440
12092,5,29600,3,2,29600,32450,56,45,53775,41819,51000,65000,71000,65000,100000,22000,32300,38022,35500,36600,49450,54500,47000,53867,53800,66000,68200,86400,90000,85180,90000,131000,112000,110500,112500
12093,1,29600,3,1,29600,32450,40,47,59265,41819,-3,65000,20150,24300,29500,16700,15500,19500,34900,34900,46500,37750,50000,974100,88500,57000,64000,52000,85000,110000,100000,151000,-5,155000,150000
12094,5,-2,3,2,-2,14000,26,25,30965,13500,35000,31000,10403,16194,16000,16200,16000,17280,24000,14000,10200,9000,8400,35000,42800,84000,137500,94700,-5,114000,-1,-5,0,-5,-5
12095,1,-2,3,1,-2,-3,77,78,69959,-3,19000,26050,16000,31000,48000,42900,-1,41000,42500,46500,-1,-1,-1,-1,48000,-1,-1,-1,-5,-1,-5,-5,-5,-5,-5
12096,5,21000,3,2,21000,25000,74,70,78152,25000,45500,6110,2231,7010,10010,16010,15624,16012,16020,54080,-2,48000,46928,-2,-2,-2,25200,-5,-5,-5,-5,-5,-5,-5,-5
12097,5,19000,3,2,19000,23900,32,29,36668,30600,29938,14293,31055,31444,13736,30000,35860,33710,7000,15000,36872,40000,45872,53822,78600,85800,111000,87000,111000,132000,88280,55000,69000,80500,74500
12098,8,24000,1,2,24000,4805,67,84,82763,5950,8402,10600,21888,23012,24660,24200,25007,18500,15000,17214,19500,-2,17984,-2,40060,28000,32015,66000,66650,20000,50050,23033,-2,-2,-3
12099,5,-1,3,2,-1,-3,55,70,88359,-3,-1,-1,-1,-1,-1,-1,-2,-1,-2,12000,11500,11000,5500,44000,45000,-2,47000,57000,56000,64000,86000,91500,91000,112000,136000
12100,1,-2,3,1,-2,12000,54,51,51243,14000,-2,6992,17980,18282,-2,35000,29000,36200,39100,37680,44000,44180,47966,51500,53200,45000,43700,-5,-5,73000,64805,90000,-5,-5,80000
12101,1,11000,3,1,11000,11000,80,91,85384,4294,3382,1000,3375,1530,327,13081,19022,1057448,146942,159805,839078,96600,49019,53005,46000,81525,64019,74000,57020,115600,186600,107000,78000,114000,137000
12102,4,25000,1,1,25000,25000,51,69,62246,-3,50000,40000,48980,56000,-2,-2,100000,1057448,146942,82000,74900,99000,-2,85200,98000,-2,112200,155300,200150,210000,205200,-5,-5,340000,300000
12103,4,24000,1,1,24000,14000,15,12,8052,20000,-2,9000,10200,15500,8000,19000,37000,33000,-2,36000,36000,41000,42000,71500,84000,-5,-5,-5,121000,128000,103000,179000,171500,159000,180000
12104,5,15000,3,2,15000,27000,66,84,83988,1315,7800,7000,8500,11999,-2,8650,11800,17300,10800,17500,12480,13120,-2,41000,40400,40513,25200,34371,52323,55012,59504,47000,52000,54504,47923
12105,1,15000,3,1,15000,-5,-4,-4,-4,0,1200,3600,14050,15000,30000,20500,38000,31000,55000,60000,53280,-2,34000,96000,20000,15100,38000,65000,80000,99000,116000,129000,57736,76321,87525
12106,1,15000,3,1,15000,27000,58,62,76524,20000,20000,26200,8800,4800,30000,55000,6400,6992,10955,12060,10050,16000,23050,24000,100050,56356,65000,105000,120000,90000,85000,-5,-5,-5,-5
12107,1,-4,3,1,6562,11600,-4,-4,-4,10500,12000,12000,12000,14000,-5,-5,12050,1400,18816,15000,15000,-2,-2,33000,43000,23131,-5,-5,-1,-5,-2,70000,-2,37200,-3
12108,5,-4,3,2,-3,11600,43,37,29096,4300,48450,7680,29762,4590,3000,5939,1700,4200,7650,11800,11800,10000,-2,15425,18366,21783,25400,20600,28000,32000,27362,32000,58000,-2,-5
12109,1,-2,3,1,-2,29000,22,24,29938,22400,33800,12269,32000,45000,-2,-2,-5,-5,-5,-5,-5,-5,-5,-5,-5,-5,-5,-5,-5,-5,-5,-5,-5,-5,-5
12110,1,16900,3,1,16900,20500,30,51,56116,-3,23000,29000,30200,33000,47000,52200,10030,39500,68000,76500,44900,46000,46500,48600,86700,99500,129000,144000,150000,103300,105150,82000,88500,78200,193440
12111,1,-1,3,1,-1,-5,-4,-4,-5,-5,-5,-5,-5,16076,8640,10000,25000,-5,-2,159805,91000,59500,-5,40000,0,68000,80000,85000,41000,70500,105000,100100,109200,-2,125000
12112,1,17000,3,1,17000,24000,17,18,25021,28000,30000,35000,20500,22802,17940,24000,15760,28400,24000,23000,23000,-5,24000,25900,25000,-5,-5,-5,-5,-5,-2,54000,-2,88000,-3
12113,5,35000,3,2,35000,-3,71,72,64178,1100,-2,28308,17005,23590,27100,20450,91000,69018,72050,73090,52080,-2,19820,35707,32400,-2,67300,93000,101300,126400,115001,166000,207000,179500,150000
12114,1,35000,3,1,35000,-3,59,52,55171,2000,-2,28330,16050,28000,-5,-5,43500,52000,-5,-5,60000,60000,-5,86520,-5,-5,-5,-5,-5,-5,-5,-5,-5,-5,229000
12115,5,-4,3,2,-3,15400,69,53,58643,12000,4380,48000,10000,15000,15200,80000,70000,60000,35000,35000,35000,30000,2061,5364,34684,10000,-2,19812,19200,16800,31200,16800,18312,22800,23000
12116,1,26000,3,1,26000,30000,71,72,74244,30000,32000,30000,4245,2280,45000,50250,24400,34175,29600,32150,35000,39600,70900,74500,47000,70000,54000,106000,128000,180000,124000,112000,162000,143000,169000
12117,5,-2,3,2,-2,-3,2,2,4218,4100,900,2500,5900,9340,9054,-2,9564,11166,12235,14076,14692,9396,12002,-2,3600,-2,-2,2520,400,0,8412,-5,260,-5,-5
12118,6,-2,3,2,-2,-3,4,4,3121,600,4200,-2,19000,16500,-5,-5,18000,52000,-5,25000,-2,-2,25000,12000,-5,-5,-5,9504,14000,13000,22780,-2,13992,25454,12960
12119,2,-4,3,1,1000,4700,69,62,54283,10000,23000,26000,29000,38300,39500,43000,48000,24500,30000,27000,30000,30000,33025,34500,38000,39000,45000,55000,70000,79000,90000,120000,110000,120000,100000
12120,5,-4,3,2,-2,-3,26,32,24050,-3,0,-2,24000,-2,24000,25000,30000,21500,-5,50000,52000,52000,-2,95000,58000,45800,-2,-2,51500,-2,57000,31200,30000,30000,30000
12121,5,-4,3,2,-2,17984,35,32,25567,16600,3540,16500,-2,-2,9180,-5,-5,-5,10000,-5,15000,10500,10000,-2,-5,-5,-5,6400,15400,0,6000,1200,1200,44980,47200
12122,1,-4,3,1,12300,10000,22,23,20531,9000,14470,13400,13000,19400,20480,9000,35000,51000,58000,44000,33700,54880,31200,64000,66000,72000,68000,38000,42000,70000,72000,103500,119000,156000,-5
12123,5,-4,3,2,9000,10000,13,10,7223,9000,11000,10449,12000,15815,30000,23000,34650,51000,59175,48000,46220,52000,60000,50000,56000,66000,66000,-1,-2,-1,-1,-1,-1,-2,-3
12124,3,25000,2,1,25000,28000,2,7,2763,-3,-2,20000,-2,-2,12000,9360,-2,-2,6700,-2,-2,-2,-2,-2,-2,-2,-2,-2,0,-2,-2,-2,0,-2,0
12125,3,25000,2,1,25000,28000,12,18,15881,-3,-2,20000,-2,-2,5000,10000,12363,12000,17000,11000,18000,-2,-2,-2,43000,53000,42534,73000,42000,-2,-2,56100,55000,110000,115000
12126,7,25000,2,2,25000,28000,8,9,10695,-3,-2,20000,-2,-2,-2,-2,-2,-2,6200,-2,-2,-2,-2,24000,18000,-2,19800,36000,41000,22440,28000,24000,14531,-2,20000
12127,1,26070,3,1,26070,-3,11,18,18781,20760,15950,-2,-2,1200,12391,12500,-2,13400,13000,18000,30400,28400,40000,60000,35000,48000,50000,-5,-5,-5,-5,-5,-5,-5,-5
12128,5,26070,3,2,26070,27000,48,59,64324,-3,8600,-2,-2,-2,11040,24000,24020,27200,-2,-2,-2,25250,40400,42100,43000,24500,51200,61404,65550,-2,84700,-2,109030,118500,130000
12129,3,18000,2,1,18000,-3,53,78,72169,14000,-2,3500,7850,10000,17700,17290,15000,26000,28000,21000,22000,22000,22000,24855,38780,41900,31000,40000,39500,42000,41000,35000,19248,-5,-5
12130,7,18000,2,2,18000,-3,22,23,27983,14000,32000,29800,29000,30000,15700,17000,28300,31880,27200,23740,33000,33000,52815,49628,55000,59000,58000,66000,54000,57000,54000,47000,-5,47000,50600
12131,3,18000,2,1,18000,-3,25,27,32593,14000,-2,22149,29000,21000,30000,93000,80000,18600,22500,14000,13000,14000,18000,974100,111500,-2,29000,40000,67000,121000,-5,-5,-5,-5,209800
12132,3,3000,2,1,3000,-3,1,1,2652,-3,-2,19231,11544,11870,19352,-2,-2,-2,-2,-2,-2,-2,8000,-2,-2,-2,-2,3000,7500,-2,8400,-2,9684,-5,-5
12133,3,1500,2,1,1500,18000,17,19,22983,10000,17400,11588,21360,1502,2120,1120,0,0,0,-2,2888,5411,24000,15600,-2,14000,12000,24000,32860,10000,8256,2200,0,0,16000
12134,1,-4,3,1,-2,-3,9,10,22446,-3,10500,12500,15000,19000,19207,23000,24290,26000,24570,23000,24000,30000,26000,31000,-2,-5,-5,-5,-5,-5,-5,-5,-5,-5,-5
12135,5,-4,3,2,572,7000,7,8,10769,8000,11000,12000,15000,13000,13000,25000,27000,32000,31640,25000,32000,32000,15000,32000,-2,34000,41000,57000,52000,73000,38000,43000,47000,57000,57000
12136,5,-4,3,2,-2,12000,17,17,17469,11000,-5,-2,15000,-5,-5,16000,28800,24250,-2,-2,-2,23800,-2,45800,28000,39000,44400,90000,103752,61094,145890,-5,-5,-5,-5
12137,5,13000,3,2,13000,22000,40,30,33411,-3,-2,-2,7846,-2,17000,14371,12170,-2,19000,24225,-2,19540,16608,-2,-2,106600,-2,-2,-2,27512,6000,-2,-2,60476,-3
12138,5,13000,3,2,13000,22000,29,32,40280,-3,31447,27200,1398,13500,10000,14000,9000,1944,7415,800,6000,47000,48000,46000,55000,39200,14000,12000,53000,68000,52000,74336,45500,52300,61000
12139,1,13000,3,1,13000,22000,17,21,29169,-3,23000,33988,30000,35000,17375,-5,75068,9900,53000,-2,-2,14000,-2,36000,34200,42000,38000,16500,30600,39456,41600,-5,58000,120000,74000
12140,5,-4,3,2,12410,14000,27,35,31207,-3,25000,22000,21000,11800,11513,20000,-5,-2,2500,11000,-2,35000,17500,53706,-2,52000,62000,71000,85000,45000,35000,29730,2820,13044,9062
12141,11,6500,1,1,6500,8000,39,49,63958,22060,17500,20000,12000,21000,21000,38100,-3,13358,12162,14800,31000,38000,-2,44000,57000,52000,65020,64000,125100,115020,115800,165050,130050,70020,157000
12142,14,-1,1,2,-1,4170,16,23,25268,-5,-2,-2,7000,6000,-5,16000,10000,-2,13000,-2,-5,-2,-5,-1,500,-1,-2,-2,-2,-2,-1,-1,0,-1,20892
12143,11,4360,1,1,4360,6928,10,13,18221,6000,13236,19983,33000,50000,35800,22000,-2,-3,45800,51000,55000,-2,189918,-2,90000,76000,128000,-2,99000,82000,89000,108000,120000,90000,117000
12144,11,4360,1,1,4360,6928,12,13,33640,5478,13236,19983,33000,50000,35800,-2,-2,-2,58500,33500,50275,160097,189918,82000,114000,90000,99000,3000,90000,188000,176000,-5,186000,190000,190000
12145,12,-2,3,2,-2,-3,32,29,36797,6000,20000,7006,6360,13000,13533,15210,42000,40555,16800,-5,-5,-5,-5,-5,-5,-5,-5,-5,-5,-5,-5,-5,-5,-5,-5
12146,13,5000,2,2,5000,-3,17,13,14647,10800,7900,13500,8300,5044,8388,14076,7308,5316,7932,6792,10188,10332,9624,10656,3000,-5,-5,16048,13000,13866,12417,15500,16080,14000,14594
12147,13,5000,2,2,5000,-3,19,18,25624,9528,7900,13500,8300,3388,7058,5741,9980,16800,14500,22000,23000,20000,16100,30000,35000,612,-5,-5,-1,-5,-5,51804,58600,-1,72000
12148,13,5000,2,2,5000,-3,7,4,13273,9528,-2,13500,8300,2400,3384,4017,20796,2676,5988,4380,-2,6396,-2,19300,18000,-5,-5,-5,22000,21000,3204,4320,-2,0,-3
12149,13,-4,2,2,4176,5384,65,65,55854,5606,3800,6912,4620,6504,-2,11640,7100,9284,8692,14688,18954,19850,18900,20900,24900,26900,29800,30715,31800,31800,31500,32500,41896,37158,37000
12150,13,-4,2,2,3936,5320,46,40,36934,5498,4320,5544,8009,15000,16000,20000,28000,-2,-2,32800,40500,39000,60000,-2,49000,39000,60000,50000,34894,50600,44736,43548,40000,59000,72000
12151,10,15000,2,1,15000,-5,-4,-4,-5,-5,25000,-5,5000,1300,-5,-5,-5,-5,-5,-5,-5,-5,-5,-5,-5,-5,-5,-5,-5,-5,-5,-5,-5,-5,-5
12152,10,15000,2,1,15000,-5,-4,-4,-5,-5,25000,7000,5000,1300,-5,0,-5,-5,-5,-5,-5,-5,-5,-5,-5,-5,-5,-5,-5,-5,-5,-5,-5,-5,-5
12153,13,-4,2,2,3700,5050,94,92,86029,7500,16600,16450,21100,24000,28450,28000,27000,42000,43800,45000,45600,50600,62000,65500,93000,75500,-5,-5,115000,117000,117500,184000,138000,140000,-3
12154,9,8000,3,1,8000,-3,32,27,33722,13500,5550,6800,15000,12000,22000,-2,-5,10000,18500,-5,-5,-5,-5,-5,-5,-5,-5,-5,-5,-5,-5,-5,-5,-5,-5
12155,12,8000,3,2,8000,-3,28,25,41062,13500,-2,11390,28600,19000,45250,21000,25500,15000,-3,-5,-5,-5,-5,-5,-5,-5,-5,-5,-5,-5,-5,-5,-5,-5,-5
12156,10,10167,2,1,10167,17000,34,29,37084,22000,-2,-3,27220,11000,15000,16000,22000,17000,23000,22000,35000,27500,82000,106000,-2,82000,140000,157000,85000,150000,252000,497763,595986,300000,283000
12157,10,10167,2,1,10167,17000,39,26,35318,22000,-2,5695,8001,9000,12000,11000,20000,22000,25000,45000,-2,-2,51600,64000,-2,-2,110000,-2,136680,108600,-5,-2,195400,-2,225800
12158,10,10167,2,1,10167,17000,3,2,387,22000,-2,-2,-2,3695,15000,45000,26000,34000,22000,26000,19151,14352,-2,32548,32000,-1,64000,40000,72000,-2,58000,58000,54000,-5,-5
12159,9,20000,3,1,20000,21000,17,20,33125,27000,23000,26000,-2,-2,45000,16500,21000,1057448,37000,-5,-5,-5,-5,-5,-5,-5,-5,-5,-5,-5,-5,-5,-5,-5,-5
12160,9,6000,3,1,6000,5000,12,7,11753,13000,12410,10000,12000,12000,12000,12000,15000,14000,15000,-5,-5,-5,-5,-5,-5,-5,-5,-5,-5,-5,-5,-5,-5,-5,-5
12161,13,5900,2,2,5900,12000,19,16,16051,15000,22000,19000,20000,7200,7760,-3,12000,31000,37600,38000,41400,-1,-2,-1,59000,-2,-1,-1,-1,-1,-5,18000,-1,-1,-3
12162,13,-2,2,2,-2,30000,38,26,28366,28146,23142,35050,36580,34500,51300,30000,34030,52000,54500,55050,53160,61500,42744,47500,43920,58420,31300,29500,30000,28850,48420,26000,29000,29000,29000
12163,10,-2,2,1,-2,30000,67,74,78009,40000,30000,33000,40000,3308,51300,27000,62500,64000,67350,66400,77300,75400,82120,79600,107250,130000,96500,142000,176000,188000,200400,185000,200500,200000,206000
12164,12,-4,3,2,6328,5161,53,51,60985,-3,9000,6270,-2,13732,12200,6716,11000,15600,18000,-5,-5,-5,-5,-5,-5,-5,-5,-5,-5,-5,-5,-5,-5,-5,-5
12165,9,-1,3,1,-1,-5,-4,-4,-4,6500,-5,18000,21000,25000,-5,-5,36500,32500,35200,-5,-5,-5,-5,-5,-5,-5,-5,-5,-5,-5,-5,-5,-5,-5,-5
12166,12,6713,3,2,6713,10966,34,33,36140,16365,21000,15361,13229,14735,-2,-5,26000,30000,19464,-5,-5,-5,-5,-5,-5,-5,-5,-5,-5,-5,-5,-5,-5,-5,-5
12167,12,6713,3,2,6713,10966,-4,-4,-4,16365,21000,15361,13229,14735,-2,14000,-5,24060,22909,-5,-5,-5,-5,-5,-5,-5,-5,-5,-5,-5,-5,-5,-5,-5,-5
12168,12,11000,3,2,11000,4000,52,49,47111,8961,5801,8000,10800,12000,19833,14900,19000,22000,32400,-5,-5,-5,-5,-5,-5,-5,-5,-5,-5,-5,-5,-5,-5,-5,-5
12169,12,11000,3,2,11000,-3,7,9,13434,8588,2332,-2,2712,4128,4908,5796,6060,5760,6120,-5,-5,-5,-5,-5,-5,-5,-5,-5,-5,-5,-5,-5,-5,-5,-5
12170,9,11000,3,1,11000,-3,30,27,42799,8588,15900,6300,4311,6480,15000,18000,18000,20000,-3,-5,-5,-5,-5,-5,-5,-5,-5,-5,-5,-5,-5,-5,-5,-5,-5
12171,10,-4,2,1,0,-3,7,10,18021,-3,6664,4488,4752,4668,8315,13000,-3,36000,-3,34000,34000,35000,-1,-1,-5,-5,-5,-5,-5,0,-5,0,-5,-2,2112
12172,13,9451,2,2,9451,-3,2,1,1588,-3,5364,3859,6024,6628,11016,8160,8916,9048,10188,10680,11616,11124,12396,11316,14124,13618,15240,11640,1740,10644,7920,8544,0,21924,9000
12173,9,3600,3,1,3600,3000,16,11,7786,-5,9200,13750,-5,-5,-5,-5,-5,17500,7500,-5,-5,-5,-5,-5,-5,-5,-5,-5,-5,-5,-5,-5,-5,-5,-5
12174,9,-1,3,1,-1,-5,-4,-4,-5,-5,-5,-5,-5,-5,-5,-5,-5,-5,-5,-5,-5,-5,-5,-5,-5,-5,-5,-5,-5,-5,-5,-5,-5,-5,-5
12175,11,12000,1,1,12000,16000,15,18,10417,10000,12000,25000,-2,-5,-5,-5,-5,-5,-5,-5,-5,-5,-5,-5,35000,38,-5,-5,-5,-5,-5,55000,76000,73000,67000
12176,14,12000,1,2,12000,-3,10,12,12241,12000,-2,25000,-2,-5,-5,-5,-5,-5,-5,-5,-5,-2,-2,-2,-2,-2,-2,47160,-2,54000,58000,-1,36000,32000,63000
12177,14,-1,1,2,-1,-3,17,10,20237,12000,-2,-2,0,-3,3136,4680,4464,0,0,0,0,0,0,0,0,0,0,0,0,0,0,46000,0,0,-3
12178,11,-1,1,1,-1,-3,4,7,12200,12000,-3,20000,20000,-2,55000,10000,12300,32015,34000,39600,37000,33600,-2,23000,-5,24000,26000,28000,26000,30000,31030,7224,-2,-5,0
12179,11,10000,1,1,10000,30500,59,68,60412,25000,30000,-2,18000,-2,11500,70500,-2,35500,55500,63000,64720,-2,37800,-2,38000,48000,50000,62900,59000,-2,-2,88000,82000,80000,86000
12180,14,10000,1,2,10000,30500,46,56,60125,25000,30000,-3,15000,-2,-2,65000,30900,69100,-5,-5,-5,-5,-5,-5,-5,-5,-5,-5,-5,-5,-5,-5,-5,-5,-5
12181,14,10000,1,2,10000,13120,30,22,24994,15504,14900,20400,27000,17000,44500,43200,51500,54000,-2,75050,-2,-2,-2,47000,119000,107000,3484,64600,201000,237000,77852,93064,-5,-5,-5
12182,11,10000,1,1,10000,-3,87,78,78359,25000,30000,-2,-2,20500,63000,77300,-2,46000,76350,54101,39488,51690,30460,55600,83000,69500,89000,114000,71500,-5,-5,-5,66700,70000,160070
12183,10,17000,2,1,17000,25000,57,58,70956,32000,41000,45000,30000,30967,39025,41060,44150,48040,54020,59000,58025,61100,64000,-2,72000,-2,105000,-5,167000,159200,202000,245015,260000,260000,-5
12184,10,17000,2,1,17000,25000,9,1,3773,32000,38000,40000,30000,50000,50000,-2,96000,-2,45100,-2,-2,46000,26000,29700,31739,45000,-2,-5,59500,-2,45000,-2,65000,60000,120000
12185,13,2000,2,2,2000,10000,8,14,11916,13000,40000,-2,-5,-5,-5,-5,-5,-5,-5,-5,-5,-1,85000,84700,-2,-5,-5,-1,-5,-1,-1,-5,0,55000,56000
12186,10,20000,2,1,20000,10000,1,5,7688,30000,40000,30000,38000,-5,-5,-5,-2,-2,72000,92000,839078,55000,-2,0,-5,13524,9900,-2,-2,-2,6110,0,-5,-5,-5
12187,10,20000,2,1,20000,10000,1,1,1070,30000,40000,24000,38000,-5,-5,-5,-5,-5,-5,-5,-5,-5,-5,-5,-5,-5,-5,-5,-5,-5,-5,-5,-5,-5,-5
12188,13,7000,2,2,7000,24000,21,12,13859,13077,23500,13500,15500,11822,10000,22000,22000,26900,-2,32000,34000,38000,54050,36000,60000,15000,24000,39400,48600,31000,21800,49500,-2,53692,-3
12189,10,7000,2,1,7000,-3,25,18,21449,4800,6988,-5,12000,12717,12600,17846,40500,42492,40300,38550,43000,52000,52300,69000,62930,64000,77000,54400,68000,52822,440692,58800,81652,71600,120000
12190,10,9000,2,1,9000,8000,39,38,45654,7000,13300,-5,17604,20724,29050,33800,50100,83300,38500,50000,-5,47200,-5,-5,-5,-5,-5,-5,-5,-5,-5,-5,-5,-5,-5
12191,13,7500,2,2,7500,8000,16,8,7163,7000,16000,-2,10000,24000,-2,-2,9984,5454,9960,12060,10236,19380,-2,12048,2916,12157,2000,13200,0,7502,8016,5786,12492,194,1317
12192,10,60000,2,1,60000,-5,-4,-4,-5,-5,-5,-5,10000,-5,-5,-5,-5,44000,40700,45000,1423,-5,-5,-5,-5,-5,-5,-5,-5,-5,-5,-5,-5,-5,-5
12193,13,-4,2,2,4280,-3,8,9,10672,30800,32000,-5,-5,18000,19000,5000,41600,3000,9000,20616,20451,6830,30610,3120,3120,31640,-2,42000,43800,17200,15148,-2,19050,12370,25689
12194,13,-4,2,2,3418,6262,31,35,29438,11602,10980,11596,-3,-2,14616,-2,15200,22872,-2,16128,3552,10584,10092,-2,-2,53650,53400,61385,50500,52040,57296,119596,-2,10380,9077
12195,12,-4,3,2,6500,8150,77,75,73690,8500,9140,-2,12040,7010,-2,11824,60000,-2,83200,-5,-5,-5,-5,-5,-5,-5,-5,-5,-5,-5,-5,-5,-5,-5,-5
12196,10,25600,2,1,25600,-3,4,4,5764,32000,14337,13000,25900,20000,5000,-2,28000,18500,-2,-2,23000,25000,20000,25000,25000,35000,67000,33000,44000,28500,34000,34000,14000,0,21072
12197,10,25600,2,1,25600,24000,31,36,47599,32000,14337,13000,-2,38000,35000,36000,-5,-5,-5,-5,-5,-5,-5,-5,-5,-5,-5,-5,-5,-5,-5,-5,-5,-5,-5
12198,9,-2,3,1,-2,-3,88,82,82454,-3,14540,12020,7000,9750,19100,28800,27000,27000,19000,-5,-5,-5,-5,-5,-5,-5,-5,-5,-5,-5,-5,-5,-5,-5,-5
12199,10,700,2,1,700,-3,15,21,28047,-3,900,6901,10156,-2,30000,-5,-5,-5,-5,-5,-5,-5,28000,4000,16985,91700,390662,125999,40800,43500,36000,40200,28760,35000,-3
12200,10,4000,2,1,4000,6000,19,13,31088,23000,8000,12000,35800,6000,6000,-2,8848,-2,-2,-2,-2,-1,20500,5000,-2,-5,-5,-5,-5,-5,-5,-5,-5,-5,-5
12201,13,4000,2,2,4000,785,9,5,7309,8000,8000,10000,4300,8800,6000,-2,-2,-2,-2,-2,-2,-2,-2,-2,4400,7520,6000,8663,31600,23075,20075,27279,27075,27290,27571
12202,10,-2,2,1,-2,-3,1,1,1249,-3,-2,15000,-2,-2,-2,-2,-2,500,-5,-2,-5,-2,-2,-2,-5,0,-2,-2,700,0,-5,-5,-5,-5,-5
12203,10,-2,2,1,-2,-3,17,18,13645,-3,-2,15000,-2,-2,-2,-5,-2,-5,-5,-5,-5,-5,-5,-5,-5,-5,-5,-5,-5,-5,-5,-5,-5,-5,-5
12204,11,300,1,1,300,20000,14,16,21064,-3,22000,-2,12000,12000,44000,30000,38000,33000,-2,-5,31000,55000,49000,-2,121000,85000,55000,-5,41000,40000,40000,40000,70000,-5,-5
12205,11,300,1,1,300,20000,1,1,2676,18000,22000,-3,-2,14250,-5,14350,-2,24000,23360,-3,35796,34000,-2,32000,60000,-2,-2,32000,33000,37000,34036,48000,57000,48000,-3
12206,11,25000,1,1,25000,40000,96,91,96461,50000,15000,28000,29700,36800,65000,90000,45500,1057448,62800,47100,41500,36000,67500,71500,119500,147200,137000,110000,171600,237000,215500,200000,240050,212600,248150
12207,12,-4,3,2,4050,17000,46,37,38144,21000,21000,23408,28000,32025,36000,42500,45510,51500,-2,-5,-5,-5,-5,-5,-5,-5,-5,-5,-5,-5,-5,-5,-5,-5,-5
12208,13,10000,2,2,10000,8000,30,26,33337,14098,15000,-2,17500,18000,24050,24000,-5,-5,-2,34350,36600,41300,42000,-5,44000,50000,55000,61000,-5,97400,85000,-5,56888,23388,63840
12209,13,10000,2,2,10000,8000,14,13,17279,14098,7500,8000,0,500,9500,6100,14350,-2,-5,-5,-5,-5,-5,-5,-5,-5,-5,-5,-5,-5,-5,-5,-5,-5,-5
12210,13,10000,2,2,10000,8000,25,24,32171,14098,7500,9020,26498,7800,7820,8840,19000,28500,34400,30292,27000,35000,44705,33884,-2,51720,59840,105040,46306,-2,46280,45908,57240,-2,39896
12211,13,2400,2,2,2400,4500,13,17,27607,5000,-2,8560,9020,9000,10000,12075,16000,18000,-5,-5,-5,23000,-5,-5,-5,-5,-5,-5,-5,47000,48000,45000,-5,-5,-5
12212,10,2400,2,1,2400,1366,4,5,1118,3436,-2,-2,18500,7250,7080,37800,34300,-2,77200,4700,6000,3000,5000,230,0,-5,0,17000,4678,-5,39336,-5,-5,-5,-3
12213,9,-1,3,1,-1,31000,-4,-4,-4,48000,-2,40000,28000,30000,34000,44000,37520,32520,38050,-5,-5,-5,-5,-5,-5,-5,-5,-5,-5,-5,-5,-5,-5,-5,-5
12214,13,-2,2,2,-2,20000,6,11,9007,23000,10500,18000,2500,-2,26000,-5,-5,-1,-2,-5,-5,-5,-5,-5,-5,-5,-5,-5,-5,-5,-5,-5,-5,-5,-5
12215,12,-4,3,2,11600,0,38,29,30682,12000,-2,-2,14000,22800,42480,44218,-5,70075,-5,-5,-5,-5,-5,-5,-5,-5,-5,-5,-5,-5,-5,-5,-5,-5,-5
12216,12,30000,3,2,30000,-3,-4,-4,-4,36000,-2,-2,-2,-2,35000,-5,40000,56900,56000,-5,-5,-5,-5,-5,-5,-5,-5,-5,-5,-5,-5,-5,-5,-5,-5
12217,14,18000,1,2,18000,20000,14,13,7044,20000,30000,-2,-2,51250,26300,-2,55836,3732,5680,1700,0,0,0,1122,0,100,15000,0,0,0,94000,70000,105000,95000,95000
12218,11,18000,1,1,18000,20000,8,7,10266,20000,30000,12420,17000,21260,24500,23500,22000,28000,24000,22000,25000,27000,23762,38500,27000,30000,46000,51000,55000,63000,62000,46500,45000,31200,56750
12219,9,-1,3,1,-1,7512,4,6,16461,9516,13400,-2,0,535,-2,-2,0,-2,-2,-5,-5,-5,-5,-5,-5,-5,-5,-5,-5,-5,-5,-5,-5,-5,-5
12220,11,-1,1,1,-1,27000,-4,-4,-4,17700,21000,21000,23200,21000,23000,25360,30200,29525,31400,40000,40000,40000,32000,32000,32000,49800,62400,-2,-5,-5,-5,-5,-5,-5,-5
12221,9,12000,3,1,12000,5900,57,59,39841,3710,15000,-2,6800,11916,10000,12000,13000,21000,14000,-5,-5,-5,-5,-5,-5,-5,-5,-5,-5,-5,-5,-5,-5,-5,-5
12222,13,-4,2,2,2040,3480,1,1,206,4164,4440,4812,5040,4840,5462,4056,9690,8364,5224,-2,-2,-2,-2,9774,8532,9388,11736,19152,0,-2,11624,10416,10196,15288,-5
12223,10,3000,2,1,3000,-3,2,4,1756,1916,1286,4500,1056,1500,6350,300,4248,0,5916,11744,3060,-2,-2,5995,13640,9520,9528,3800,9900,8136,8928,3414,9456,9480,-3
12224,10,3000,2,1,3000,-3,15,18,20195,2000,2316,4500,9604,4494,2795,7050,12620,10000,11346,10200,17636,2000,-2,-2,-2,-2,-2,-2,-2,-2,-2,11280,16128,-2,13716
12225,9,21000,3,1,21000,20000,57,56,67812,22500,36000,38000,-2,12008,12100,15100,18400,22450,27750,-5,-5,-5,-5,-5,-5,-5,-5,-5,-5,-5,-5,-5,-5,-5,-5
12226,10,-2,2,1,-2,13000,11,9,9787,15000,21000,30000,-2,21500,28000,36000,37000,-2,-2,-2,35000,42000,-2,-2,-2,15000,15000,15000,20000,15000,-2,-2,-2,12000,12000
12227,11,-3,1,1,-3,10000,49,50,50461,32000,35000,-2,-2,15000,20000,24759,-2,26247,15480,-2,31000,37400,48700,47000,84000,86040,48000,85000,-5,-5,-5,-5,-5,-5,-5
12228,14,-2,1,2,-2,8450,38,36,41791,11000,12026,10000,-2,16600,-2,33650,-2,-2,-2,78500,26200,27000,22100,22145,30600,40000,61000,56000,59120,-2,70592,52000,58577,54000,90000
12229,12,-4,3,2,2625,5369,44,49,60275,-3,4700,10771,12000,11800,13496,17003,-5,-5,-5,-5,-5,-5,-5,-5,-5,-5,-5,-5,-5,-5,-5,-5,-5,-5,-5
12230,12,-4,3,2,1800,4000,28,29,28374,9200,10477,11688,12884,15600,15259,18000,16800,16400,19500,-5,-5,-5,-5,-5,-5,-5,-5,-5,-5,-5,-5,-5,-5,-5,-5
12231,12,-4,3,2,2000,-3,68,61,55988,2500,-2,-2,9290,13005,14675,15010,15553,17472,-5,-5,-5,-5,-5,-5,-5,-5,-5,-5,-5,-5,-5,-5,-5,-5,-5
12232,9,-4,3,1,9779,7200,69,54,46774,12706,8921,7350,18604,17558,20800,22500,23300,23165,-2,-5,-5,-5,-5,-5,-5,-5,-5,-5,-5,-5,-5,-5,-5,-5,-5
12233,12,-4,3,2,-3,8150,21,23,21676,12706,8700,7782,18619,20000,21000,24030,23200,20200,-2,-5,-5,-5,-5,-5,-5,-5,-5,-5,-5,-5,-5,-5,-5,-5,-5
12234,12,-4,3,2,3600,2100,75,80,87540,4500,-2,10500,12800,18300,-2,-2,-2,-2,8000,-5,-5,-5,-5,-5,-5,-5,-5,-5,-5,-5,-5,-5,-5,-5,-5
12235,12,-4,3,2,1490,2546,50,61,69833,25000,30000,33000,25000,26000,30000,25000,30050,37050,-2,-5,-5,-5,-5,-5,-5,-5,-5,-5,-5,-5,-5,-5,-5,-5,-5
12236,9,-4,3,1,-3,7060,24,25,24358,2448,4350,4320,3780,3922,5566,3972,6000,11772,8708,-5,-5,-5,-5,-5,-5,-5,-5,-5,-5,-5,-5,-5,-5,-5,-5
12237,10,9000,2,1,9000,-3,3,4,5956,7000,-2,-5,-2,-2,13000,-2,-2,0,-2,-2,-3,-2,0,-2,-2,-2,7500,-5,-5,0,480,2000,5472,0,-5
12238,12,6000,3,2,6000,-3,8,11,9740,18200,-2,36753,10605,-2,-2,-2,-2,14000,-2,-5,-5,-5,-5,-5,-5,-5,-5,-5,-5,-5,-5,-5,-5,-5,-5
12239,12,6000,3,2,6000,7161,14,21,28147,11700,-2,36753,12000,15600,20000,-2,-2,97000,-2,-5,-5,-5,-5,-5,-5,-5,-5,-5,-5,-5,-5,-5,-5,-5,-5
12240,13,2455,2,2,2455,11540,17,19,30566,12586,8000,10000,15000,15000,17000,-2,-2,11570,-2,27896,-2,-2,-2,-2,8398,14000,16000,25744,16267,13642,17200,-2,20128,13353,3888
12241,13,-4,2,2,-3,5000,12,8,8048,7288,5084,10000,13500,11000,11000,12000,14095,16525,15000,16000,16500,18600,14500,16000,26000,32000,49000,45000,-2,24500,-2,-2,26000,-2,-3
12242,12,-4,3,2,-3,1596,8,5,3373,9904,18726,18540,16760,32000,28000,14000,27350,31000,30000,-5,-5,-5,-5,-5,-5,-5,-5,-5,-5,-5,-5,-5,-5,-5,-5
12243,12,12000,3,2,12000,10000,30,29,19960,7000,7010,8500,22900,23700,24000,26000,29000,29000,28400,-5,-5,-5,-5,-5,-5,-5,-5,-5,-5,-5,-5,-5,-5,-5,-5
12244,9,35000,3,1,35000,75001,66,79,80693,-3,-1,10020,20600,21410,25400,30000,38000,45750,51000,-5,-5,-5,-5,-5,-5,-5,-5,-5,-5,-5,-5,-5,-5,-5,-5
12245,9,55000,3,1,55000,4150,72,70,76200,3000,7120,11120,14000,11242,15000,14000,18000,23000,25000,-5,-5,-5,-5,-5,-5,-5,-5,-5,-5,-5,-5,-5,-5,-5,-5
12246,13,-4,2,2,1000,41000,72,65,59725,16000,17800,18596,-2,17500,21700,27500,23600,26000,29200,27000,31200,35000,32000,34000,37000,43000,45000,48500,62000,58000,48000,49800,120000,60000,-3
12247,12,6000,3,2,6000,7000,24,26,21713,19068,22000,20000,17000,29700,33070,24000,41100,50100,49765,-5,-5,-5,-5,-5,-5,-5,-5,-5,-5,-5,-5,-5,-5,-5,-5
12248,12,6000,3,2,6000,7000,49,34,40419,19068,22000,13550,18000,20000,30000,34390,35100,50150,34100,-5,-5,-5,-5,-5,-5,-5,-5,-5,-5,-5,-5,-5,-5,-5,-5
12249,12,-4,3,2,7000,3300,89,89,90374,15000,4500,8500,13500,34900,42250,58000,58200,67100,38900,-5,-5,-5,-5,-5,-5,-5,-5,-5,-5,-5,-5,-5,-5,-5,-5
12250,12,-4,3,2,3000,8600,85,86,85508,7000,8000,9660,18025,22500,21000,30400,29200,48100,55050,-5,-5,-5,-5,-5,-5,-5,-5,-5,-5,-5,-5,-5,-5,-5,-5
12251,12,-4,3,2,2900,6500,99,96,91376,7100,24600,27700,35550,45400,46100,54400,64600,82500,75500,-5,-5,-5,-5,-5,-5,-5,-5,-5,-5,-5,-5,-5,-5,-5,-5
12252,12,-4,3,2,-3,-5,95,94,91791,4820,10520,11510,-2,-2,64000,-2,-2,-1,-2,-5,-5,-5,-5,-5,-5,-5,-5,-5,-5,-5,-5,-5,-5,-5,-5
12253,9,3264,3,1,3264,-5,-4,-4,-4,-3,3562,-5,-5,-5,-5,-5,-5,-2,-5,-5,-5,-5,-5,-5,-5,-5,-5,-5,-5,-5,-5,-5,-5,-5,-5
12254,13,6000,2,2,6000,-3,21,25,23066,-3,8318,-2,5140,-2,-2,47900,33404,35936,13580,13936,10253,16882,14129,26620,27540,36560,33600,42114,60195,65464,38000,38000,33000,35000,40000
12255,10,10000,2,1,10000,-3,46,54,56305,-3,43000,38000,69500,-2,50000,70800,100001,79000,-2,-2,-2,-2,-2,34000,34350,-2,70000,82000,42000,75000,86188,77000,82000,104000,78000
12256,10,9400,2,1,9400,10900,32,25,24827,7100,-3,20000,30000,32000,37000,31250,-2,47018,-3,45600,29000,-3,22000,4115,23000,30000,30009,39500,-1,-2,78000,73800,139600,85000,100000
12257,10,10000,2,1,10000,11500,23,24,33949,11000,28000,25000,-2,50000,-5,-5,47000,-5,66200,-5,-5,-2,-5,-5,-5,-5,0,-5,-5,-5,-5,-5,-5,30000,45000
12258,12,15000,3,2,15000,24000,23,19,21811,15000,15000,1500,25000,24000,-2,1221,8808,8030,4352,-5,-5,-5,-5,-5,-5,-5,-5,-5,-5,-5,-5,-5,-5,-5,-5
12259,10,8000,2,1,8000,8050,81,80,76013,9085,22000,30000,-2,75000,80000,95500,49600,72000,146942,-2,87250,94000,92000,112500,135000,182600,149000,135000,225000,160000,140000,160000,245500,275000,766958
12260,10,8000,2,1,8000,8050,87,87,92429,9085,22000,12000,60000,75000,32300,37500,56000,62500,80000,64500,66000,73100,78000,80500,99000,110250,142000,164000,161500,147500,0,220000,155000,190000,275000
12261,9,2400,3,1,2400,-3,3,2,616,14500,-2,-2,-2,-2,34160,35000,37500,30542,36400,-5,-5,-5,-5,-5,-5,-5,-5,-5,-5,-5,-5,-5,-5,-5,-5
12262,9,2400,3,1,2400,-3,33,49,52047,5989,10300,13932,11000,12000,-1,-1,22000,-1,-1,-5,-5,-5,-5,-5,-5,-5,-5,-5,-5,-5,-5,-5,-5,-5,-5
12263,12,2400,3,2,2400,-3,-4,-4,-4,12000,10454,6070,-3,-2,2321,6750,1250,2700,8257,-5,-5,-5,-5,-5,-5,-5,-5,-5,-5,-5,-5,-5,-5,-5,-5
12264,12,-2,3,2,-2,18000,58,59,54409,7881,11805,13000,14000,16600,15000,20015,24150,26750,24950,-5,-5,-5,-5,-5,-5,-5,-5,-5,-5,-5,-5,-5,-5,-5,-5
12265,12,-4,3,2,1234,15000,74,74,78779,5504,14000,14885,30000,4100,9810,19008,47000,49000,55050,-5,-5,-5,-5,-5,-5,-5,-5,-5,-5,-5,-5,-5,-5,-5,-5
12266,9,12000,3,1,12000,22000,42,39,42157,-3,6920,12143,-2,11184,8645,8004,7404,-2,4350,-5,-5,-5,-5,-5,-5,-5,-5,-5,-5,-5,-5,-5,-5,-5,-5
12267,12,-4,3,2,-3,33000,34,42,43756,32000,40000,50000,54300,26400,31500,33116,38000,42200,42050,-5,-5,-5,-5,-5,-5,-5,-5,-5,-5,-5,-5,-5,-5,-5,-5
12268,12,17000,3,2,17000,-3,65,61,70920,-3,22000,22000,22000,4000,22000,25000,24000,38000,44240,-5,-5,-5,-5,-5,-5,-5,-5,-5,-5,-5,-5,-5,-5,-5,-5
12269,14,6500,1,2,6500,-3,30,24,39412,7200,10000,-2,7030,15000,15894,17000,16200,16900,19100,23400,26050,28000,28046,30000,-2,-5,-5,-5,97500,-2,84600,-5,-5,-5,-5
12270,12,-4,3,2,-2,7900,91,84,80602,5950,-2,19303,19720,21550,-5,-5,-5,-5,-5,-5,-5,-5,-5,-5,-5,-5,-5,-5,-5,-5,-5,-5,-5,-5,-5
12271,12,30000,3,2,30000,-3,99,99,99003,-3,21000,25000,26600,-5,-5,-5,-5,-5,-5,-5,-5,-5,-5,-5,-5,-5,-5,-5,-5,-5,-5,-5,-5,-5,-5
12272,12,-4,3,2,4200,7950,91,88,83310,9000,18050,-2,43100,-2,54394,48500,52500,56600,55000,-5,-5,-5,-5,-5,-5,-5,-5,-5,-5,-5,-5,-5,-5,-5,-5
12273,12,-4,3,2,4555,4792,69,67,44521,-3,18000,30426,30600,-1,-2,79050,-2,-2,146942,-5,-5,-5,-5,-5,-5,-5,-5,-5,-5,-5,-5,-5,-5,-5,-5
12274,9,-4,3,1,22565,7603,87,87,74048,6744,-3,35000,34800,-2,27000,54000,22400,16500,12000,-5,-5,-5,-5,-5,-5,-5,-5,-5,-5,-5,-5,-5,-5,-5,-5
12275,9,-4,3,1,6100,4500,99,98,95608,7300,24000,36050,38140,62600,52200,73000,77000,1057448,95000,-5,-5,-5,-5,-5,-5,-5,-5,-5,-5,-5,-5,-5,-5,-5,-5
12276,9,-4,3,1,12000,12000,46,54,63209,11500,13441,15025,-2,20000,-2,-2,36500,36500,41000,-5,-5,-5,-5,-5,-5,-5,-5,-5,-5,-5,-5,-5,-5,-5,-5
12277,9,5100,3,1,5100,4414,25,32,26916,3500,7600,10354,8819,-2,100001,-2,-2,-2,-2,-5,-5,-5,-5,-5,-5,-5,-5,-5,-5,-5,-5,-5,-5,-5,-5
12278,14,6239,1,2,6239,9320,27,21,28024,-3,5000,9000,28930,30510,30556,31408,4800,32000,30000,33000,35000,53000,-5,13388,20840,3000,31800,36000,40000,39000,-5,44600,-5,-5,47000
12279,14,-4,1,2,-3,-3,62,52,42195,3957,-5,-5,-5,-5,-5,-5,-5,-5,-5,-5,-5,-5,-5,-5,-5,-5,-5,-5,-5,-5,-5,-5,-5,-5,-5
12280,10,20000,2,1,20000,-3,27,31,19957,3550,7000,15000,10000,12000,12000,16000,-2,-2,10240,-2,-2,-2,-2,-2,10912,-5,-2,-2,-2,-2,-1,-2,0,3072,13078
12281,13,-2,2,2,-2,-3,24,17,13613,12000,9000,-1,3400,10022,8960,30652,-2,-2,-2,45820,90342,29364,-2,41500,48000,40000,58600,56000,65600,17040,23170,26988,12688,-1,98000
12282,14,25000,1,2,25000,9437,41,29,33225,18000,15500,5360,6624,16960,7624,18800,1300,20000,14000,20000,14000,14000,14365,0,-5,-5,11000,32000,30000,18000,18000,4750,16850,24000,26000
12283,11,9000,1,1,9000,9437,30,25,27757,18000,3200,7002,9000,15800,3000,18870,16500,-2,-5,-2,27000,-2,19000,26000,-5,-5,-5,-5,-5,-5,-5,-5,-5,-5,-5
12284,14,9000,1,2,9000,16000,76,72,70098,4000,5289,7000,-5,11500,-5,-5,24800,26000,56000,61000,59000,65000,66200,78500,79500,95000,168000,125000,122000,141000,-2,150000,140000,-2,-3
12285,12,8900,3,2,8900,8000,26,29,37380,1500,14400,9000,15000,12900,15000,-2,-2,13420,7620,-5,-5,-5,-5,-5,-5,-5,-5,-5,-5,-5,-5,-5,-5,-5,-5
12286,12,8900,3,2,8900,8000,18,11,16760,15000,14400,9000,3327,7824,8232,10140,-3,3750,0,-5,-5,-5,-5,-5,-5,-5,-5,-5,-5,-5,-5,-5,-5,-5,-5
12287,9,8900,3,1,8900,8000,62,52,54436,15000,-5,0,-2,17000,15000,-2,1100,2000,1000,-5,-5,-5,-5,-5,-5,-5,-5,-5,-5,-5,-5,-5,-5,-5,-5
12288,11,9000,1,1,9000,5000,-4,-4,-4,1500,5000,-2,9500,7500,13200,-2,15000,16000,33000,18140,27000,-5,24000,24000,29000,-5,-5,-5,48000,53320,-2,54796,66000,0,-3
12289,9,3000,3,1,3000,9000,17,17,14198,10800,-2,10600,-2,-2,19000,-2,-5,-5,-5,-5,-5,-5,-5,-5,-5,-5,-5,-5,-5,-5,-5,-5,-5,-5,-5
12290,9,3000,3,1,3000,9000,4,4,908,10800,-2,-2,-2,-2,96008,-2,-2,-2,5000,-5,-5,-5,-5,-5,-5,-5,-5,-5,-5,-5,-5,-5,-5,-5,-5
12291,12,3000,3,2,3000,9000,7,8,9215,10800,-2,-2,-2,-2,14000,33500,8000,-5,-5,-5,-5,-5,-5,-5,-5,-5,-5,-5,-5,-5,-5,-5,-5,-5,-5
12292,12,-2,3,2,-2,11000,46,50,51586,12000,17000,12000,22600,27000,-2,-2,33000,80875,-3,-5,-5,-5,-5,-5,-5,-5,-5,-5,-5,-5,-5,-5,-5,-5,-5
12293,14,-4,1,2,-2,-3,9,10,9484,2800,-2,11983,-2,11344,13930,-2,-5,-2,-5,-5,-5,-2,-2,-2,-2,-5,-5,27500,24000,-5,-5,9120,-2,-2,-3
12294,12,-4,3,2,-2,4740,27,26,23179,10400,20000,24000,26000,37000,18000,16950,-3,40200,36000,-5,-5,-5,-5,-5,-5,-5,-5,-5,-5,-5,-5,-5,-5,-5,-5
12295,9,7600,3,1,7600,9000,68,69,80659,4500,7450,19200,26050,30022,30020,36000,40637,40100,40100,-5,-5,-5,-5,-5,-5,-5,-5,-5,-5,-5,-5,-5,-5,-5,-5
12296,9,-2,3,1,-2,-3,4,6,9044,-3,-2,0,-5,-5,-5,-5,-5,-5,-5,-5,-5,-5,-5,-5,-5,-5,-5,-5,-5,-5,-5,-5,-5,-5,-5
12297,9,-2,3,1,-2,10000,11,12,16858,-3,24100,10696,7938,13157,6840,8229,8780,12600,11970,-5,-5,-5,-5,-5,-5,-5,-5,-5,-5,-5,-5,-5,-5,-5,-5
12298,9,-2,3,1,-2,9000,64,74,79366,-3,13900,-2,36015,34675,43100,54200,57700,59100,62000,-5,-5,-5,-5,-5,-5,-5,-5,-5,-5,-5,-5,-5,-5,-5,-5
12299,9,-2,3,1,-2,30000,7,6,3133,-5,-5,-5,-5,-5,-5,-5,-5,-5,-5,-5,-5,-5,-5,-5,-5,-5,-5,-5,-5,-5,-5,-5,-5,-5,-5
12300,10,-4,2,1,12000,13000,1,4,4134,13000,-5,15000,20000,22000,26000,28000,29000,42000,39000,-2,43000,45000,55070,53000,-2,60000,55000,-5,-5,83000,62000,56000,52000,-5,-5
12301,9,-1,3,1,-1,20000,30,27,33501,-3,-5,25000,25000,50000,17000,-2,23800,17450,-2,-5,-5,-5,-5,-5,-5,-5,-5,-5,-5,-5,-5,-5,-5,-5,-5
12302,9,10672,3,1,10672,-3,3,2,2193,12796,12160,13500,5000,2200,26000,31600,21000,19000,22000,-5,-5,-5,-5,-5,-5,-5,-5,-5,-5,-5,-5,-5,-5,-5,-5
12303,13,12000,2,2,12000,14415,21,19,20629,22433,28500,32000,38995,19140,20000,24000,27000,29000,40200,41000,45000,42000,48000,53000,-2,60000,21000,24000,32000,31000,33000,34000,32000,36000,38960
12304,13,-1,2,2,-1,1450,4,3,3310,-3,13056,12974,12417,2800,12080,9600,12000,12000,12500,18024,17664,19495,19808,-2,61400,17440,39000,16200,60000,26000,27000,600,-2,0,-3
12305,10,-2,2,1,-2,2382,12,10,12200,-3,-3,-2,11190,45000,-2,28300,40000,40000,18000,6000,19000,35000,189918,-5,75000,25500,26000,-5,-5,36000,-5,10000,-5,-5,-5
12306,12,7000,3,2,7000,8500,42,35,37172,19490,16324,17580,15900,18260,27320,22200,37720,28800,34820,-5,-5,-5,-5,-5,-5,-5,-5,-5,-5,-5,-5,-5,-5,-5,-5
12307,12,7000,3,2,7000,18000,20,19,26598,17000,12600,9012,5770,6816,6095,10066,6720,-3,4050,-5,-5,-5,-5,-5,-5,-5,-5,-5,-5,-5,-5,-5,-5,-5,-5
12308,9,5000,3,1,5000,-3,14,17,25036,2700,-2,-3,11112,10000,-2,-2,4000,-2,18428,-5,-5,-5,-5,-5,-5,-5,-5,-5,-5,-5,-5,-5,-5,-5,-5
12309,12,-1,3,2,-1,-3,9,13,19358,8000,7000,15819,21703,22000,10000,-2,-2,5049,1000,-5,-5,-5,-5,-5,-5,-5,-5,-5,-5,-5,-5,-5,-5,-5,-5
12310,9,-1,3,1,-1,-3,1,1,0,8000,3480,2880,3084,0,500,9000,10500,12000,12000,-5,-5,-5,-5,-5,-5,-5,-5,-5,-5,-5,-5,-5,-5,-5,-5
12311,9,-1,3,1,-1,-3,20,18,20751,8000,7000,15819,21703,22000,27000,-2,60474,52010,44114,-5,-5,-5,-5,-5,-5,-5,-5,-5,-5,-5,-5,-5,-5,-5,-5
12312,9,-3,3,1,-3,30000,65,61,60842,30000,45000,-2,24100,52400,35200,81000,39400,10200,50250,-5,-5,-5,-5,-5,-5,-5,-5,-5,-5,-5,-5,-5,-5,-5,-5
12313,9,-2,3,1,-2,20000,64,72,61504,50000,45000,-2,35000,40000,35000,27000,10000,12650,21100,-5,-5,-5,-5,-5,-5,-5,-5,-5,-5,-5,-5,-5,-5,-5,-5
12314,12,8000,3,2,8000,20000,-4,-4,-5,-5,-5,5000,-5,-5,-5,-5,-5,-5,-5,-5,-5,-5,-5,-5,-5,-5,-5,-5,-5,-5,-5,-5,-5,-5,-5
12315,9,15000,3,1,15000,32500,72,65,74123,11764,34000,32990,36000,-5,-5,-5,-5,-5,-5,-5,-5,-5,-5,-5,-5,-5,-5,-5,-5,-5,-5,-5,-5,-5,-5
12316,12,13000,3,2,13000,10200,83,75,81567,22285,-2,15000,15600,22010,21007,23020,35400,27001,30000,-5,-5,-5,-5,-5,-5,-5,-5,-5,-5,-5,-5,-5,-5,-5,-5
12317,9,13000,3,1,13000,-5,-4,-4,-4,11000,-5,-2,26056,41000,9000,6000,8500,5000,5759,-5,-5,-5,-5,-5,-5,-5,-5,-5,-5,-5,-5,-5,-5,-5,-5
12318,9,7000,3,1,7000,6500,16,21,26864,-3,-2,5000,-2,5750,4980,10120,16688,1950,14599,-5,-5,-5,-5,-5,-5,-5,-5,-5,-5,-5,-5,-5,-5,-5,-5
12319,12,-4,3,2,-3,452,46,43,35042,14000,18000,19422,11728,14224,17961,20733,24012,22000,30493,-5,-5,-5,-5,-5,-5,-5,-5,-5,-5,-5,-5,-5,-5,-5,-5
12320,12,2664,3,2,2664,2664,30,43,53440,6432,9000,12456,8796,12150,14800,11680,28000,34000,36000,-5,-5,-5,-5,-5,-5,-5,-5,-5,-5,-5,-5,-5,-5,-5,-5
12321,12,2664,3,2,2664,2664,10,8,6395,6432,2800,3000,3000,3000,0,-2,10030,26000,27600,-5,-5,-5,-5,-5,-5,-5,-5,-5,-5,-5,-5,-5,-5,-5,-5
12322,12,-3,3,2,-3,22000,49,51,44195,14400,24100,30000,29000,37000,43000,47000,45200,53200,64100,-5,-5,-5,-5,-5,-5,-5,-5,-5,-5,-5,-5,-5,-5,-5,-5
12323,9,20000,3,1,20000,12000,28,27,36245,14400,5900,12000,23000,10000,21000,-2,15200,15200,-2,-5,-5,-5,-5,-5,-5,-5,-5,-5,-5,-5,-5,-5,-5,-5,-5
12324,9,4000,3,1,4000,2820,26,18,29493,8000,5300,8000,5441,14400,32000,30000,39030,40325,41000,-5,-5,-5,-5,-5,-5,-5,-5,-5,-5,-5,-5,-5,-5,-5,-5
12325,9,4000,3,1,4000,2820,25,25,33549,7480,5300,8810,120,2000,5274,10500,-5,23856,-5,-5,-5,-5,-5,-5,-5,-5,-5,-5,-5,-5,-5,-5,-5,-5,-5
12326,9,4000,3,1,4000,14000,4,2,5784,10500,3000,-3,3500,12000,2536,9144,9800,16685,19848,-5,-5,-5,-5,-5,-5,-5,-5,-5,-5,-5,-5,-5,-5,-5,-5
12327,9,6000,3,1,6000,4000,5,6,5694,8948,11174,-2,-2,-2,-2,-2,12500,14360,-2,-5,-5,-5,-5,-5,-5,-5,-5,-5,-5,-5,-5,-5,-5,-5,-5
12328,12,6000,3,2,6000,4000,38,35,50319,8948,11174,12300,13170,7500,7000,9108,5400,0,3000,-5,-5,-5,-5,-5,-5,-5,-5,-5,-5,-5,-5,-5,-5,-5,-5
12329,12,-4,3,2,5300,1400,53,61,66809,1160,1500,-2,12050,35200,-5,0,0,7000,-3,-5,-5,-5,-5,-5,-5,-5,-5,-5,-5,-5,-5,-5,-5,-5,-5
12330,12,11440,3,2,11440,8448,16,17,16318,5440,-2,-2,0,-5,-2,-5,16000,14740,15284,-5,-5,-5,-5,-5,-5,-5,-5,-5,-5,-5,-5,-5,-5,-5,-5
12331,9,-2,3,1,-2,6440,15,18,21884,5580,-2,12760,-2,-2,10370,-2,330,0,-5,-5,-5,-5,-5,-5,-5,-5,-5,-5,-5,-5,-5,-5,-5,-5,-5
12332,12,5400,3,2,5400,4800,62,64,64333,4200,6000,7382,6154,5505,450,0,1200,3776,3876,-5,-5,-5,-5,-5,-5,-5,-5,-5,-5,-5,-5,-5,-5,-5,-5
12333,12,5400,3,2,5400,4800,36,46,47635,-3,-2,-2,-3,6000,13000,6400,10000,20000,22000,-5,-5,-5,-5,-5,-5,-5,-5,-5,-5,-5,-5,-5,-5,-5,-5
12334,12,2225,3,2,2225,10360,16,13,12238,20268,18000,16000,22000,-1,33500,-5,-5,-5,-5,-5,-5,-5,-5,-5,-5,-5,-5,-5,-5,-5,-5,-5,-5,-5,-5
12335,9,2225,3,1,2225,1392,-3,-3,1869,2468,2383,-2,1644,4380,-2,1560,4484,3304,8780,-5,-5,-5,-5,-5,-5,-5,-5,-5,-5,-5,-5,-5,-5,-5,-5
12336,12,-4,3,2,-2,1210,49,61,67385,65000,3700,1700,5860,-2,28800,-2,35000,38165,-2,-5,-5,-5,-5,-5,-5,-5,-5,-5,-5,-5,-5,-5,-5,-5,-5
12337,12,-4,3,2,-3,1575,82,73,73857,4523,9530,8530,3400,65000,40000,52450,78800,76700,8550,-5,-5,-5,-5,-5,-5,-5,-5,-5,-5,-5,-5,-5,-5,-5,-5
12338,9,7812,3,1,7812,6600,42,47,58531,-3,-2,14700,-2,9000,30030,17500,24000,29000,30000,-5,-5,-5,-5,-5,-5,-5,-5,-5,-5,-5,-5,-5,-5,-5,-5
12339,12,6500,3,2,6500,6130,84,89,95597,6718,-2,13648,-2,12000,16000,28150,39900,43100,41340,-5,-5,-5,-5,-5,-5,-5,-5,-5,-5,-5,-5,-5,-5,-5,-5
12340,12,7231,3,2,7231,-3,77,69,61261,20000,8600,21800,17680,11580,14500,20200,25150,20240,44900,-5,-5,-5,-5,-5,-5,-5,-5,-5,-5,-5,-5,-5,-5,-5,-5
12341,9,3864,3,1,3864,3612,4,5,11512,3948,3480,12000,-2,2352,-2,10500,-5,-5,-5,-5,-5,-5,-5,-5,-5,-5,-5,-5,-5,-5,-5,-5,-5,-5,-5
12342,9,1855,3,1,1855,3612,5,7,13187,-3,1700,18400,0,3052,6972,6440,200,11000,-2,-5,-5,-5,-5,-5,-5,-5,-5,-5,-5,-5,-5,-5,-5,-5,-5
12343,9,1856,3,1,1856,5800,83,82,87805,8000,8185,1500,13000,15830,23025,27000,52250,54030,-2,-5,-5,-5,-5,-5,-5,-5,-5,-5,-5,-5,-5,-5,-5,-5,-5
12344,12,-1,3,2,-1,23000,83,85,86968,20000,0,-2,22258,11500,8400,9000,16000,18015,22010,-5,-5,-5,-5,-5,-5,-5,-5,-5,-5,-5,-5,-5,-5,-5,-5
12345,9,11643,3,1,11643,-3,86,93,97922,10000,0,1500,6000,15600,30000,34000,57500,57200,73100,-5,-5,-5,-5,-5,-5,-5,-5,-5,-5,-5,-5,-5,-5,-5,-5
12346,12,-1,3,2,-1,-3,94,90,88523,10000,0,4000,5000,9500,15010,6312,19500,20000,24410,-5,-5,-5,-5,-5,-5,-5,-5,-5,-5,-5,-5,-5,-5,-5,-5
12347,12,-1,3,2,-1,-3,82,81,82453,10000,75001,4000,-2,-2,-2,27200,22550,-2,-2,-5,-5,-5,-5,-5,-5,-5,-5,-5,-5,-5,-5,-5,-5,-5,-5
12348,9,31900,3,1,31900,75001,38,34,25616,-3,5000,1500,4400,-2,46000,64600,40000,-5,23000,-5,-5,-5,-5,-5,-5,-5,-5,-5,-5,-5,-5,-5,-5,-5,-5
12349,12,-3,3,2,-3,75001,78,66,75852,10700,12430,10780,18084,25035,-2,34216,35350,43300,36350,-5,-5,-5,-5,-5,-5,-5,-5,-5,-5,-5,-5,-5,-5,-5,-5
12350,9,31900,3,1,31900,75001,38,29,36969,-3,50000,10000,5000,30000,50000,70000,99025,-1,34000,-5,-5,-5,-5,-5,-5,-5,-5,-5,-5,-5,-5,-5,-5,-5,-5
12351,12,6524,3,2,6524,14000,54,64,73604,25000,32000,41000,46000,57000,54000,60500,23030,30100,32100,-5,-5,-5,-5,-5,-5,-5,-5,-5,-5,-5,-5,-5,-5,-5,-5
12352,12,4544,3,2,4544,5000,29,27,33189,6408,-2,75001,20405,13728,10455,19440,11600,7284,25286,-5,-5,-5,-5,-5,-5,-5,-5,-5,-5,-5,-5,-5,-5,-5,-5
12353,9,-3,3,1,-3,18000,5,5,3907,-3,-2,2000,-2,32000,48000,-5,22000,31000,20000,-5,-5,-5,-5,-5,-5,-5,-5,-5,-5,-5,-5,-5,-5,-5,-5
12354,9,4800,3,1,4800,10000,75,76,85509,15000,22000,20000,19500,23000,30000,19000,24000,25600,28100,-5,-5,-5,-5,-5,-5,-5,-5,-5,-5,-5,-5,-5,-5,-5,-5
12355,9,4800,3,1,4800,10000,73,77,84481,13000,22000,20000,19600,20000,25000,22000,33000,30000,30600,-5,-5,-5,-5,-5,-5,-5,-5,-5,-5,-5,-5,-5,-5,-5,-5
12356,12,15000,3,2,15000,12000,65,68,66607,40000,-2,-2,75001,-2,60000,100001,100001,1057448,92300,-5,-5,-5,-5,-5,-5,-5,-5,-5,-5,-5,-5,-5,-5,-5,-5
12357,12,15000,3,2,15000,12000,71,72,70685,40000,-3,-2,73120,-2,-2,100001,64000,67050,77500,-5,-5,-5,-5,-5,-5,-5,-5,-5,-5,-5,-5,-5,-5,-5,-5
12358,9,-1,3,1,-1,13200,43,43,46260,20130,29255,50010,32223,41000,34020,30000,35000,50000,55000,-5,-5,-5,-5,-5,-5,-5,-5,-5,-5,-5,-5,-5,-5,-5,-5
12359,12,-4,3,2,3444,4356,83,73,77781,-3,10558,-2,4824,3576,13524,16348,-2,9900,13000,-5,-5,-5,-5,-5,-5,-5,-5,-5,-5,-5,-5,-5,-5,-5,-5
12360,12,11000,3,2,11000,15000,34,35,35506,20530,21250,24100,28000,25000,28000,31500,33500,30000,35500,-5,-5,-5,-5,-5,-5,-5,-5,-5,-5,-5,-5,-5,-5,-5,-5
12361,9,7200,3,1,7200,8028,54,47,47564,8000,11000,18000,18000,25720,26000,24000,25200,25000,26500,-5,-5,-5,-5,-5,-5,-5,-5,-5,-5,-5,-5,-5,-5,-5,-5
12362,12,-4,3,2,-3,14200,65,49,41163,16015,18937,21401,-2,22200,7074,8184,8900,9607,9300,-5,-5,-5,-5,-5,-5,-5,-5,-5,-5,-5,-5,-5,-5,-5,-5
12363,12,9000,3,2,9000,-3,17,15,19556,9000,6002,6600,11000,9440,15000,16000,16300,18000,23000,-5,-5,-5,-5,-5,-5,-5,-5,-5,-5,-5,-5,-5,-5,-5,-5
12364,9,-3,3,1,-3,40000,82,71,78380,5312,23240,14980,28234,15035,28000,-2,14075,14050,20050,-5,-5,-5,-5,-5,-5,-5,-5,-5,-5,-5,-5,-5,-5,-5,-5
12365,12,-3,3,2,-3,40000,83,80,81504,-3,-1,3011,6301,7420,17870,15000,46010,24000,-3,-5,-5,-5,-5,-5,-5,-5,-5,-5,-5,-5,-5,-5,-5,-5,-5
12366,12,-2,3,2,-2,-3,26,26,30129,-3,12000,7640,17400,21000,23388,0,24000,29000,29000,-5,-5,-5,-5,-5,-5,-5,-5,-5,-5,-5,-5,-5,-5,-5,-5
12367,9,-2,3,1,-2,7200,6,7,11180,7572,-2,1500,10200,15200,-2,16404,-2,-2,-2,-5,-5,-5,-5,-5,-5,-5,-5,-5,-5,-5,-5,-5,-5,-5,-5
12368,12,4000,3,2,4000,8000,9,13,7682,1800,0,-2,32000,10000,7704,-2,-2,7340,9140,-5,-5,-5,-5,-5,-5,-5,-5,-5,-5,-5,-5,-5,-5,-5,-5
12369,9,4000,3,1,4000,8000,28,24,20602,-3,1500,4738,-3,48120,0,-2,-2,-2,-2,-5,-5,-5,-5,-5,-5,-5,-5,-5,-5,-5,-5,-5,-5,-5,-5
12370,12,-4,3,2,15000,10000,2,1,3188,-3,-2,-2,-2,15000,-2,20000,-2,30000,-2,-5,-5,-5,-5,-5,-5,-5,-5,-5,-5,-5,-5,-5,-5,-5,-5
12371,9,-4,3,1,1800,3690,-3,-3,5498,36,3660,4188,3939,-1,4538,-2,8856,4140,4632,-5,-5,-5,-5,-5,-5,-5,-5,-5,-5,-5,-5,-5,-5,-5,-5
12372,9,-4,3,1,-3,0,1,1,1281,36,3540,3828,4272,4716,3350,-2,8160,0,345,-5,-5,-5,-5,-5,-5,-5,-5,-5,-5,-5,-5,-5,-5,-5,-5
12373,12,-3,3,2,-3,-5,21,20,24289,-3,-5,6282,-2,2500,9676,10404,12050,33200,-3,-5,-5,-5,-5,-5,-5,-5,-5,-5,-5,-5,-5,-5,-5,-5,-5
12374,9,-1,3,1,-1,-5,-4,-4,-5,-5,12000,13700,17300,-2,14500,21000,19000,13000,19050,-5,-5,-5,-5,-5,-5,-5,-5,-5,-5,-5,-5,-5,-5,-5,-5
12375,9,-1,3,1,-1,-5,26,32,35385,-5,-5,17000,9695,12000,13000,13000,15000,12000,15000,-5,-5,-5,-5,-5,-5,-5,-5,-5,-5,-5,-5,-5,-5,-5,-5
12376,9,-3,3,1,-3,-3,27,28,36552,15000,1000,15000,45592,40000,40000,18000,36000,24000,15000,-5,-5,-5,-5,-5,-5,-5,-5,-5,-5,-5,-5,-5,-5,-5,-5
12377,9,-4,3,1,12200,12100,57,65,70223,6000,15000,-1,7020,-2,29000,36000,-2,37000,48200,-5,-5,-5,-5,-5,-5,-5,-5,-5,-5,-5,-5,-5,-5,-5,-5
12378,9,2500,3,1,2500,8000,25,21,17559,13000,8000,11000,30000,8000,15000,-2,18000,19000,19000,-5,-5,-5,-5,-5,-5,-5,-5,-5,-5,-5,-5,-5,-5,-5,-5
12379,12,-4,3,2,-3,11861,35,47,53719,30000,34000,-2,38000,46799,-2,-2,8000,-2,-2,-5,-5,-5,-5,-5,-5,-5,-5,-5,-5,-5,-5,-5,-5,-5,-5
12380,9,10000,3,1,10000,14960,63,72,79163,15000,-2,28000,21608,13000,23000,-2,-2,-2,36000,-5,-5,-5,-5,-5,-5,-5,-5,-5,-5,-5,-5,-5,-5,-5,-5
12381,12,-4,3,2,5160,5196,63,84,81026,6120,6768,8166,7000,5000,-2,19400,7844,16584,12640,-5,-5,-5,-5,-5,-5,-5,-5,-5,-5,-5,-5,-5,-5,-5,-5
12382,12,-1,3,2,-1,-3,37,25,23878,-5,-5,-5,-5,-5,-5,-5,-5,-5,-5,-5,-5,-5,-5,-5,-5,-5,-5,-5,-5,-5,-5,-5,-5,-5,-5
12383,12,-1,3,2,-1,-3,16,12,6307,22000,7000,-2,3000,8950,7000,6500,31972,40628,42340,-5,-5,-5,-5,-5,-5,-5,-5,-5,-5,-5,-5,-5,-5,-5,-5
12384,12,5000,3,2,5000,2270,6,10,13912,6115,-1,4900,19224,27000,10000,2364,5068,4656,5328,-5,-5,-5,-5,-5,-5,-5,-5,-5,-5,-5,-5,-5,-5,-5,-5
12385,9,-3,3,1,-3,30000,48,61,46380,11280,24000,59600,40000,-3,-2,24000,48000,52000,55100,-5,-5,-5,-5,-5,-5,-5,-5,-5,-5,-5,-5,-5,-5,-5,-5
12386,9,-2,3,1,-2,-5,25,25,27375,-3,400,7470,9000,12500,-5,-2,-2,-2,17635,-5,-5,-5,-5,-5,-5,-5,-5,-5,-5,-5,-5,-5,-5,-5,-5
12387,9,-2,3,1,-2,8868,6,6,16013,0,4000,0,0,-2,-2,0,-2,-2,-2,-5,-5,-5,-5,-5,-5,-5,-5,-5,-5,-5,-5,-5,-5,-5,-5
12388,12,-1,3,2,-1,-3,43,49,57902,-3,-2,-1,0,-2,-2,10220,-1,14030,19025,-5,-5,-5,-5,-5,-5,-5,-5,-5,-5,-5,-5,-5,-5,-5,-5
12389,12,21000,3,2,21000,-3,37,37,42867,-3,23360,19158,21750,22450,32032,-2,21360,24872,-3,-5,-5,-5,-5,-5,-5,-5,-5,-5,-5,-5,-5,-5,-5,-5,-5
12390,12,21000,3,2,21000,-3,43,48,49939,-3,-2,-2,-2,-2,-2,46745,17003,16000,14000,-5,-5,-5,-5,-5,-5,-5,-5,-5,-5,-5,-5,-5,-5,-5,-5
12391,12,4740,3,2,4740,17654,21,24,31213,21400,14000,23300,30300,-5,-5,-5,-5,-5,-5,-5,-5,-5,-5,-5,-5,-5,-5,-5,-5,-5,-5,-5,-5,-5,-5
12392,12,3144,3,2,3144,5516,6,6,13379,5724,5131,1541,6915,10703,7600,1868,6930,-2,-3,-5,-5,-5,-5,-5,-5,-5,-5,-5,-5,-5,-5,-5,-5,-5,-5
12393,12,44062,3,2,44062,35000,44,56,70186,30127,49000,8500,19554,31200,100001,52000,100001,47100,146942,-5,-5,-5,-5,-5,-5,-5,-5,-5,-5,-5,-5,-5,-5,-5,-5
12394,9,-4,3,1,9000,25000,26,27,23877,2700,18000,25496,-5,65000,4000,-2,22000,-2,4020,-5,-5,-5,-5,-5,-5,-5,-5,-5,-5,-5,-5,-5,-5,-5,-5
12395,12,-4,3,2,8550,25000,30,28,32035,16000,17000,17642,39292,42000,9000,6000,9000,12130,18824,-5,-5,-5,-5,-5,-5,-5,-5,-5,-5,-5,-5,-5,-5,-5,-5
12396,9,-2,3,1,-2,13000,86,71,69991,28000,40650,-2,-2,43400,28100,43300,59707,45500,44600,-5,-5,-5,-5,-5,-5,-5,-5,-5,-5,-5,-5,-5,-5,-5,-5
12397,9,-2,3,1,-2,14000,69,61,65150,-3,-2,20000,20100,24400,19300,22800,-2,19500,38000,-5,-5,-5,-5,-5,-5,-5,-5,-5,-5,-5,-5,-5,-5,-5,-5
12398,12,-2,3,2,-2,10000,79,77,77317,25000,24000,-2,32035,-2,30000,32500,35700,15500,15300,-5,-5,-5,-5,-5,-5,-5,-5,-5,-5,-5,-5,-5,-5,-5,-5
12399,9,8000,3,1,8000,5000,16,18,21364,-3,3000,-2,11000,-2,-2,-5,0,-2,15000,-5,-5,-5,-5,-5,-5,-5,-5,-5,-5,-5,-5,-5,-5,-5,-5
12400,9,8000,3,1,8000,8700,2,2,5379,9000,10100,800,-2,-2,4000,-2,-2,-5,0,-5,-5,-5,-5,-5,-5,-5,-5,-5,-5,-5,-5,-5,-5,-5,-5
12401,9,7500,3,1,7500,16000,3,2,2435,8000,7500,13240,17000,20000,11000,9000,11000,16000,14000,-5,-5,-5,-5,-5,-5,-5,-5,-5,-5,-5,-5,-5,-5,-5,-5
12402,12,7500,3,2,7500,16000,10,8,7310,10000,14000,-2,75001,4000,0,2200,5000,5576,7499,-5,-5,-5,-5,-5,-5,-5,-5,-5,-5,-5,-5,-5,-5,-5,-5
12403,9,5000,3,1,5000,-3,5,6,11927,-3,9000,15000,-2,20000,-2,20948,26785,15000,-2,-5,-5,-5,-5,-5,-5,-5,-5,-5,-5,-5,-5,-5,-5,-5,-5
12404,9,5000,3,1,5000,-3,1,1,9717,-3,9000,15000,23000,20000,12000,-2,5100,-2,7000,-5,-5,-5,-5,-5,-5,-5,-5,-5,-5,-5,-5,-5,-5,-5,-5
12405,9,-4,3,1,-3,15000,-4,-4,-4,12000,-5,10000,31000,34000,45000,53700,51700,49000,51500,-5,-5,-5,-5,-5,-5,-5,-5,-5,-5,-5,-5,-5,-5,-5,-5
12406,9,-4,3,1,-2,14000,43,50,57594,10300,35000,30000,10000,23000,25500,24000,49000,54336,47100,-5,-5,-5,-5,-5,-5,-5,-5,-5,-5,-5,-5,-5,-5,-5,-5
12407,9,16448,3,1,16448,15000,16,16,17396,5600,17900,20808,13700,8000,7500,6750,5000,15000,10000,-5,-5,-5,-5,-5,-5,-5,-5,-5,-5,-5,-5,-5,-5,-5,-5
12408,12,-4,3,2,13100,13000,63,50,48874,33000,14000,21000,29000,13000,-1,-1,-2,-1,-1,-5,-5,-5,-5,-5,-5,-5,-5,-5,-5,-5,-5,-5,-5,-5,-5
12409,12,8000,3,2,8000,10000,13,10,18526,-3,9840,14072,29800,11000,37270,22500,14000,16500,12600,-5,-5,-5,-5,-5,-5,-5,-5,-5,-5,-5,-5,-5,-5,-5,-5
12410,9,6000,3,1,6000,9250,28,42,37118,12016,-2,27608,35000,38000,38900,39600,34000,36000,43000,-5,-5,-5,-5,-5,-5,-5,-5,-5,-5,-5,-5,-5,-5,-5,-5
12411,9,21000,3,1,21000,20000,38,51,51868,5448,13276,18400,13540,12600,17600,26600,-1,16500,-5,-5,-5,-5,-5,-5,-5,-5,-5,-5,-5,-5,-5,-5,-5,-5,-5
12412,9,21000,3,1,21000,20000,17,29,24641,4912,1500,3000,10000,8000,12384,24000,-1,-2,-2,-5,-5,-5,-5,-5,-5,-5,-5,-5,-5,-5,-5,-5,-5,-5,-5
12413,9,21000,3,1,21000,20000,6,9,5414,-3,30000,20000,25000,25000,35000,-2,-2,15500,26000,-5,-5,-5,-5,-5,-5,-5,-5,-5,-5,-5,-5,-5,-5,-5,-5
12414,9,-2,3,1,-2,10000,42,35,30929,-3,12000,15000,15000,25000,100001,30100,50200,-2,56700,-5,-5,-5,-5,-5,-5,-5,-5,-5,-5,-5,-5,-5,-5,-5,-5
12415,9,28000,3,1,28000,30000,83,86,85333,-3,-2,30000,35000,14100,21100,57700,62000,29113,30100,-5,-5,-5,-5,-5,-5,-5,-5,-5,-5,-5,-5,-5,-5,-5,-5
12416,12,4500,3,2,4500,-3,10,17,17642,9000,-2,12000,11564,-2,-2,4500,-2,-2,6500,-5,-5,-5,-5,-5,-5,-5,-5,-5,-5,-5,-5,-5,-5,-5,-5
12417,12,-4,3,2,1961,2398,51,51,53167,11400,18000,27000,20800,10843,22400,17000,19600,11704,-3,-5,-5,-5,-5,-5,-5,-5,-5,-5,-5,-5,-5,-5,-5,-5,-5
12418,9,8290,3,1,8290,8780,43,58,66960,9500,9000,5100,6340,14545,19550,22000,21000,26420,35700,-5,-5,-5,-5,-5,-5,-5,-5,-5,-5,-5,-5,-5,-5,-5,-5
12419,12,-4,3,2,-3,11200,25,24,17261,23830,3700,28050,31200,41050,33125,-2,40650,39885,41500,-5,-5,-5,-5,-5,-5,-5,-5,-5,-5,-5,-5,-5,-5,-5,-5
12420,9,-4,3,1,11000,11200,32,35,30033,2596,29403,28129,31415,32810,35720,38800,39150,42385,48000,-5,-5,-5,-5,-5,-5,-5,-5,-5,-5,-5,-5,-5,-5,-5,-5
12421,12,7500,3,2,7500,12200,80,73,71668,15000,3750,16924,18500,31460,36300,29300,60075,46050,34200,-5,-5,-5,-5,-5,-5,-5,-5,-5,-5,-5,-5,-5,-5,-5,-5
12422,9,-3,3,1,-3,20000,10,15,14845,10000,-2,38550,10174,22575,20485,-2,22460,26000,26000,-5,-5,-5,-5,-5,-5,-5,-5,-5,-5,-5,-5,-5,-5,-5,-5
12423,9,-2,3,1,-2,10000,17,21,20527,-3,10500,1611,3932,3869,11400,-5,2750,4630,5800,-5,-5,-5,-5,-5,-5,-5,-5,-5,-5,-5,-5,-5,-5,-5,-5
12424,12,-2,3,2,-2,10000,22,27,46298,-5,-3,-2,-2,4050,10000,8700,13000,29752,-2,-5,-5,-5,-5,-5,-5,-5,-5,-5,-5,-5,-5,-5,-5,-5,-5
12425,9,-1,3,1,-1,-3,1,3,6520,-3,-2,-2,-2,-2,-5,-2,9000,-5,-5,-5,-5,-5,-5,-5,-5,-5,-5,-5,-5,-5,-5,-5,-5,-5,-5
12426,12,28000,3,2,28000,25000,72,73,68963,22000,26000,-5,-5,-5,-5,-5,-5,-5,-5,-5,-5,-5,-5,-5,-5,-5,-5,-5,-5,-5,-5,-5,-5,-5,-5
12427,9,6180,3,1,6180,5000,2,3,2579,7160,8124,14180,11782,13332,11980,14788,19522,35280,24424,-5,-5,-5,-5,-5,-5,-5,-5,-5,-5,-5,-5,-5,-5,-5,-5
12428,9,5890,3,1,5890,5000,40,34,44262,7160,8124,8808,10134,7800,7800,10000,20000,29000,30761,-5,-5,-5,-5,-5,-5,-5,-5,-5,-5,-5,-5,-5,-5,-5,-5
12429,12,18000,3,2,18000,-3,23,28,26765,5246,7465,5324,6382,12000,-2,16800,25000,33000,37000,-5,-5,-5,-5,-5,-5,-5,-5,-5,-5,-5,-5,-5,-5,-5,-5
12430,12,18000,3,2,18000,-3,16,11,14566,8000,18800,-3,14000,-2,40000,41000,-2,64000,54000,-5,-5,-5,-5,-5,-5,-5,-5,-5,-5,-5,-5,-5,-5,-5,-5
12431,12,8000,3,2,8000,-3,67,61,44137,9000,20000,28000,20000,10000,45500,28300,38100,38200,52000,-5,-5,-5,-5,-5,-5,-5,-5,-5,-5,-5,-5,-5,-5,-5,-5
12432,9,-3,3,1,-3,4200,14,11,12781,8500,-2,8992,8500,-5,-5,-5,24500,30500,30500,-5,-5,-5,-5,-5,-5,-5,-5,-5,-5,-5,-5,-5,-5,-5,-5
12433,9,-4,3,1,-2,3933,99,87,83498,-3,8612,11000,8025,8012,20150,22542,25100,25090,28600,-5,-5,-5,-5,-5,-5,-5,-5,-5,-5,-5,-5,-5,-5,-5,-5
12434,12,-4,3,2,12800,14500,-4,-4,-4,20550,12080,21623,15000,15050,3299,6500,18530,16375,15195,-5,-5,-5,-5,-5,-5,-5,-5,-5,-5,-5,-5,-5,-5,-5,-5
12435,9,10000,3,1,10000,15000,12,13,25511,15000,14000,3600,35000,60000,40000,-2,7000,14500,16000,-5,-5,-5,-5,-5,-5,-5,-5,-5,-5,-5,-5,-5,-5,-5,-5
12436,9,5008,3,1,5008,9800,26,22,31255,15700,24900,26500,35000,27000,25500,41500,-5,69000,78000,-5,-5,-5,-5,-5,-5,-5,-5,-5,-5,-5,-5,-5,-5,-5,-5
12437,9,-4,3,1,-3,8900,87,93,97020,21150,27550,25075,31000,32000,-5,-5,27300,38000,39000,-5,-5,-5,-5,-5,-5,-5,-5,-5,-5,-5,-5,-5,-5,-5,-5
12438,9,5700,3,1,5700,5000,26,24,36271,10000,10000,10009,10090,8500,17930,13000,24000,32000,37450,-5,-5,-5,-5,-5,-5,-5,-5,-5,-5,-5,-5,-5,-5,-5,-5
12439,12,5700,3,2,5700,19000,23,27,50576,7000,4000,6500,7100,5000,10100,20100,22100,30050,31190,-5,-5,-5,-5,-5,-5,-5,-5,-5,-5,-5,-5,-5,-5,-5,-5
12440,9,6000,3,1,6000,22000,45,56,61575,9000,6365,9643,7200,5000,17440,20000,30000,31560,45500,-5,-5,-5,-5,-5,-5,-5,-5,-5,-5,-5,-5,-5,-5,-5,-5
12441,9,6000,3,1,6000,22000,37,38,49932,9000,6612,3850,7200,16995,22550,28000,32520,40050,46000,-5,-5,-5,-5,-5,-5,-5,-5,-5,-5,-5,-5,-5,-5,-5,-5
12442,12,1356,3,2,1356,9000,59,53,42525,11000,19228,16150,20854,8980,23000,31000,40000,40100,40080,-5,-5,-5,-5,-5,-5,-5,-5,-5,-5,-5,-5,-5,-5,-5,-5
12443,9,8000,3,1,8000,10000,6,1,4066,10000,19400,13200,12404,17000,19000,17000,0,4500,25000,-5,-5,-5,-5,-5,-5,-5,-5,-5,-5,-5,-5,-5,-5,-5,-5
12444,12,6000,3,2,6000,8071,53,53,53790,18000,21000,-5,40000,25000,7545,14040,15020,15746,20250,-5,-5,-5,-5,-5,-5,-5,-5,-5,-5,-5,-5,-5,-5,-5,-5
12445,9,6000,3,1,6000,12000,7,8,13413,20400,-5,-5,-5,21000,22000,-5,29000,26000,37000,-5,-5,-5,-5,-5,-5,-5,-5,-5,-5,-5,-5,-5,-5,-5,-5
12446,12,35000,3,2,35000,2554,87,86,85106,16000,4298,18003,19325,16405,26030,33000,9730,13020,30200,-5,-5,-5,-5,-5,-5,-5,-5,-5,-5,-5,-5,-5,-5,-5,-5
12447,12,9000,3,2,9000,-3,52,42,38912,10000,-2,19388,19394,20592,19000,13294,19803,22660,19067,-5,-5,-5,-5,-5,-5,-5,-5,-5,-5,-5,-5,-5,-5,-5,-5
12448,9,9000,3,1,9000,-3,27,30,40908,10000,302,3200,9000,13000,8000,-2,2220,160,5000,-5,-5,-5,-5,-5,-5,-5,-5,-5,-5,-5,-5,-5,-5,-5,-5
12449,12,-4,3,2,-2,-5,-4,-4,-5,-5,-2,0,-5,-2,-5,-2,10000,0,-5,-5,-5,-5,-5,-5,-5,-5,-5,-5,-5,-5,-5,-5,-5,-5,-5
12450,9,9000,3,1,9000,-5,-4,-4,-5,-5,-5,-2,-5,-2,-5,-2,-2,-2,-5,-5,-5,-5,-5,-5,-5,-5,-5,-5,-5,-5,-5,-5,-5,-5,-5
12451,9,18000,3,1,18000,22000,50,44,33259,27000,30000,14300,25000,-2,24750,37510,36000,39050,39500,-5,-5,-5,-5,-5,-5,-5,-5,-5,-5,-5,-5,-5,-5,-5,-5
12452,9,6000,3,1,6000,5000,52,38,44048,-3,12401,6400,3420,16000,20700,34000,35000,44000,43000,-5,-5,-5,-5,-5,-5,-5,-5,-5,-5,-5,-5,-5,-5,-5,-5
12453,12,-4,3,2,2600,3000,73,80,65715,4700,3500,6500,27500,22000,16520,14150,17000,25000,40000,-5,-5,-5,-5,-5,-5,-5,-5,-5,-5,-5,-5,-5,-5,-5,-5
12454,12,7500,3,2,7500,-3,23,21,31690,-3,-2,-1,-5,-5,18000,27300,28600,-5,39000,-5,-5,-5,-5,-5,-5,-5,-5,-5,-5,-5,-5,-5,-5,-5,-5
12455,9,8755,3,1,8755,7932,2,4,3860,11000,-2,8712,-2,7000,-2,200,0,0,-2,-5,-5,-5,-5,-5,-5,-5,-5,-5,-5,-5,-5,-5,-5,-5,-5
12456,14,-4,1,2,-2,9210,45,36,41960,8575,11289,14200,16500,16800,7400,21355,19600,32640,35100,-2,41300,33100,28500,39500,-5,-5,-5,-5,-5,-5,-5,-5,-5,-5,-5
12457,12,5184,3,2,5184,5170,1,1,1921,10428,8000,15068,-2,20722,-2,4602,0,18000,972,-5,-5,-5,-5,-5,-5,-5,-5,-5,-5,-5,-5,-5,-5,-5,-5
12458,9,5184,3,1,5184,5170,2,2,2392,2454,8000,12000,1000,7668,9228,-2,1250,45200,9360,-5,-5,-5,-5,-5,-5,-5,-5,-5,-5,-5,-5,-5,-5,-5,-5
12459,12,9600,3,2,9600,-3,57,47,38077,-3,-2,-1,-5,-5,-5,22000,10000,-5,-3,-5,-5,-5,-5,-5,-5,-5,-5,-5,-5,-5,-5,-5,-5,-5,-5
12460,12,-3,3,2,-3,-3,28,29,44193,-3,0,1000,3000,20000,2440,3000,-2,-2,-2,-5,-5,-5,-5,-5,-5,-5,-5,-5,-5,-5,-5,-5,-5,-5,-5
12461,9,4354,3,1,4354,-5,-4,-4,-5,-5,-5,16800,-5,9000,10000,32000,-5,-2,31500,-5,-5,-5,-5,-5,-5,-5,-5,-5,-5,-5,-5,-5,-5,-5,-5
12462,12,4354,3,2,4354,5624,31,34,37473,2840,3500,3600,11940,18300,15200,21200,23700,27700,31000,-5,-5,-5,-5,-5,-5,-5,-5,-5,-5,-5,-5,-5,-5,-5,-5
12463,9,15000,3,1,15000,16000,62,67,66443,16000,28000,-5,50000,-5,-5,-5,-5,-5,-5,-5,-5,-5,-5,-5,-5,-5,-5,-5,-5,-5,-5,-5,-5,-5,-5
12464,12,10000,3,2,10000,10000,39,51,45979,9080,39380,-2,-5,-5,-5,-5,-5,31650,-1,-5,-5,-5,-5,-5,-5,-5,-5,-5,-5,-5,-5,-5,-5,-5,-5
12465,9,5280,3,1,5280,10000,10,7,4870,9080,16000,-2,-5,-5,-5,-5,-5,-3,-2,-5,-5,-5,-5,-5,-5,-5,-5,-5,-5,-5,-5,-5,-5,-5,-5
12466,12,10000,3,2,10000,10000,23,22,19888,20000,39380,-2,-5,-5,-5,-5,-5,-5,-5,-5,-5,-5,-5,-5,-5,-5,-5,-5,-5,-5,-5,-5,-5,-5,-5
12467,9,2208,3,1,2208,10000,16,18,25634,10000,-2,-2,-2,-2,-5,-5,-5,-2,20000,-5,-5,-5,-5,-5,-5,-5,-5,-5,-5,-5,-5,-5,-5,-5,-5
12468,12,3000,3,2,3000,17500,49,51,57078,-3,20405,22510,21760,29925,52550,48060,52040,34900,40100,-5,-5,-5,-5,-5,-5,-5,-5,-5,-5,-5,-5,-5,-5,-5,-5
12469,9,-4,3,1,3429,12462,-4,-4,-4,3800,-2,-5,-5,-5,30500,-5,-5,60000,69000,-5,-5,-5,-5,-5,-5,-5,-5,-5,-5,-5,-5,-5,-5,-5,-5
12470,12,-3,3,2,-3,-5,-4,-4,-5,-5,-5,14000,12000,13344,-5,-5,31200,19800,10327,-5,-5,-5,-5,-5,-5,-5,-5,-5,-5,-5,-5,-5,-5,-5,-5
12471,9,4500,3,1,4500,-3,-4,-4,-4,-3,-2,9000,14112,6500,20000,-5,-5,-5,-5,-5,-5,-5,-5,-5,-5,-5,-5,-5,-5,-5,-5,-5,-5,-5,-5
12472,12,12000,3,2,12000,15000,32,42,52060,19000,16000,20000,20662,13800,12756,18000,19800,35000,36370,-5,-5,-5,-5,-5,-5,-5,-5,-5,-5,-5,-5,-5,-5,-5,-5
12473,9,-3,3,1,-3,7000,25,15,17998,6000,35000,-2,35000,-2,-2,94000,92500,-2,-2,-5,-5,-5,-5,-5,-5,-5,-5,-5,-5,-5,-5,-5,-5,-5,-5
12474,12,8600,3,2,8600,7000,21,21,30126,-3,35000,-2,35000,-2,-2,91000,78800,62200,63040,-5,-5,-5,-5,-5,-5,-5,-5,-5,-5,-5,-5,-5,-5,-5,-5
12475,12,-4,3,2,978,4836,49,35,36640,4452,6252,5760,-1,22532,7976,7692,13400,14600,33836,-5,-5,-5,-5,-5,-5,-5,-5,-5,-5,-5,-5,-5,-5,-5,-5
12476,12,7200,3,2,7200,8500,54,58,66656,23047,27779,-2,29030,-2,30200,-2,45150,50500,53100,-5,-5,-5,-5,-5,-5,-5,-5,-5,-5,-5,-5,-5,-5,-5,-5
12477,9,25000,3,1,25000,20000,90,84,86997,29000,35800,37000,38015,41000,42000,43000,47200,48000,52100,-5,-5,-5,-5,-5,-5,-5,-5,-5,-5,-5,-5,-5,-5,-5,-5
12478,12,10000,3,2,10000,20000,65,65,75036,12537,18580,14245,20260,26525,30020,27242,41500,41000,43000,-5,-5,-5,-5,-5,-5,-5,-5,-5,-5,-5,-5,-5,-5,-5,-5
12479,12,-1,3,2,-1,-3,48,54,71749,-3,-1,-2,-2,3000,17190,25959,10925,32729,31600,-5,-5,-5,-5,-5,-5,-5,-5,-5,-5,-5,-5,-5,-5,-5,-5
12480,12,-4,3,2,-2,-3,67,51,47957,15012,21100,21100,23050,24020,30100,32100,28100,-5,-2,-5,-5,-5,-5,-5,-5,-5,-5,-5,-5,-5,-5,-5,-5,-5,-5
12481,12,6000,3,2,6000,6714,45,58,44052,7952,8400,8632,775,5954,6381,4660,7554,7636,-3,-5,-5,-5,-5,-5,-5,-5,-5,-5,-5,-5,-5,-5,-5,-5,-5
12482,9,6200,3,1,6200,13000,28,36,54302,17700,400,8972,13450,38000,15500,-2,11040,10500,-2,-5,-5,-5,-5,-5,-5,-5,-5,-5,-5,-5,-5,-5,-5,-5,-5
12483,12,-4,3,2,2236,17622,31,40,26976,8200,6108,1580,6432,41000,15000,7372,14600,25872,31400,-5,-5,-5,-5,-5,-5,-5,-5,-5,-5,-5,-5,-5,-5,-5,-5
12484,9,3300,3,1,3300,12520,35,34,37458,-3,11800,5000,9004,4500,8700,15900,24600,17500,10508,-5,-5,-5,-5,-5,-5,-5,-5,-5,-5,-5,-5,-5,-5,-5,-5
12485,9,8000,3,1,8000,-3,2,1,3498,-3,2530,52200,34500,8000,11480,18126,18000,23000,-2,-5,-5,-5,-5,-5,-5,-5,-5,-5,-5,-5,-5,-5,-5,-5,-5
12486,12,-2,3,2,-2,18000,60,63,70232,16000,-2,6731,8300,10502,23200,34900,37100,26000,23000,-5,-5,-5,-5,-5,-5,-5,-5,-5,-5,-5,-5,-5,-5,-5,-5
12487,9,-2,3,1,-2,18000,77,80,86974,17000,17000,23000,30000,30000,36000,50600,31000,29000,37000,-5,-5,-5,-5,-5,-5,-5,-5,-5,-5,-5,-5,-5,-5,-5,-5
12488,9,13000,3,1,13000,-5,33,29,21897,-3,-2,34000,33000,12000,12000,15000,17000,20000,27050,-5,-5,-5,-5,-5,-5,-5,-5,-5,-5,-5,-5,-5,-5,-5,-5
12489,9,13000,3,1,13000,-5,86,80,76471,30000,-2,32500,37050,38000,37000,-2,45500,45500,-2,-5,-5,-5,-5,-5,-5,-5,-5,-5,-5,-5,-5,-5,-5,-5,-5
12490,12,-1,3,2,-1,-5,24,16,20522,-3,-2,33000,35000,11000,12000,15000,17000,22020,27050,-5,-5,-5,-5,-5,-5,-5,-5,-5,-5,-5,-5,-5,-5,-5,-5
12491,9,8014,3,1,8014,9600,12,16,13054,13200,39000,21000,-2,6000,21000,23000,17000,26200,35850,-5,-5,-5,-5,-5,-5,-5,-5,-5,-5,-5,-5,-5,-5,-5,-5
12492,12,8014,3,2,8014,7000,10,8,10135,13200,-2,-2,11200,9000,21000,3192,15864,6384,36744,-5,-5,-5,-5,-5,-5,-5,-5,-5,-5,-5,-5,-5,-5,-5,-5
12493,9,8014,3,1,8014,8000,2,1,273,13200,20000,21000,38306,10000,13000,-2,37000,-2,-5,-5,-5,-5,-5,-5,-5,-5,-5,-5,-5,-5,-5,-5,-5,-5,-5
12494,12,7200,3,2,7200,5244,71,75,76571,2801,3196,24000,8012,8722,8540,6170,-5,-3,-5,-5,-5,-5,-5,-5,-5,-5,-5,-5,-5,-5,-5,-5,-5,-5,-5
12495,12,8000,3,2,8000,-5,19,16,21116,-5,-5,1800,6000,16166,1534,2406,12952,9268,6000,-5,-5,-5,-5,-5,-5,-5,-5,-5,-5,-5,-5,-5,-5,-5,-5
12496,9,8000,3,1,8000,-5,16,15,14116,-5,-5,44384,40236,-2,1534,1311,31000,1000,7012,-5,-5,-5,-5,-5,-5,-5,-5,-5,-5,-5,-5,-5,-5,-5,-5
12497,12,-1,3,2,-1,20000,-4,-4,-4,-3,19000,19000,19000,-2,600,0,2976,-2,-2,-5,-5,-5,-5,-5,-5,-5,-5,-5,-5,-5,-5,-5,-5,-5,-5
12498,12,7000,3,2,7000,14000,57,58,65393,35700,30000,31300,20000,40000,30000,-2,11100,-2,16500,-5,-5,-5,-5,-5,-5,-5,-5,-5,-5,-5,-5,-5,-5,-5,-5
12499,12,25500,3,2,25500,20000,10,5,3151,8000,-2,2646,2150,4004,3168,-2,-2,-2,5635,-5,-5,-5,-5,-5,-5,-5,-5,-5,-5,-5,-5,-5,-5,-5,-5
12500,9,-4,3,1,-3,12800,69,57,55563,-3,15000,14000,17700,31000,37000,15350,27240,19600,40320,-5,-5,-5,-5,-5,-5,-5,-5,-5,-5,-5,-5,-5,-5,-5,-5
12501,12,-4,3,2,-2,-3,43,54,63065,-3,9600,-2,16310,16800,15860,13013,14800,14500,15415,-5,-5,-5,-5,-5,-5,-5,-5,-5,-5,-5,-5,-5,-5,-5,-5
12502,12,20000,3,2,20000,-3,15,17,11728,21000,25800,12470,-2,4200,-2,12000,24834,19347,40200,-5,-5,-5,-5,-5,-5,-5,-5,-5,-5,-5,-5,-5,-5,-5,-5
12503,12,-4,3,2,-3,14000,8,8,5788,5388,6099,10210,-2,-2,-5,10560,6162,-2,9230,-5,-5,-5,-5,-5,-5,-5,-5,-5,-5,-5,-5,-5,-5,-5,-5
12504,12,-2,3,2,-2,-3,3,6,14021,21000,10000,57000,-2,-5,-2,13100,-5,12408,22192,-5,-5,-5,-5,-5,-5,-5,-5,-5,-5,-5,-5,-5,-5,-5,-5
12505,12,-4,3,2,-3,-5,87,77,70254,-3,-2,-2,-2,-5,-5,13300,-2,17300,-2,-5,-5,-5,-5,-5,-5,-5,-5,-5,-5,-5,-5,-5,-5,-5,-5
12506,12,-2,3,2,-2,-3,27,38,39732,-3,-2,26800,36000,-2,-2,-2,26000,37100,53362,-5,-5,-5,-5,-5,-5,-5,-5,-5,-5,-5,-5,-5,-5,-5,-5
12507,12,-2,3,2,-2,35000,13,12,13135,18293,5000,7420,10058,-2,10300,13000,11696,17500,17680,-5,-5,-5,-5,-5,-5,-5,-5,-5,-5,-5,-5,-5,-5,-5,-5
12508,9,3500,3,1,3500,15000,26,27,32674,20000,21000,20000,22000,8000,14000,-5,15000,13500,15860,-5,-5,-5,-5,-5,-5,-5,-5,-5,-5,-5,-5,-5,-5,-5,-5
12509,12,-2,3,2,-2,11012,25,23,24604,16000,-5,22285,24200,14000,23350,27900,37000,45000,21830,-5,-5,-5,-5,-5,-5,-5,-5,-5,-5,-5,-5,-5,-5,-5,-5
12510,9,1000,3,1,1000,15000,2,3,6202,-3,-2,3000,-2,20000,1800,18500,-2,6690,18140,-5,-5,-5,-5,-5,-5,-5,-5,-5,-5,-5,-5,-5,-5,-5,-5
12511,12,-4,3,2,5000,11360,21,29,23290,10500,11000,11460,15000,23500,23000,10600,24400,10400,8600,-5,-5,-5,-5,-5,-5,-5,-5,-5,-5,-5,-5,-5,-5,-5,-5
12512,12,-4,3,2,-3,15000,30,32,31566,9200,15662,12882,18500,-2,33236,18118,20000,-5,-5,-5,-5,-5,-5,-5,-5,-5,-5,-5,-5,-5,-5,-5,-5,-5,-5
12513,12,-2,3,2,-2,-3,42,34,29750,-3,15000,15000,23500,25000,25000,5000,31000,33500,33000,-5,-5,-5,-5,-5,-5,-5,-5,-5,-5,-5,-5,-5,-5,-5,-5
12514,13,6000,2,2,6000,10306,5,8,4230,-3,11000,-2,-2,-2,-2,-2,-2,-2,-2,0,-2,-5,-5,-5,-2,0,0,-1,-5,-5,-5,-5,-5,-5,-5
12515,13,6000,2,2,6000,10306,1,1,1726,-3,11000,-2,-2,-2,-2,-2,-2,-2,16400,28300,5400,-2,-2,-5,-2,43000,-1,-5,-5,-2,-2,-2,58000,36000,35000
12516,13,6000,2,2,6000,10306,3,6,4292,-3,11000,-2,-2,-2,-2,-2,-2,-2,-2,-5,-5,-2,0,-5,0,14000,6300,-5,-5,-5,-5,-5,-5,-5,-5
12517,10,6000,2,1,6000,10306,5,8,12648,-3,11000,-2,-2,-2,-2,-2,7500,11500,15000,10000,23140,19560,17900,15632,27000,23000,25000,26000,70000,85000,90000,90000,68000,90000,100000
12518,13,6000,2,2,6000,10306,5,8,14130,-3,2093,-2,-2,-2,-2,-2,-2,21148,12800,36000,-2,33000,-5,-5,-1,-5,-5,-5,-5,-5,-5,-5,-5,-5,5000
12519,12,10000,3,2,10000,13937,76,69,64797,14000,-2,-2,6850,12720,13921,16950,17445,20300,51303,-5,-5,-5,-5,-5,-5,-5,-5,-5,-5,-5,-5,-5,-5,-5,-5
12520,9,10000,3,1,10000,13937,42,37,50989,-3,-2,13000,15000,-2,-2,-2,-2,-2,-2,-5,-5,-5,-5,-5,-5,-5,-5,-5,-5,-5,-5,-5,-5,-5,-5
12521,9,-2,3,1,-2,4000,93,93,86627,-3,-2,0,22002,29200,-2,-5,39000,43800,57000,-5,-5,-5,-5,-5,-5,-5,-5,-5,-5,-5,-5,-5,-5,-5,-5
12522,9,-2,3,1,-2,10800,51,51,56856,1680,15000,15818,8754,11600,10647,-5,-5,-5,-5,-5,-5,-5,-5,-5,-5,-5,-5,-5,-5,-5,-5,-5,-5,-5,-5
12523,12,-2,3,2,-2,10800,28,27,50365,1680,1100,-1,-1,-2,11000,-2,8736,8736,8000,-5,-5,-5,-5,-5,-5,-5,-5,-5,-5,-5,-5,-5,-5,-5,-5
12524,9,15000,3,1,15000,-3,5,5,6240,-3,-2,-5,-5,-5,-5,-5,-5,-5,-5,-5,-5,-5,-5,-5,-5,-5,-5,-5,-5,-5,-5,-5,-5,-5,-5
12525,9,15000,3,1,15000,-3,12,15,7086,-3,3854,-2,25000,35000,35000,39500,19520,22100,50000,-5,-5,-5,-5,-5,-5,-5,-5,-5,-5,-5,-5,-5,-5,-5,-5
12526,9,-2,3,1,-2,800,21,24,32046,12000,700,-2,20000,-1,12000,-2,12000,21000,-2,-5,-5,-5,-5,-5,-5,-5,-5,-5,-5,-5,-5,-5,-5,-5,-5
12527,12,-4,3,2,2600,25000,86,81,84253,5038,8776,9981,15309,18795,21718,24000,26525,71200,48500,-5,-5,-5,-5,-5,-5,-5,-5,-5,-5,-5,-5,-5,-5,-5,-5
12528,9,-4,3,1,820,-3,20,21,29297,-3,-2,10500,6226,-3,18000,-5,32640,34100,22600,-5,-5,-5,-5,-5,-5,-5,-5,-5,-5,-5,-5,-5,-5,-5,-5
12529,12,-4,3,2,0,-3,8,10,16780,-3,-3,-2,30000,14351,20560,17700,484,11284,9088,-5,-5,-5,-5,-5,-5,-5,-5,-5,-5,-5,-5,-5,-5,-5,-5
12530,12,8050,3,2,8050,6000,91,79,76231,13056,14739,25000,28736,9205,15993,18850,-2,19300,23461,-5,-5,-5,-5,-5,-5,-5,-5,-5,-5,-5,-5,-5,-5,-5,-5
12531,9,8050,3,1,8050,6000,21,32,27494,-3,11500,25000,4500,6468,4500,-2,-2,200,3780,-5,-5,-5,-5,-5,-5,-5,-5,-5,-5,-5,-5,-5,-5,-5,-5
12532,12,-2,3,2,-2,23300,4,7,4803,21000,-2,-2,22500,24124,22611,6200,-2,56000,-2,-5,-5,-5,-5,-5,-5,-5,-5,-5,-5,-5,-5,-5,-5,-5,-5
12533,9,25000,3,1,25000,60000,46,54,69856,34000,40000,45000,-2,21000,13000,-5,-2,3000,19945,-5,-5,-5,-5,-5,-5,-5,-5,-5,-5,-5,-5,-5,-5,-5,-5
12534,9,25000,3,1,25000,-3,-4,-4,-4,14863,25056,29360,24000,26000,28200,34150,34100,41300,38441,-5,-5,-5,-5,-5,-5,-5,-5,-5,-5,-5,-5,-5,-5,-5,-5
12535,9,2300,3,1,2300,30000,87,92,96986,30000,32000,42000,2740,2843,4360,9000,-2,21300,53866,-5,-5,-5,-5,-5,-5,-5,-5,-5,-5,-5,-5,-5,-5,-5,-5
12536,12,-4,3,2,4257,4432,69,61,49319,36150,75001,26920,65838,94400,36800,79900,82200,59799,146942,-5,-5,-5,-5,-5,-5,-5,-5,-5,-5,-5,-5,-5,-5,-5,-5
12537,9,1000,3,1,1000,-5,-4,-4,-5,-5,-5,-5,-5,8385,3600,1664,3936,-5,21242,-5,-5,-5,-5,-5,-5,-5,-5,-5,-5,-5,-5,-5,-5,-5,-5
12538,9,9451,3,1,9451,12400,42,46,50543,18000,-2,-2,9756,30896,80000,47100,54000,4900,6000,-5,-5,-5,-5,-5,-5,-5,-5,-5,-5,-5,-5,-5,-5,-5,-5
12539,12,9451,3,2,9451,8500,1,1,4034,26000,-2,-2,12340,-2,8928,-2,-2,6908,7536,-5,-5,-5,-5,-5,-5,-5,-5,-5,-5,-5,-5,-5,-5,-5,-5
12540,12,5120,3,2,5120,11225,23,19,28091,18696,24000,27000,1000,2836,6750,-2,2600,7106,7000,-5,-5,-5,-5,-5,-5,-5,-5,-5,-5,-5,-5,-5,-5,-5,-5
12541,9,5120,3,1,5120,11225,7,12,14416,42000,20104,24000,-2,34000,-2,6428,14000,29500,-2,-5,-5,-5,-5,-5,-5,-5,-5,-5,-5,-5,-5,-5,-5,-5,-5
12542,12,6000,3,2,6000,-5,18,21,27848,14000,12000,14000,14196,31120,26700,25400,-2,32400,47400,-5,-5,-5,-5,-5,-5,-5,-5,-5,-5,-5,-5,-5,-5,-5,-5
12543,9,6000,3,1,6000,11819,19,16,18643,-5,12000,14000,30000,-2,4000,3947,-2,8082,9000,-5,-5,-5,-5,-5,-5,-5,-5,-5,-5,-5,-5,-5,-5,-5,-5
12544,12,-4,3,2,-2,11819,7,12,7882,14000,16380,13018,16500,10200,9600,32600,22200,19200,18000,-5,-5,-5,-5,-5,-5,-5,-5,-5,-5,-5,-5,-5,-5,-5,-5
12545,9,-2,3,1,-2,45000,42,42,42968,66000,75001,31300,34359,41430,37400,50500,38500,47000,44914,-5,-5,-5,-5,-5,-5,-5,-5,-5,-5,-5,-5,-5,-5,-5,-5
12546,9,3000,3,1,3000,-3,29,35,41883,6000,20000,15000,-2,18000,27000,-2,-2,-2,-5,-5,-5,-5,-5,-5,-5,-5,-5,-5,-5,-5,-5,-5,-5,-5,-5
12547,12,3000,3,2,3000,-3,63,58,65757,6000,20000,15000,-2,-5,-5,-5,-5,-5,-5,-5,-5,-5,-5,-5,-5,-5,-5,-5,-5,-5,-5,-5,-5,-5,-5
12548,9,3000,3,1,3000,-3,5,5,4318,6000,2000,6385,14295,16000,24196,23080,24200,25020,23000,-5,-5,-5,-5,-5,-5,-5,-5,-5,-5,-5,-5,-5,-5,-5,-5
12549,12,-4,3,2,-2,7900,4,5,4218,997,2675,-3,0,1080,1078,12600,0,0,5000,-5,-5,-5,-5,-5,-5,-5,-5,-5,-5,-5,-5,-5,-5,-5,-5
12550,9,13800,3,1,13800,7900,14,14,12276,8000,13400,13414,75001,10000,23500,23010,-5,-5,-5,-5,-5,-5,-5,-5,-5,-5,-5,-5,-5,-5,-5,-5,-5,-5,-5
12551,9,8000,3,1,8000,15000,64,66,65973,3200,8600,4526,6381,7398,5332,-5,18200,18000,21030,-5,-5,-5,-5,-5,-5,-5,-5,-5,-5,-5,-5,-5,-5,-5,-5
12552,9,-1,3,1,-1,-3,23,26,24952,-3,-5,-5,-5,-5,-5,-5,-5,-5,-5,-5,-5,-5,-5,-5,-5,-5,-5,-5,-5,-5,-5,-5,-5,-5,-5
12553,12,-1,3,2,-1,-3,16,15,20448,-3,-2,-5,-5,-5,-5,-5,-5,-5,-5,-5,-5,-5,-5,-5,-5,-5,-5,-5,-5,-5,-5,-5,-5,-5,-5
12554,12,-1,3,2,-1,-3,35,28,28304,15559,21000,24043,21000,25685,29200,-2,28060,29700,32000,-5,-5,-5,-5,-5,-5,-5,-5,-5,-5,-5,-5,-5,-5,-5,-5
12555,12,5000,3,2,5000,-3,45,43,51590,8000,3500,6500,6000,19650,19500,26000,27000,27000,29000,-5,-5,-5,-5,-5,-5,-5,-5,-5,-5,-5,-5,-5,-5,-5,-5
12556,12,-4,3,2,-2,5700,32,35,25924,4065,9664,18000,4020,3000,22510,18400,8300,17100,20180,-5,-5,-5,-5,-5,-5,-5,-5,-5,-5,-5,-5,-5,-5,-5,-5
12557,9,5000,3,1,5000,-3,24,25,33036,8000,-2,18000,22000,10000,16000,25000,9000,10000,10400,-5,-5,-5,-5,-5,-5,-5,-5,-5,-5,-5,-5,-5,-5,-5,-5
12558,13,3360,2,2,3360,6500,1,1,949,-3,9868,2228,-2,3394,7300,825,-2,-2,5604,6300,1456,6636,3972,6768,2768,1600,12000,3739,21500,4920,2400,15234,9000,8892,9366
12559,9,-1,3,1,-1,16000,42,35,26762,14500,31508,5322,20500,27500,42260,32000,50000,28000,42600,-5,-5,-5,-5,-5,-5,-5,-5,-5,-5,-5,-5,-5,-5,-5,-5
12560,18,-2,3,2,-2,-5,-4,-4,-4,18000,18000,17308,14500,-5,-5,-5,-5,-5,-5,-5,-5,-5,-5,-5,-5,-5,-5,-5,-5,-5,-5,-5,-5,-5,-5
12561,15,-4,3,1,6200,7300,-4,-4,-5,-5,15000,23017,23075,-5,-5,-5,-5,-5,-5,-5,-5,-5,-5,-5,-5,-5,-5,-5,-5,-5,-5,-5,-5,-5,-5
12562,15,-4,3,1,8000,9200,72,75,70792,38000,-2,5600,16000,-5,-5,-5,-5,-5,-5,-5,-5,-5,-5,-5,-5,-5,-5,-5,-5,-5,-5,-5,-5,-5,-5
12563,15,-4,3,1,10500,36000,-4,-4,-4,18020,33100,25520,-2,-5,-5,-5,-5,-5,-5,-5,-5,-5,-5,-5,-5,-5,-5,-5,-5,-5,-5,-5,-5,-5,-5
12564,18,-4,3,2,1000,4084,89,87,82663,4650,6503,457,10200,-5,-5,-5,-5,-5,-5,-5,-5,-5,-5,-5,-5,-5,-5,-5,-5,-5,-5,-5,-5,-5,-5
12565,15,-4,3,1,8672,17333,75,80,70044,22700,8448,32600,12500,-5,-5,-5,-5,-5,-5,-5,-5,-5,-5,-5,-5,-5,-5,-5,-5,-5,-5,-5,-5,-5,-5
12566,19,-4,2,2,4800,-3,59,61,60434,-3,15000,65143,-2,8208,11240,18000,24500,50800,66500,64864,69000,75000,31000,62200,36200,38000,38000,60000,70560,70140,65000,56000,20000,38400,40400
12567,18,-4,3,2,12300,13000,79,66,56952,9187,10200,14800,-2,-5,-5,-5,-5,-5,-5,-5,-5,-5,-5,-5,-5,-5,-5,-5,-5,-5,-5,-5,-5,-5,-5
12568,18,-4,3,2,5880,7700,59,54,40450,7600,-2,14000,28525,-5,-5,-5,-5,-5,-5,-5,-5,-5,-5,-5,-5,-5,-5,-5,-5,-5,-5,-5,-5,-5,-5
12569,18,-4,3,2,7000,16000,76,64,62093,20000,-2,19490,23000,-5,-5,-5,-5,-5,-5,-5,-5,-5,-5,-5,-5,-5,-5,-5,-5,-5,-5,-5,-5,-5,-5
12570,19,-4,2,2,8700,11000,19,17,10596,14000,-5,29000,31300,-5,-5,-5,-5,-5,-5,-5,-5,-5,-5,-5,-5,-5,-5,-5,-5,-5,-5,-5,-5,-5,-5
12571,18,-4,3,2,13000,6200,65,56,56022,8771,32300,21392,11375,-5,-5,-5,-5,-5,-5,-5,-5,-5,-5,-5,-5,-5,-5,-5,-5,-5,-5,-5,-5,-5,-5
12572,18,-4,3,2,-2,16000,70,54,50802,-3,25000,8791,13561,-5,-5,-5,-5,-5,-5,-5,-5,-5,-5,-5,-5,-5,-5,-5,-5,-5,-5,-5,-5,-5,-5
12573,15,-4,3,1,5560,13626,98,95,90163,14635,22715,12303,6424,-5,-5,-5,-5,-5,-5,-5,-5,-5,-5,-5,-5,-5,-5,-5,-5,-5,-5,-5,-5,-5,-5
12574,19,-4,2,2,7048,14796,7,7,8187,19800,-2,-3,-2,-5,-5,-5,-5,-5,-5,-5,-5,-5,-5,-5,-5,-5,-5,-5,-5,-5,-5,-5,-5,-5,-5
12575,18,-4,3,2,4800,12500,54,42,43725,14300,-1,20482,14699,-5,-5,-5,-5,-5,-5,-5,-5,-5,-5,-5,-5,-5,-5,-5,-5,-5,-5,-5,-5,-5,-5
12576,16,-4,2,1,6600,6000,30,32,28733,7500,7000,8974,10800,-5,-5,-5,-5,-5,-5,-5,-5,-5,-5,-5,-5,-5,-5,-5,-5,-5,-5,-5,-5,-5,-5
12577,18,-4,3,2,-2,-3,47,53,52150,53248,37840,50000,39970,-5,-5,-5,-5,-5,-5,-5,-5,-5,-5,-5,-5,-5,-5,-5,-5,-5,-5,-5,-5,-5,-5
12578,15,-3,3,1,-3,65000,68,68,56299,10000,25000,33000,31999,-5,-5,-5,-5,-5,-5,-5,-5,-5,-5,-5,-5,-5,-5,-5,-5,-5,-5,-5,-5,-5,-5
12579,15,-4,3,1,13930,5678,63,57,54037,28878,-1,10203,14600,-5,-5,-5,-5,-5,-5,-5,-5,-5,-5,-5,-5,-5,-5,-5,-5,-5,-5,-5,-5,-5,-5
12580,15,-4,3,1,3600,-5,-4,-4,-5,-5,33000,35000,4500,-5,-5,-5,-5,-5,-5,-5,-5,-5,-5,-5,-5,-5,-5,-5,-5,-5,-5,-5,-5,-5,-5
12581,15,-4,3,1,5400,6000,25,23,18188,3500,13708,7568,-5,-5,-5,-5,-5,-5,-5,-5,-5,-5,-5,-5,-5,-5,-5,-5,-5,-5,-5,-5,-5,-5,-5
12582,15,-4,3,1,5062,6200,82,71,73368,-3,35000,26000,-2,-5,-5,-5,-5,-5,-5,-5,-5,-5,-5,-5,-5,-5,-5,-5,-5,-5,-5,-5,-5,-5,-5
12583,18,-4,3,2,7270,10560,71,65,72531,-3,9455,11446,17118,-5,-5,-5,-5,-5,-5,-5,-5,-5,-5,-5,-5,-5,-5,-5,-5,-5,-5,-5,-5,-5,-5
12584,18,-4,3,2,5860,11791,74,68,55701,21000,0,0,10779,-5,-5,-5,-5,-5,-5,-5,-5,-5,-5,-5,-5,-5,-5,-5,-5,-5,-5,-5,-5,-5,-5
12585,15,-4,3,1,5500,6220,69,73,71491,30000,35000,39085,-5,-5,-5,-5,-5,-5,-5,-5,-5,-5,-5,-5,-5,-5,-5,-5,-5,-5,-5,-5,-5,-5,-5
12586,15,-4,3,1,6000,6000,69,58,47371,7000,-2,9900,12000,-5,-5,-5,-5,-5,-5,-5,-5,-5,-5,-5,-5,-5,-5,-5,-5,-5,-5,-5,-5,-5,-5
12587,17,-4,1,1,5564,30000,36,35,26585,29000,23000,27364,27780,-5,-5,-5,-5,-5,-5,-5,-5,-5,-5,-5,-5,-5,-5,-5,-5,-5,-5,-5,-5,-5,-5
12588,19,-4,2,2,2544,-3,12,15,14961,-3,6500,-2,10000,15770,-2,14000,-2,14016,-2,-2,17000,27000,30000,34000,36000,32000,30000,-1,-2,12000,13000,21000,20000,22000,-3
12589,16,-4,2,1,5800,7551,46,40,33874,9483,5000,17084,2290,-2,33000,22200,34025,29910,36800,40930,46284,56500,28609,31000,44500,47500,46000,45000,55000,70835,101000,69530,-2,86900,83480
12590,15,-4,3,1,-2,-3,43,58,49805,-3,-5,35050,40040,-5,-5,-5,-5,-5,-5,-5,-5,-5,-5,-5,-5,-5,-5,-5,-5,-5,-5,-5,-5,-5,-5
12591,19,-4,2,2,-2,15000,42,42,44834,15000,22000,25973,-2,-5,-5,-5,-5,-5,-5,-5,-5,-5,-5,-5,-5,-5,-5,-5,-5,-5,-5,-5,-5,-5,-5
12592,16,-4,2,1,-2,17000,21,20,20147,13000,24000,22072,9882,-5,-5,-5,-5,-5,-5,-5,-5,-5,-5,-5,-5,-5,-5,-5,-5,-5,-5,-5,-5,-5,-5
12593,18,-4,3,2,1891,12300,31,35,26815,9780,11400,11754,14116,-5,-5,-5,-5,-5,-5,-5,-5,-5,-5,-5,-5,-5,-5,-5,-5,-5,-5,-5,-5,-5,-5
12594,16,-4,2,1,6000,6560,13,15,13995,-3,-1,-2,50000,70000,65000,70000,57056,65000,-2,-2,-2,-2,10000,-2,14000,-2,-2,34000,28000,12944,14000,-2,-2,0,10000
12595,15,-4,3,1,6305,6720,63,63,57217,37000,41045,60000,3420,-5,-5,-5,-5,-5,-5,-5,-5,-5,-5,-5,-5,-5,-5,-5,-5,-5,-5,-5,-5,-5,-5
12596,15,-4,3,1,6000,6000,23,30,23170,10000,17100,26000,27500,-5,-5,-5,-5,-5,-5,-5,-5,-5,-5,-5,-5,-5,-5,-5,-5,-5,-5,-5,-5,-5,-5
12597,19,-4,2,2,2000,-5,-4,-4,-4,9000,-2,-2,-2,-5,-5,-5,-5,-5,-5,-5,-5,-5,-5,-5,-5,-5,-5,-5,-5,-5,-5,-5,-5,-5,-5
12598,18,-4,3,2,5200,8453,83,85,83554,17392,17216,17486,46050,-5,-5,-5,-5,-5,-5,-5,-5,-5,-5,-5,-5,-5,-5,-5,-5,-5,-5,-5,-5,-5,-5
12599,15,-4,3,1,6000,-5,-4,-4,-4,7600,18100,20522,23000,-5,-5,-5,-5,-5,-5,-5,-5,-5,-5,-5,-5,-5,-5,-5,-5,-5,-5,-5,-5,-5,-5
12600,15,-4,3,1,5400,5000,68,72,67011,7609,-2,37000,29279,-5,-5,-5,-5,-5,-5,-5,-5,-5,-5,-5,-5,-5,-5,-5,-5,-5,-5,-5,-5,-5,-5
12601,18,-4,3,2,-3,-5,-4,-4,-4,13000,-5,-5,15000,-5,-5,-5,-5,-5,-5,-5,-5,-5,-5,-5,-5,-5,-5,-5,-5,-5,-5,-5,-5,-5,-5
12602,15,-4,3,1,6775,6200,86,82,68418,15000,17500,27000,27082,-5,-5,-5,-5,-5,-5,-5,-5,-5,-5,-5,-5,-5,-5,-5,-5,-5,-5,-5,-5,-5,-5
12603,15,-4,3,1,7000,9200,-4,-4,-4,-3,17440,-2,16982,-5,-5,-5,-5,-5,-5,-5,-5,-5,-5,-5,-5,-5,-5,-5,-5,-5,-5,-5,-5,-5,-5
12604,15,-4,3,1,37400,7360,50,42,29307,8272,14510,8000,11500,-5,-5,-5,-5,-5,-5,-5,-5,-5,-5,-5,-5,-5,-5,-5,-5,-5,-5,-5,-5,-5,-5
12605,15,-4,3,1,5000,6164,74,86,84524,15000,34550,27640,-2,-5,-5,-5,-5,-5,-5,-5,-5,-5,-5,-5,-5,-5,-5,-5,-5,-5,-5,-5,-5,-5,-5
12606,15,-4,3,1,5040,6650,81,80,73093,7230,19000,20000,20403,-5,-5,-5,-5,-5,-5,-5,-5,-5,-5,-5,-5,-5,-5,-5,-5,-5,-5,-5,-5,-5,-5
12607,18,-4,3,2,2000,17400,71,56,49572,16000,23000,10300,21992,-5,-5,-5,-5,-5,-5,-5,-5,-5,-5,-5,-5,-5,-5,-5,-5,-5,-5,-5,-5,-5,-5
12608,18,-4,3,2,6200,7600,79,66,68350,12478,7956,16300,29253,-5,-5,-5,-5,-5,-5,-5,-5,-5,-5,-5,-5,-5,-5,-5,-5,-5,-5,-5,-5,-5,-5
12609,15,-4,3,1,7000,8980,19,21,23520,75001,75001,56200,28040,-5,-5,-5,-5,-5,-5,-5,-5,-5,-5,-5,-5,-5,-5,-5,-5,-5,-5,-5,-5,-5,-5
12610,15,-4,3,1,16800,12512,94,88,90841,-5,-5,27742,-5,-5,-5,-5,-5,-5,-5,-5,-5,-5,-5,-5,-5,-5,-5,-5,-5,-5,-5,-5,-5,-5,-5
12611,18,-4,3,2,14443,20102,94,92,86945,27493,25900,31746,13700,-5,-5,-5,-5,-5,-5,-5,-5,-5,-5,-5,-5,-5,-5,-5,-5,-5,-5,-5,-5,-5,-5
12612,15,-4,3,1,9480,5160,57,48,62094,-3,-5,-2,12000,-5,-5,-5,-5,-5,-5,-5,-5,-5,-5,-5,-5,-5,-5,-5,-5,-5,-5,-5,-5,-5,-5
12613,19,-4,2,2,2788,5937,32,30,19662,-3,5000,20000,14400,-5,-5,-5,-5,-5,-5,-5,-5,-5,-5,-5,-5,-5,-5,-5,-5,-5,-5,-5,-5,-5,-5
12614,15,-4,3,1,5800,11000,2,5,3872,16346,-2,-2,9756,-5,-5,-5,-5,-5,-5,-5,-5,-5,-5,-5,-5,-5,-5,-5,-5,-5,-5,-5,-5,-5,-5
12615,15,-4,3,1,5350,6500,26,21,14145,11000,12500,13050,14000,-5,-5,-5,-5,-5,-5,-5,-5,-5,-5,-5,-5,-5,-5,-5,-5,-5,-5,-5,-5,-5,-5
12616,18,-4,3,2,10601,11005,70,65,73391,13664,11170,5409,-2,-5,-5,-5,-5,-5,-5,-5,-5,-5,-5,-5,-5,-5,-5,-5,-5,-5,-5,-5,-5,-5,-5
12617,18,-4,3,2,10026,13000,91,95,92765,-3,25300,32210,36100,-5,-5,-5,-5,-5,-5,-5,-5,-5,-5,-5,-5,-5,-5,-5,-5,-5,-5,-5,-5,-5,-5
12618,15,-4,3,1,6000,6500,57,57,49389,30000,40000,30000,15076,-5,-5,-5,-5,-5,-5,-5,-5,-5,-5,-5,-5,-5,-5,-5,-5,-5,-5,-5,-5,-5,-5
12619,18,-4,3,2,6000,-3,51,43,39081,16320,21698,15144,-2,-5,-5,-5,-5,-5,-5,-5,-5,-5,-5,-5,-5,-5,-5,-5,-5,-5,-5,-5,-5,-5,-5
12620,15,-4,3,1,8000,-3,32,27,23242,35000,34000,-2,-2,-5,-5,-5,-5,-5,-5,-5,-5,-5,-5,-5,-5,-5,-5,-5,-5,-5,-5,-5,-5,-5,-5
12621,15,-4,3,1,9000,5000,30,27,28029,5000,5000,6800,12030,-5,-5,-5,-5,-5,-5,-5,-5,-5,-5,-5,-5,-5,-5,-5,-5,-5,-5,-5,-5,-5,-5
12622,18,-4,3,2,7000,17489,56,57,39521,18432,18170,20993,30437,-5,-5,-5,-5,-5,-5,-5,-5,-5,-5,-5,-5,-5,-5,-5,-5,-5,-5,-5,-5,-5,-5
12623,18,-4,3,2,-2,14000,49,52,42586,25000,19000,-2,36800,-5,-5,-5,-5,-5,-5,-5,-5,-5,-5,-5,-5,-5,-5,-5,-5,-5,-5,-5,-5,-5,-5
12624,18,-4,3,2,1148,20000,94,96,92683,7500,24000,21582,7500,-5,-5,-5,-5,-5,-5,-5,-5,-5,-5,-5,-5,-5,-5,-5,-5,-5,-5,-5,-5,-5,-5
12625,18,-4,3,2,9380,15015,89,79,70220,13398,14514,-2,9961,-5,-5,-5,-5,-5,-5,-5,-5,-5,-5,-5,-5,-5,-5,-5,-5,-5,-5,-5,-5,-5,-5
12626,15,-4,3,1,5300,6507,80,84,83194,8520,8922,7157,10000,-5,-5,-5,-5,-5,-5,-5,-5,-5,-5,-5,-5,-5,-5,-5,-5,-5,-5,-5,-5,-5,-5
12627,18,-4,3,2,-2,11052,59,53,52648,15030,15905,15800,11586,-5,-5,-5,-5,-5,-5,-5,-5,-5,-5,-5,-5,-5,-5,-5,-5,-5,-5,-5,-5,-5,-5
12628,18,-4,3,2,-3,21025,89,84,80445,21708,19150,24126,26207,-5,-5,-5,-5,-5,-5,-5,-5,-5,-5,-5,-5,-5,-5,-5,-5,-5,-5,-5,-5,-5,-5
12629,18,-4,3,2,16500,-3,58,57,42572,17899,18294,11026,15000,-5,-5,-5,-5,-5,-5,-5,-5,-5,-5,-5,-5,-5,-5,-5,-5,-5,-5,-5,-5,-5,-5
12630,15,-4,3,1,5500,-5,29,21,27984,7000,5000,6740,8092,-5,-5,-5,-5,-5,-5,-5,-5,-5,-5,-5,-5,-5,-5,-5,-5,-5,-5,-5,-5,-5,-5
12631,18,-4,3,2,7800,20140,58,49,35885,18263,37626,38218,34439,-5,-5,-5,-5,-5,-5,-5,-5,-5,-5,-5,-5,-5,-5,-5,-5,-5,-5,-5,-5,-5,-5
12632,20,-4,1,2,-2,15000,24,23,22464,21000,30080,-2,37404,-5,-5,-5,-5,-5,-5,-5,-5,-5,-5,-5,-5,-5,-5,-5,-5,-5,-5,-5,-5,-5,-5
12633,18,-4,3,2,3300,5868,51,53,62043,9000,-2,33019,37816,-5,-5,-5,-5,-5,-5,-5,-5,-5,-5,-5,-5,-5,-5,-5,-5,-5,-5,-5,-5,-5,-5
12634,15,-4,3,1,5400,9260,79,56,47812,10200,9656,7732,15500,-5,-5,-5,-5,-5,-5,-5,-5,-5,-5,-5,-5,-5,-5,-5,-5,-5,-5,-5,-5,-5,-5
12635,15,-4,3,1,-3,28209,84,73,73639,49349,-5,60000,75001,-5,-5,-5,-5,-5,-5,-5,-5,-5,-5,-5,-5,-5,-5,-5,-5,-5,-5,-5,-5,-5,-5
12636,15,-4,3,1,5850,8500,57,55,56613,8300,40000,22070,47660,-5,-5,-5,-5,-5,-5,-5,-5,-5,-5,-5,-5,-5,-5,-5,-5,-5,-5,-5,-5,-5,-5
12637,15,-4,3,1,4500,6800,28,23,25367,-5,-5,11500,-2,-5,-5,-5,-5,-5,-5,-5,-5,-5,-5,-5,-5,-5,-5,-5,-5,-5,-5,-5,-5,-5,-5
12638,18,-4,3,2,5500,7050,-4,-4,-4,10500,9500,11000,13000,-5,-5,-5,-5,-5,-5,-5,-5,-5,-5,-5,-5,-5,-5,-5,-5,-5,-5,-5,-5,-5,-5
12639,15,-4,3,1,6000,12600,23,23,17107,18200,25000,13500,14000,-5,-5,-5,-5,-5,-5,-5,-5,-5,-5,-5,-5,-5,-5,-5,-5,-5,-5,-5,-5,-5,-5
12640,18,-4,3,2,6000,6840,89,87,82988,-3,6500,5326,4658,-5,-5,-5,-5,-5,-5,-5,-5,-5,-5,-5,-5,-5,-5,-5,-5,-5,-5,-5,-5,-5,-5
12641,16,-4,2,1,5000,7184,22,25,20595,4000,-2,-2,4100,-5,-5,-5,-5,-5,-5,-5,-5,-5,-5,-5,-5,-5,-5,-5,-5,-5,-5,-5,-5,-5,-5
12642,16,-4,2,1,1890,6312,-4,-4,-4,7200,8000,10000,-1,-2,-2,46000,-2,-2,-2,72000,-2,-2,-2,-2,21100,-5,34000,-2,20000,22115,-5,-5,-5,-5,-3
12643,16,-4,2,1,7000,4928,71,57,53075,26000,15000,15214,12000,50000,55000,39000,42000,66700,85000,62000,74000,93000,68000,90150,89300,-2,-2,22636,20000,23800,15050,5400,2016,6112,24795
12644,16,-4,2,1,5600,-5,-4,-4,-5,-5,8900,13000,13628,-5,-5,-5,-5,-5,-5,-5,-5,-5,-5,-5,-5,-5,-5,-5,-5,-5,-5,-5,-5,-5,-5
12645,18,-4,3,2,-2,16020,91,87,83564,20660,24070,30040,-2,-5,-5,-5,-5,-5,-5,-5,-5,-5,-5,-5,-5,-5,-5,-5,-5,-5,-5,-5,-5,-5,-5
12646,15,-4,3,1,12300,17100,66,64,59002,19000,26800,19000,36012,-5,-5,-5,-5,-5,-5,-5,-5,-5,-5,-5,-5,-5,-5,-5,-5,-5,-5,-5,-5,-5,-5
12647,16,-4,2,1,6005,15000,72,68,64632,-3,-2,7463,51559,-5,-5,-5,-5,-5,-5,-5,-5,-5,-5,-5,-5,-5,-5,-5,-5,-5,-5,-5,-5,-5,-5
12648,16,-4,2,1,3000,-3,62,66,64364,11000,12005,33500,23005,9400,12000,15000,13000,13400,-3,18500,33000,38400,43000,10600,20000,43600,44000,49000,53000,65000,70000,72000,80000,80000,80000
12649,15,-4,3,1,-2,8000,35,40,32175,50000,1988,9240,11260,-5,-5,-5,-5,-5,-5,-5,-5,-5,-5,-5,-5,-5,-5,-5,-5,-5,-5,-5,-5,-5,-5
12650,15,-4,3,1,7300,-3,40,45,36615,20000,7000,-2,-2,-5,-5,-5,-5,-5,-5,-5,-5,-5,-5,-5,-5,-5,-5,-5,-5,-5,-5,-5,-5,-5,-5
12651,15,-4,3,1,-2,-3,43,41,45894,-3,-5,-2,-5,-5,-5,-5,-5,-5,-5,-5,-5,-5,-5,-5,-5,-5,-5,-5,-5,-5,-5,-5,-5,-5,-5
12652,17,-4,1,1,5000,5200,21,26,25284,6000,-2,24640,33000,37000,32781,42000,43840,-2,-2,89944,79000,-2,-2,124000,146000,40964,80000,-1,7500,20000,-5,-5,-5,-5,-5
12653,15,-4,3,1,5000,5300,23,18,12024,11686,17440,17000,16000,-5,-5,-5,-5,-5,-5,-5,-5,-5,-5,-5,-5,-5,-5,-5,-5,-5,-5,-5,-5,-5,-5
12654,15,-4,3,1,6400,7400,94,96,95553,9050,13000,-2,6900,-5,-5,-5,-5,-5,-5,-5,-5,-5,-5,-5,-5,-5,-5,-5,-5,-5,-5,-5,-5,-5,-5
12655,15,-4,3,1,10600,1300,27,27,25469,8189,9700,19400,22000,-5,-5,-5,-5,-5,-5,-5,-5,-5,-5,-5,-5,-5,-5,-5,-5,-5,-5,-5,-5,-5,-5
12656,15,-4,3,1,5000,5000,49,50,40409,10572,14152,-2,9920,-5,-5,-5,-5,-5,-5,-5,-5,-5,-5,-5,-5,-5,-5,-5,-5,-5,-5,-5,-5,-5,-5
12657,15,-2,3,1,-2,9995,-4,-4,-5,-5,-5,-5,-5,-5,-5,-5,-5,-5,-5,-5,-5,-5,-5,-5,-5,-5,-5,-5,-5,-5,-5,-5,-5,-5,-5
12658,15,-4,3,1,5509,6109,82,90,87814,7767,48504,5782,44704,-5,-5,-5,-5,-5,-5,-5,-5,-5,-5,-5,-5,-5,-5,-5,-5,-5,-5,-5,-5,-5,-5
12659,16,-4,2,1,6191,5500,19,26,25388,22273,31166,24553,27100,100001,38396,40923,17200,21000,-2,24885,25000,12350,24000,27500,23500,30900,46600,72475,61800,55000,55565,41500,57500,81500,75720
12660,15,-4,3,1,6500,8468,70,72,74842,10435,43900,24991,-2,-5,-5,-5,-5,-5,-5,-5,-5,-5,-5,-5,-5,-5,-5,-5,-5,-5,-5,-5,-5,-5,-5
12661,19,-4,2,2,6600,5000,38,29,19858,-3,-2,-2,27000,-5,-5,-5,-5,-5,-5,-5,-5,-5,-5,-5,-5,-5,-5,-5,-5,-5,-5,-5,-5,-5,-5
12662,18,-4,3,2,4815,10902,48,40,33449,7319,40000,-5,-5,-5,-5,-5,-5,-5,-5,-5,-5,-5,-5,-5,-5,-5,-5,-5,-5,-5,-5,-5,-5,-5,-5
12663,15,-4,3,1,11605,-5,-4,-4,-5,-5,-5,-5,13000,-3,-5,23000,18000,30050,40000,45000,-5,45005,46500,47000,55500,73200,68000,81000,88000,97000,107000,99000,93000,92000,-3
12664,18,-4,3,2,11300,12000,77,62,57773,22000,9004,9801,10000,-5,-5,-5,-5,-5,-5,-5,-5,-5,-5,-5,-5,-5,-5,-5,-5,-5,-5,-5,-5,-5,-5
12665,19,-4,2,2,6768,6700,15,18,12742,8100,9000,-2,21000,-5,-5,-5,-5,-5,-5,-5,-5,-5,-5,-5,-5,-5,-5,-5,-5,-5,-5,-5,-5,-5,-5
12666,18,-4,3,2,5010,14506,94,94,92367,15015,19340,17440,14856,-5,-5,-5,-5,-5,-5,-5,-5,-5,-5,-5,-5,-5,-5,-5,-5,-5,-5,-5,-5,-5,-5
12667,20,-4,1,2,4500,12000,25,26,26955,12000,17582,14319,12652,17554,21300,27000,8684,800,1590,9369,15600,16000,45000,47000,60000,67000,72000,90000,102800,30000,24227,19328,15788,16094,23247
12668,15,-4,3,1,1900,4500,83,80,77717,5500,6700,15400,17684,-5,-5,-5,-5,-5,-5,-5,-5,-5,-5,-5,-5,-5,-5,-5,-5,-5,-5,-5,-5,-5,-5
12669,15,-4,3,1,4800,46000,66,48,44808,-5,-5,70000,17350,-5,-5,-5,-5,-5,-5,-5,-5,-5,-5,-5,-5,-5,-5,-5,-5,-5,-5,-5,-5,-5,-5
12670,19,-4,2,2,4730,7000,48,37,28614,9746,20444,-2,-2,-5,-5,-5,-5,-5,-5,-5,-5,-5,-5,-5,-5,-5,-5,-5,-5,-5,-5,-5,-5,-5,-5
12671,19,-4,2,2,11750,6700,39,32,24765,7000,9000,10850,13000,-5,-5,-5,-5,-5,-5,-5,-5,-5,-5,-5,-5,-5,-5,-5,-5,-5,-5,-5,-5,-5,-5
12672,18,-4,3,2,3500,8000,64,63,52941,-3,13705,26305,27500,-5,-5,-5,-5,-5,-5,-5,-5,-5,-5,-5,-5,-5,-5,-5,-5,-5,-5,-5,-5,-5,-5
12673,18,-4,3,2,3050,9500,80,80,79450,11420,8625,13550,9815,-5,-5,-5,-5,-5,-5,-5,-5,-5,-5,-5,-5,-5,-5,-5,-5,-5,-5,-5,-5,-5,-5
12674,19,-4,2,2,1600,1000,14,9,6786,7300,10704,10148,11063,-5,-5,-5,-5,-5,-5,-5,-5,-5,-5,-5,-5,-5,-5,-5,-5,-5,-5,-5,-5,-5,-5
12675,18,-4,3,2,6800,8000,67,50,50324,8618,2000,2987,0,-5,-5,-5,-5,-5,-5,-5,-5,-5,-5,-5,-5,-5,-5,-5,-5,-5,-5,-5,-5,-5,-5
12676,18,-4,3,2,5000,6000,63,54,50709,12300,-2,-2,15004,-5,-5,-5,-5,-5,-5,-5,-5,-5,-5,-5,-5,-5,-5,-5,-5,-5,-5,-5,-5,-5,-5
12677,15,-4,3,1,4020,6600,63,46,48930,-3,15000,21096,21800,-5,-5,-5,-5,-5,-5,-5,-5,-5,-5,-5,-5,-5,-5,-5,-5,-5,-5,-5,-5,-5,-5
12678,15,-4,3,1,18800,10592,16,24,24497,12625,-3,14323,12413,-5,-5,-5,-5,-5,-5,-5,-5,-5,-5,-5,-5,-5,-5,-5,-5,-5,-5,-5,-5,-5,-5
12679,16,-4,2,1,7000,7600,21,19,12893,6100,10000,-2,11000,20000,-2,25600,15700,16900,16000,17000,7156,-3,-3,-2,-2,-2,23500,15774,-2,27000,20000,25000,6000,7200,-3
12680,15,-4,3,1,4600,5914,60,43,42510,-3,9020,9000,13000,-5,-5,-5,-5,-5,-5,-5,-5,-5,-5,-5,-5,-5,-5,-5,-5,-5,-5,-5,-5,-5,-5
12681,16,-4,2,1,10800,47762,68,66,75617,50000,45000,44800,62500,-5,-5,-5,-5,-5,-5,-5,-5,-5,-5,-5,-5,-5,-5,-5,-5,-5,-5,-5,-5,-5,-5
12682,15,-4,3,1,5528,5213,35,35,33381,2446,5007,5411,4857,-5,-5,-5,-5,-5,-5,-5,-5,-5,-5,-5,-5,-5,-5,-5,-5,-5,-5,-5,-5,-5,-5
12683,15,-3,3,1,-3,5600,77,66,58940,12750,18500,10600,15539,-5,-5,-5,-5,-5,-5,-5,-5,-5,-5,-5,-5,-5,-5,-5,-5,-5,-5,-5,-5,-5,-5
12684,15,-4,3,1,6200,-3,69,75,72951,7750,14865,9595,10825,-5,-5,-5,-5,-5,-5,-5,-5,-5,-5,-5,-5,-5,-5,-5,-5,-5,-5,-5,-5,-5,-5
12685,16,-4,2,1,6000,-3,27,33,30596,16200,21250,20847,30000,-5,-5,-5,-5,-5,-5,-5,-5,-5,-5,-5,-5,-5,-5,-5,-5,-5,-5,-5,-5,-5,-5
12686,1,-4,3,1,15250,-3,72,67,66360,31005,31800,35060,42100,42500,25000,41000,45000,48400,47300,49700,52600,55050,-5,-5,-5,-5,-5,-5,-5,-5,-5,-5,-5,-5,-5